0.00000000 1.00000000 0.00000000 0.00000000 0.00000000 0.00000000 0.00000000 0.00000000 
1.00000000 0.99971316 0.00027280 0.00000108 0.00000124 0.00000159 0.00000666 0.00000348 
2.00000000 0.99885356 0.00109030 0.00000433 0.00000495 0.00000638 0.00002660 0.00001388 
3.00000000 0.99742381 0.00244989 0.00000987 0.00001114 0.00001438 0.00005973 0.00003117 
4.00000000 0.99542805 0.00434745 0.00001782 0.00001985 0.00002564 0.00010593 0.00005526 
5.00000000 0.99287203 0.00677724 0.00002842 0.00003110 0.00004020 0.00016500 0.00008602 
6.00000000 0.98976300 0.00973203 0.00004193 0.00004492 0.00005813 0.00023668 0.00012331 
7.00000000 0.98610973 0.01320307 0.00005866 0.00006137 0.00007952 0.00032071 0.00016694 
8.00000000 0.98192241 0.01718020 0.00007900 0.00008051 0.00010444 0.00041672 0.00021671 
9.00000000 0.97721268 0.02165183 0.00010337 0.00010238 0.00013302 0.00052434 0.00027239 
10.00000000 0.97199350 0.02660502 0.00013223 0.00012707 0.00016536 0.00064313 0.00033370 
11.00000000 0.96627915 0.03202556 0.00016608 0.00015465 0.00020158 0.00077261 0.00040036 
12.00000000 0.96008513 0.03789804 0.00020546 0.00018519 0.00024182 0.00091229 0.00047207 
13.00000000 0.95342810 0.04420586 0.00025093 0.00021879 0.00028622 0.00106160 0.00054849 
14.00000000 0.94632581 0.05093139 0.00030308 0.00025554 0.00033492 0.00121997 0.00062929 
15.00000000 0.93879705 0.05805599 0.00036251 0.00029552 0.00038806 0.00138678 0.00071409 
16.00000000 0.93086150 0.06556010 0.00042984 0.00033884 0.00044580 0.00156140 0.00080253 
17.00000000 0.92253972 0.07342334 0.00050569 0.00038558 0.00050828 0.00174317 0.00089423 
18.00000000 0.91385306 0.08162460 0.00059066 0.00043585 0.00057565 0.00193140 0.00098879 
19.00000000 0.90482350 0.09014211 0.00068538 0.00048974 0.00064805 0.00212540 0.00108582 
20.00000000 0.89547367 0.09895352 0.00079044 0.00054734 0.00072563 0.00232447 0.00118492 
21.00000000 0.88582668 0.10803605 0.00090643 0.00060875 0.00080852 0.00252788 0.00128569 
22.00000000 0.87590606 0.11736647 0.00103389 0.00067406 0.00089685 0.00273492 0.00138775 
23.00000000 0.86573570 0.12692132 0.00117336 0.00074333 0.00099073 0.00294487 0.00149069 
24.00000000 0.85533970 0.13667688 0.00132533 0.00081666 0.00109028 0.00315699 0.00159415 
25.00000000 0.84474236 0.14660933 0.00149027 0.00089411 0.00119559 0.00337059 0.00169774 
26.00000000 0.83396804 0.15669481 0.00166858 0.00097574 0.00130675 0.00358497 0.00180112 
27.00000000 0.82304110 0.16690950 0.00186064 0.00106159 0.00142383 0.00379942 0.00190392 
28.00000000 0.81198584 0.17722968 0.00206677 0.00115171 0.00154690 0.00401327 0.00200583 
29.00000000 0.80082636 0.18763186 0.00228725 0.00124613 0.00167599 0.00422588 0.00210652 
30.00000000 0.78958658 0.19809280 0.00252229 0.00134485 0.00181114 0.00443661 0.00220572 
31.00000000 0.77829009 0.20858959 0.00277207 0.00144789 0.00195236 0.00464486 0.00230314 
32.00000000 0.76696013 0.21909975 0.00303668 0.00155522 0.00209966 0.00485004 0.00239853 
33.00000000 0.75561948 0.22960123 0.00331618 0.00166682 0.00225300 0.00505161 0.00249167 
34.00000000 0.74429049 0.24007253 0.00361057 0.00178265 0.00241236 0.00524905 0.00258235 
35.00000000 0.73299490 0.25049270 0.00391978 0.00190265 0.00257770 0.00544188 0.00267039 
36.00000000 0.72175392 0.26084142 0.00424370 0.00202673 0.00274893 0.00562965 0.00275564 
37.00000000 0.71058807 0.27109904 0.00458217 0.00215482 0.00292598 0.00581196 0.00283797 
38.00000000 0.69951722 0.28124659 0.00493494 0.00228679 0.00310876 0.00598842 0.00291727 
39.00000000 0.68856051 0.29126588 0.00530176 0.00242253 0.00329715 0.00615871 0.00299347 
40.00000000 0.67773634 0.30113944 0.00568229 0.00256189 0.00349101 0.00632253 0.00306651 
41.00000000 0.66706229 0.31085064 0.00607615 0.00270470 0.00369022 0.00647964 0.00313635 
42.00000000 0.65655519 0.32038363 0.00648295 0.00285080 0.00389460 0.00662982 0.00320301 
43.00000000 0.64623098 0.32972342 0.00690221 0.00299999 0.00410400 0.00677291 0.00326649 
44.00000000 0.63610480 0.33885585 0.00733345 0.00315208 0.00431824 0.00690876 0.00332683 
45.00000000 0.62619090 0.34776763 0.00777613 0.00330683 0.00453710 0.00703729 0.00338411 
46.00000000 0.61650268 0.35644634 0.00822971 0.00346401 0.00476041 0.00715846 0.00343839 
47.00000000 0.60705266 0.36488042 0.00869358 0.00362339 0.00498793 0.00727224 0.00348979 
48.00000000 0.59785248 0.37305916 0.00916714 0.00378470 0.00521944 0.00737866 0.00353842 
49.00000000 0.58891289 0.38097273 0.00964977 0.00394769 0.00545472 0.00747779 0.00358442 
50.00000000 0.58024378 0.38861217 0.01014081 0.00411207 0.00569352 0.00756971 0.00362794 
51.00000000 0.57185417 0.39596935 0.01063960 0.00427758 0.00593558 0.00765456 0.00366916 
52.00000000 0.56375222 0.40303696 0.01114549 0.00444391 0.00618067 0.00773250 0.00370825 
53.00000000 0.55594523 0.40980855 0.01165779 0.00461080 0.00642852 0.00780372 0.00374539 
54.00000000 0.54843969 0.41627845 0.01217583 0.00477794 0.00667886 0.00786844 0.00378080 
55.00000000 0.54124125 0.42244178 0.01269893 0.00494505 0.00693142 0.00792690 0.00381467 
56.00000000 0.53435478 0.42829443 0.01322643 0.00511184 0.00718594 0.00797937 0.00384721 
57.00000000 0.52778434 0.43383304 0.01375766 0.00527803 0.00744213 0.00802614 0.00387866 
58.00000000 0.52153327 0.43905497 0.01429196 0.00544333 0.00769973 0.00806752 0.00390922 
59.00000000 0.51560414 0.44395827 0.01482870 0.00560747 0.00795845 0.00810385 0.00393912 
60.00000000 0.50999883 0.44854169 0.01536724 0.00577019 0.00821801 0.00813546 0.00396858 
61.00000000 0.50471852 0.45280461 0.01590697 0.00593123 0.00847814 0.00816271 0.00399783 
62.00000000 0.49976372 0.45674704 0.01644729 0.00609035 0.00873856 0.00818596 0.00402708 
63.00000000 0.49513434 0.46036959 0.01698763 0.00624731 0.00899898 0.00820561 0.00405655 
64.00000000 0.49082963 0.46367343 0.01752743 0.00640191 0.00925914 0.00822202 0.00408644 
65.00000000 0.48684829 0.46666029 0.01806615 0.00655393 0.00951877 0.00823559 0.00411697 
66.00000000 0.48318848 0.46933241 0.01860329 0.00670320 0.00977758 0.00824672 0.00414832 
67.00000000 0.47984779 0.47169250 0.01913836 0.00684954 0.01003532 0.00825579 0.00418070 
68.00000000 0.47682336 0.47374376 0.01967088 0.00699281 0.01029172 0.00826319 0.00421428 
69.00000000 0.47411182 0.47548980 0.02020043 0.00713288 0.01054652 0.00826932 0.00424923 
70.00000000 0.47170939 0.47693466 0.02072657 0.00726963 0.01079947 0.00827457 0.00428572 
71.00000000 0.46961184 0.47808274 0.02124893 0.00740297 0.01105032 0.00827930 0.00432389 
72.00000000 0.46781460 0.47893881 0.02176713 0.00753284 0.01129882 0.00828391 0.00436389 
73.00000000 0.46631269 0.47950797 0.02228082 0.00765919 0.01154475 0.00828874 0.00440585 
74.00000000 0.46510082 0.47979561 0.02278968 0.00778198 0.01178787 0.00829416 0.00444988 
75.00000000 0.46417339 0.47980742 0.02329342 0.00790121 0.01202795 0.00830051 0.00449610 
76.00000000 0.46352452 0.47954933 0.02379176 0.00801689 0.01226478 0.00830813 0.00454459 
77.00000000 0.46314806 0.47902752 0.02428444 0.00812906 0.01249816 0.00831733 0.00459544 
78.00000000 0.46303762 0.47824837 0.02477123 0.00823776 0.01272788 0.00832842 0.00464872 
79.00000000 0.46318660 0.47721845 0.02525192 0.00834306 0.01295376 0.00834171 0.00470449 
80.00000000 0.46358823 0.47594452 0.02572631 0.00844507 0.01317561 0.00835746 0.00476280 
81.00000000 0.46423554 0.47443345 0.02619423 0.00854387 0.01339327 0.00837594 0.00482370 
82.00000000 0.46512142 0.47269229 0.02665552 0.00863961 0.01360656 0.00839741 0.00488719 
83.00000000 0.46623863 0.47072818 0.02711003 0.00873240 0.01381535 0.00842209 0.00495331 
84.00000000 0.46757981 0.46854833 0.02755766 0.00882242 0.01401948 0.00845022 0.00502207 
85.00000000 0.46913753 0.46616009 0.02799828 0.00890983 0.01421883 0.00848199 0.00509345 
86.00000000 0.47090424 0.46357082 0.02843182 0.00899480 0.01441328 0.00851759 0.00516746 
87.00000000 0.47287235 0.46078795 0.02885818 0.00907754 0.01460272 0.00855721 0.00524407 
88.00000000 0.47503422 0.45781896 0.02927730 0.00915823 0.01478705 0.00860098 0.00532326 
89.00000000 0.47738218 0.45467133 0.02968914 0.00923710 0.01496619 0.00864908 0.00540499 
90.00000000 0.47990851 0.45135257 0.03009366 0.00931435 0.01514006 0.00870161 0.00548923 
91.00000000 0.48260551 0.44787019 0.03049083 0.00939023 0.01530861 0.00875871 0.00557593 
92.00000000 0.48546544 0.44423169 0.03088064 0.00946495 0.01547177 0.00882046 0.00566505 
93.00000000 0.48848061 0.44044454 0.03126308 0.00953874 0.01562952 0.00888697 0.00575653 
94.00000000 0.49164331 0.43651621 0.03163817 0.00961186 0.01578183 0.00895831 0.00585031 
95.00000000 0.49494588 0.43245412 0.03200593 0.00968453 0.01592868 0.00903453 0.00594633 
96.00000000 0.49838066 0.42826566 0.03236638 0.00975700 0.01607007 0.00911571 0.00604452 
97.00000000 0.50194006 0.42395817 0.03271957 0.00982951 0.01620602 0.00920186 0.00614482 
98.00000000 0.50561650 0.41953894 0.03306554 0.00990229 0.01633653 0.00929303 0.00624717 
99.00000000 0.50940246 0.41501523 0.03340437 0.00997558 0.01646165 0.00938922 0.00635148 
100.00000000 0.51329048 0.41039422 0.03373612 0.01004962 0.01658141 0.00949045 0.00645770 
101.00000000 0.51727312 0.40568304 0.03406087 0.01012463 0.01669588 0.00959672 0.00656574 
102.00000000 0.52134302 0.40088877 0.03437872 0.01020084 0.01680512 0.00970800 0.00667554 
103.00000000 0.52549287 0.39601841 0.03468975 0.01027846 0.01690920 0.00982429 0.00678702 
104.00000000 0.52971541 0.39107891 0.03499408 0.01035771 0.01700822 0.00994553 0.00690012 
105.00000000 0.53400345 0.38607717 0.03529183 0.01043880 0.01710228 0.01007171 0.00701477 
106.00000000 0.53834984 0.38102001 0.03558313 0.01052191 0.01719148 0.01020275 0.00713089 
107.00000000 0.54274750 0.37591420 0.03586809 0.01060725 0.01727594 0.01033861 0.00724841 
108.00000000 0.54718940 0.37076645 0.03614687 0.01069499 0.01735579 0.01047922 0.00736728 
109.00000000 0.55166857 0.36558341 0.03641961 0.01078530 0.01743117 0.01062450 0.00748743 
110.00000000 0.55617811 0.36037168 0.03668647 0.01087835 0.01750223 0.01077437 0.00760879 
111.00000000 0.56071114 0.35513780 0.03694760 0.01097429 0.01756913 0.01092874 0.00773131 
112.00000000 0.56526088 0.34988826 0.03720317 0.01107325 0.01763202 0.01108750 0.00785491 
113.00000000 0.56982056 0.34462950 0.03745336 0.01117538 0.01769110 0.01125054 0.00797956 
114.00000000 0.57438348 0.33936790 0.03769834 0.01128080 0.01774653 0.01141776 0.00810519 
115.00000000 0.57894301 0.33410983 0.03793828 0.01138961 0.01779851 0.01158901 0.00823175 
116.00000000 0.58349255 0.32886156 0.03817337 0.01150191 0.01784724 0.01176418 0.00835918 
117.00000000 0.58802555 0.32362936 0.03840379 0.01161779 0.01789293 0.01194312 0.00848745 
118.00000000 0.59253553 0.31841945 0.03862972 0.01173733 0.01793579 0.01212568 0.00861650 
119.00000000 0.59701604 0.31323798 0.03885136 0.01186059 0.01797603 0.01231170 0.00874629 
120.00000000 0.60146071 0.30809109 0.03906888 0.01198762 0.01801390 0.01250102 0.00887678 
121.00000000 0.60586320 0.30298487 0.03928246 0.01211847 0.01804961 0.01269347 0.00900792 
122.00000000 0.61021725 0.29792536 0.03949228 0.01225316 0.01808342 0.01288886 0.00913968 
123.00000000 0.61451663 0.29291856 0.03969853 0.01239171 0.01811556 0.01308700 0.00927201 
124.00000000 0.61875519 0.28797042 0.03990137 0.01253413 0.01814629 0.01328771 0.00940489 
125.00000000 0.62292686 0.28308685 0.04010097 0.01268041 0.01817587 0.01349077 0.00953827 
126.00000000 0.62702560 0.27827371 0.04029748 0.01283054 0.01820455 0.01369598 0.00967214 
127.00000000 0.63104549 0.27353681 0.04049107 0.01298448 0.01823260 0.01390311 0.00980644 
128.00000000 0.63498064 0.26888187 0.04068187 0.01314220 0.01826030 0.01411196 0.00994116 
129.00000000 0.63882529 0.26431458 0.04087004 0.01330364 0.01828790 0.01432228 0.01007627 
130.00000000 0.64257374 0.25984056 0.04105568 0.01346874 0.01831569 0.01453385 0.01021174 
131.00000000 0.64622040 0.25546533 0.04123893 0.01363744 0.01834394 0.01474641 0.01034754 
132.00000000 0.64975979 0.25119434 0.04141990 0.01380964 0.01837294 0.01495974 0.01048365 
133.00000000 0.65318652 0.24703296 0.04159867 0.01398527 0.01840295 0.01517358 0.01062005 
134.00000000 0.65649534 0.24298645 0.04177535 0.01416421 0.01843427 0.01538767 0.01075670 
135.00000000 0.65968113 0.23905996 0.04195001 0.01434637 0.01846716 0.01560176 0.01089360 
136.00000000 0.66273890 0.23525853 0.04212272 0.01453162 0.01850192 0.01581559 0.01103071 
137.00000000 0.66566381 0.23158708 0.04229353 0.01471984 0.01853880 0.01602891 0.01116802 
138.00000000 0.66845117 0.22805037 0.04246250 0.01491091 0.01857809 0.01624145 0.01130551 
139.00000000 0.67109647 0.22465302 0.04262965 0.01510468 0.01862006 0.01645296 0.01144316 
140.00000000 0.67359537 0.22139952 0.04279502 0.01530101 0.01866496 0.01666317 0.01158095 
141.00000000 0.67594371 0.21829415 0.04295863 0.01549976 0.01871307 0.01687182 0.01171887 
142.00000000 0.67813754 0.21534104 0.04312047 0.01570078 0.01876463 0.01707865 0.01185688 
143.00000000 0.68017312 0.21254410 0.04328056 0.01590391 0.01881988 0.01728343 0.01199499 
144.00000000 0.68204692 0.20990704 0.04343889 0.01610901 0.01887908 0.01748588 0.01213317 
145.00000000 0.68375562 0.20743339 0.04359545 0.01631592 0.01894243 0.01768578 0.01227141 
146.00000000 0.68529618 0.20512639 0.04375022 0.01652447 0.01901018 0.01788287 0.01240969 
147.00000000 0.68666578 0.20298909 0.04390317 0.01673452 0.01908251 0.01807692 0.01254800 
148.00000000 0.68786185 0.20102428 0.04405429 0.01694592 0.01915963 0.01826772 0.01268632 
149.00000000 0.68888211 0.19923446 0.04420354 0.01715851 0.01924173 0.01845503 0.01282463 
150.00000000 0.68972454 0.19762189 0.04435091 0.01737214 0.01932896 0.01863864 0.01296292 
151.00000000 0.69038741 0.19618854 0.04449635 0.01758667 0.01942150 0.01881836 0.01310118 
152.00000000 0.69086927 0.19493607 0.04463985 0.01780196 0.01951947 0.01899399 0.01323939 
153.00000000 0.69116898 0.19386587 0.04478137 0.01801788 0.01962301 0.01916535 0.01337753 
154.00000000 0.69128570 0.19297900 0.04492091 0.01823430 0.01973223 0.01933227 0.01351560 
155.00000000 0.69121889 0.19227621 0.04505844 0.01845110 0.01984722 0.01949458 0.01365357 
156.00000000 0.69096835 0.19175793 0.04519395 0.01866816 0.01996805 0.01965214 0.01379142 
157.00000000 0.69053416 0.19142426 0.04532745 0.01888538 0.02009478 0.01980481 0.01392916 
158.00000000 0.68991677 0.19127497 0.04545892 0.01910266 0.02022746 0.01995248 0.01406674 
159.00000000 0.68911691 0.19130948 0.04558839 0.01931992 0.02036611 0.02009502 0.01420417 
160.00000000 0.68813565 0.19152691 0.04571589 0.01953706 0.02051073 0.02023234 0.01434142 
161.00000000 0.68697442 0.19192599 0.04584143 0.01975402 0.02066130 0.02036437 0.01447848 
162.00000000 0.68563492 0.19250514 0.04596506 0.01997073 0.02081781 0.02049102 0.01461532 
163.00000000 0.68411922 0.19326244 0.04608684 0.02018714 0.02098018 0.02061224 0.01475193 
164.00000000 0.68242969 0.19419560 0.04620684 0.02040321 0.02114837 0.02072800 0.01488829 
165.00000000 0.68056903 0.19530203 0.04632512 0.02061890 0.02132228 0.02083826 0.01502438 
166.00000000 0.67854025 0.19657879 0.04644179 0.02083417 0.02150181 0.02094300 0.01516018 
167.00000000 0.67634669 0.19802261 0.04655693 0.02104901 0.02168685 0.02104224 0.01529567 
168.00000000 0.67399197 0.19962991 0.04667066 0.02126341 0.02187725 0.02113597 0.01543082 
169.00000000 0.67148002 0.20139677 0.04678312 0.02147736 0.02207287 0.02122424 0.01556562 
170.00000000 0.66881507 0.20331900 0.04689443 0.02169085 0.02227354 0.02130707 0.01570004 
171.00000000 0.66600161 0.20539208 0.04700474 0.02190390 0.02247908 0.02138452 0.01583407 
172.00000000 0.66304443 0.20761121 0.04711421 0.02211651 0.02268931 0.02145666 0.01596767 
173.00000000 0.65994856 0.20997133 0.04722301 0.02232870 0.02290402 0.02152356 0.01610082 
174.00000000 0.65671930 0.21246709 0.04733131 0.02254050 0.02312299 0.02158531 0.01623350 
175.00000000 0.65336218 0.21509289 0.04743931 0.02275192 0.02334599 0.02164201 0.01636569 
176.00000000 0.64988295 0.21784292 0.04754720 0.02296299 0.02357280 0.02169378 0.01649737 
177.00000000 0.64628760 0.22071111 0.04765517 0.02317373 0.02380318 0.02174072 0.01662850 
178.00000000 0.64258229 0.22369119 0.04776343 0.02338417 0.02403687 0.02178298 0.01675907 
179.00000000 0.63877339 0.22677671 0.04787221 0.02359433 0.02427362 0.02182070 0.01688905 
180.00000000 0.63486744 0.22996102 0.04798170 0.02380425 0.02451317 0.02185401 0.01701842 
181.00000000 0.63087112 0.23323732 0.04809212 0.02401395 0.02475525 0.02188308 0.01714715 
182.00000000 0.62679127 0.23659867 0.04820371 0.02422343 0.02499961 0.02190808 0.01727523 
183.00000000 0.62263485 0.24003799 0.04831666 0.02443274 0.02524597 0.02192917 0.01740263 
184.00000000 0.61840891 0.24354809 0.04843121 0.02464186 0.02549407 0.02194652 0.01752933 
185.00000000 0.61412063 0.24712170 0.04854757 0.02485082 0.02574364 0.02196033 0.01765530 
186.00000000 0.60977723 0.25075147 0.04866596 0.02505963 0.02599441 0.02197077 0.01778055 
187.00000000 0.60538601 0.25442997 0.04878657 0.02526827 0.02624612 0.02197803 0.01790503 
188.00000000 0.60095430 0.25814977 0.04890961 0.02547674 0.02649852 0.02198232 0.01802874 
189.00000000 0.59648947 0.26190340 0.04903529 0.02568503 0.02675134 0.02198382 0.01815166 
190.00000000 0.59199889 0.26568338 0.04916378 0.02589312 0.02700433 0.02198274 0.01827377 
191.00000000 0.58748991 0.26948225 0.04929528 0.02610098 0.02725725 0.02197927 0.01839507 
192.00000000 0.58296988 0.27329259 0.04942995 0.02630858 0.02750986 0.02197362 0.01851553 
193.00000000 0.57844609 0.27710702 0.04956795 0.02651588 0.02776192 0.02196599 0.01863516 
194.00000000 0.57392578 0.28091823 0.04970943 0.02672284 0.02801321 0.02195657 0.01875394 
195.00000000 0.56941612 0.28471899 0.04985454 0.02692940 0.02826351 0.02194558 0.01887186 
196.00000000 0.56492418 0.28850218 0.05000340 0.02713551 0.02851261 0.02193320 0.01898892 
197.00000000 0.56045695 0.29226076 0.05015613 0.02734109 0.02876031 0.02191964 0.01910513 
198.00000000 0.55602127 0.29598785 0.05031282 0.02754609 0.02900641 0.02190510 0.01922046 
199.00000000 0.55162388 0.29967670 0.05047357 0.02775043 0.02925073 0.02188976 0.01933494 
200.00000000 0.54727136 0.30332072 0.05063845 0.02795402 0.02949308 0.02187381 0.01944855 
201.00000000 0.54297013 0.30691349 0.05080753 0.02815679 0.02973331 0.02185744 0.01956131 
202.00000000 0.53872643 0.31044877 0.05098084 0.02835865 0.02997125 0.02184084 0.01967322 
203.00000000 0.53454635 0.31392050 0.05115843 0.02855950 0.03020675 0.02182418 0.01978429 
204.00000000 0.53043574 0.31732284 0.05134031 0.02875927 0.03043967 0.02180764 0.01989453 
205.00000000 0.52640029 0.32065017 0.05152649 0.02895785 0.03066988 0.02179138 0.02000395 
206.00000000 0.52244545 0.32389706 0.05171696 0.02915515 0.03089724 0.02177557 0.02011257 
207.00000000 0.51857645 0.32705836 0.05191171 0.02935107 0.03112164 0.02176038 0.02022040 
208.00000000 0.51479828 0.33012911 0.05211069 0.02954553 0.03134297 0.02174594 0.02032746 
209.00000000 0.51111572 0.33310464 0.05231387 0.02973844 0.03156113 0.02173242 0.02043377 
210.00000000 0.50753328 0.33598050 0.05252119 0.02992969 0.03177603 0.02171996 0.02053936 
211.00000000 0.50405521 0.33875252 0.05273257 0.03011921 0.03198756 0.02170869 0.02064423 
212.00000000 0.50068552 0.34141679 0.05294794 0.03030691 0.03219566 0.02169875 0.02074843 
213.00000000 0.49742794 0.34396966 0.05316721 0.03049272 0.03240024 0.02169026 0.02085197 
214.00000000 0.49428595 0.34640775 0.05339028 0.03067654 0.03260124 0.02168335 0.02095488 
215.00000000 0.49126274 0.34872797 0.05361704 0.03085832 0.03279860 0.02167813 0.02105719 
216.00000000 0.48836126 0.35092749 0.05384738 0.03103799 0.03299224 0.02167471 0.02115893 
217.00000000 0.48558414 0.35300375 0.05408116 0.03121550 0.03318213 0.02167320 0.02126013 
218.00000000 0.48293376 0.35495448 0.05431825 0.03139078 0.03336821 0.02167369 0.02136082 
219.00000000 0.48041223 0.35677769 0.05455853 0.03156379 0.03355045 0.02167628 0.02146103 
220.00000000 0.47802137 0.35847165 0.05480184 0.03173450 0.03372879 0.02168105 0.02156081 
221.00000000 0.47576272 0.36003492 0.05504803 0.03190287 0.03390320 0.02168809 0.02166017 
222.00000000 0.47363757 0.36146630 0.05529696 0.03206888 0.03407366 0.02169747 0.02175916 
223.00000000 0.47164692 0.36276489 0.05554846 0.03223252 0.03424014 0.02170927 0.02185780 
224.00000000 0.46979150 0.36393005 0.05580237 0.03239378 0.03440260 0.02172355 0.02195614 
225.00000000 0.46807179 0.36496138 0.05605854 0.03255265 0.03456104 0.02174038 0.02205421 
226.00000000 0.46648800 0.36585875 0.05631680 0.03270915 0.03471544 0.02175981 0.02215205 
227.00000000 0.46504009 0.36662230 0.05657697 0.03286329 0.03486578 0.02178190 0.02224968 
228.00000000 0.46372775 0.36725237 0.05683891 0.03301509 0.03501205 0.02180669 0.02234714 
229.00000000 0.46255046 0.36774958 0.05710244 0.03316458 0.03515424 0.02183423 0.02244448 
230.00000000 0.46150742 0.36811476 0.05736739 0.03331181 0.03529236 0.02186456 0.02254171 
231.00000000 0.46059764 0.36834897 0.05763359 0.03345682 0.03542640 0.02189770 0.02263888 
232.00000000 0.45981988 0.36845350 0.05790090 0.03359965 0.03555636 0.02193369 0.02273602 
233.00000000 0.45917267 0.36842985 0.05816914 0.03374038 0.03568225 0.02197256 0.02283315 
234.00000000 0.45865437 0.36827971 0.05843815 0.03387905 0.03580408 0.02201433 0.02293032 
235.00000000 0.45826310 0.36800497 0.05870778 0.03401574 0.03592187 0.02205901 0.02302754 
236.00000000 0.45799680 0.36760772 0.05897787 0.03415053 0.03603562 0.02210661 0.02312485 
237.00000000 0.45785323 0.36709021 0.05924827 0.03428350 0.03614536 0.02215715 0.02322228 
238.00000000 0.45782996 0.36645488 0.05951883 0.03441473 0.03625112 0.02221062 0.02331985 
239.00000000 0.45792441 0.36570433 0.05978941 0.03454430 0.03635292 0.02226704 0.02341759 
240.00000000 0.45813382 0.36484130 0.06005986 0.03467232 0.03645079 0.02232639 0.02351552 
241.00000000 0.45845531 0.36386869 0.06033005 0.03479887 0.03654476 0.02238866 0.02361366 
242.00000000 0.45888581 0.36278951 0.06059985 0.03492405 0.03663489 0.02245385 0.02371204 
243.00000000 0.45942218 0.36160694 0.06086911 0.03504797 0.03672120 0.02252193 0.02381067 
244.00000000 0.46006111 0.36032423 0.06113774 0.03517072 0.03680376 0.02259288 0.02390957 
245.00000000 0.46079920 0.35894477 0.06140559 0.03529240 0.03688260 0.02266668 0.02400876 
246.00000000 0.46163294 0.35747204 0.06167255 0.03541313 0.03695779 0.02274329 0.02410825 
247.00000000 0.46255872 0.35590962 0.06193853 0.03553300 0.03702940 0.02282268 0.02420805 
248.00000000 0.46357287 0.35426115 0.06220340 0.03565212 0.03709747 0.02290482 0.02430818 
249.00000000 0.46467160 0.35253036 0.06246707 0.03577059 0.03716209 0.02298965 0.02440865 
250.00000000 0.46585110 0.35072105 0.06272944 0.03588852 0.03722332 0.02307712 0.02450946 
251.00000000 0.46710746 0.34883706 0.06299042 0.03600601 0.03728126 0.02316719 0.02461061 
252.00000000 0.46843675 0.34688230 0.06324992 0.03612315 0.03733597 0.02325979 0.02471212 
253.00000000 0.46983498 0.34486070 0.06350787 0.03624006 0.03738756 0.02335486 0.02481398 
254.00000000 0.47129813 0.34277623 0.06376419 0.03635683 0.03743610 0.02345233 0.02491620 
255.00000000 0.47282216 0.34063289 0.06401880 0.03647354 0.03748170 0.02355213 0.02501877 
256.00000000 0.47440300 0.33843470 0.06427164 0.03659031 0.03752447 0.02365418 0.02512170 
257.00000000 0.47603659 0.33618567 0.06452265 0.03670722 0.03756449 0.02375840 0.02522498 
258.00000000 0.47771883 0.33388984 0.06477178 0.03682435 0.03760190 0.02386470 0.02532861 
259.00000000 0.47944566 0.33155123 0.06501896 0.03694180 0.03763678 0.02397299 0.02543258 
260.00000000 0.48121301 0.32917386 0.06526417 0.03705964 0.03766928 0.02408318 0.02553687 
261.00000000 0.48301682 0.32676172 0.06550735 0.03717796 0.03769949 0.02419516 0.02564150 
262.00000000 0.48485306 0.32431880 0.06574847 0.03729683 0.03772756 0.02430884 0.02574643 
263.00000000 0.48671773 0.32184905 0.06598750 0.03741633 0.03775360 0.02442410 0.02585168 
264.00000000 0.48860686 0.31935639 0.06622442 0.03753653 0.03777775 0.02454084 0.02595721 
265.00000000 0.49051652 0.31684469 0.06645921 0.03765749 0.03780013 0.02465893 0.02606302 
266.00000000 0.49244281 0.31431781 0.06669184 0.03777928 0.03782090 0.02477826 0.02616910 
267.00000000 0.49438188 0.31177953 0.06692232 0.03790195 0.03784017 0.02489872 0.02627544 
268.00000000 0.49632995 0.30923359 0.06715062 0.03802557 0.03785809 0.02502016 0.02638201 
269.00000000 0.49828327 0.30668369 0.06737676 0.03815018 0.03787481 0.02514248 0.02648881 
270.00000000 0.50023816 0.30413345 0.06760074 0.03827584 0.03789046 0.02526553 0.02659582 
271.00000000 0.50219102 0.30158643 0.06782256 0.03840260 0.03790519 0.02538919 0.02670303 
272.00000000 0.50413828 0.29904614 0.06804223 0.03853049 0.03791914 0.02551332 0.02681041 
273.00000000 0.50607645 0.29651601 0.06825978 0.03865955 0.03793246 0.02563780 0.02691795 
274.00000000 0.50800214 0.29399940 0.06847522 0.03878983 0.03794530 0.02576248 0.02702564 
275.00000000 0.50991201 0.29149959 0.06868858 0.03892134 0.03795779 0.02588723 0.02713346 
276.00000000 0.51180278 0.28901979 0.06889988 0.03905413 0.03797009 0.02601191 0.02724140 
277.00000000 0.51367128 0.28656314 0.06910917 0.03918822 0.03798234 0.02613639 0.02734944 
278.00000000 0.51551441 0.28413269 0.06931647 0.03932364 0.03799469 0.02626054 0.02745756 
279.00000000 0.51732916 0.28173140 0.06952182 0.03946039 0.03800726 0.02638421 0.02756576 
280.00000000 0.51911257 0.27936216 0.06972527 0.03959851 0.03802021 0.02650728 0.02767401 
281.00000000 0.52086181 0.27702776 0.06992685 0.03973800 0.03803368 0.02662961 0.02778230 
282.00000000 0.52257412 0.27473091 0.07012662 0.03987887 0.03804779 0.02675107 0.02789062 
283.00000000 0.52424682 0.27247424 0.07032463 0.04002114 0.03806269 0.02687153 0.02799895 
284.00000000 0.52587734 0.27026027 0.07052093 0.04016480 0.03807850 0.02699088 0.02810728 
285.00000000 0.52746318 0.26809146 0.07071556 0.04030987 0.03809536 0.02710897 0.02821560 
286.00000000 0.52900195 0.26597013 0.07090860 0.04045633 0.03811338 0.02722571 0.02832390 
287.00000000 0.53049134 0.26389857 0.07110008 0.04060420 0.03813269 0.02734096 0.02843216 
288.00000000 0.53192915 0.26187891 0.07129008 0.04075346 0.03815341 0.02745461 0.02854038 
289.00000000 0.53331325 0.25991324 0.07147864 0.04090411 0.03817565 0.02756657 0.02864855 
290.00000000 0.53464164 0.25800352 0.07166583 0.04105613 0.03819951 0.02767671 0.02875664 
291.00000000 0.53591240 0.25615164 0.07185171 0.04120952 0.03822512 0.02778495 0.02886467 
292.00000000 0.53712370 0.25435936 0.07203634 0.04136426 0.03825255 0.02789119 0.02897261 
293.00000000 0.53827381 0.25262838 0.07221977 0.04152033 0.03828192 0.02799533 0.02908045 
294.00000000 0.53936113 0.25096029 0.07240206 0.04167772 0.03831331 0.02809729 0.02918820 
295.00000000 0.54038411 0.24935655 0.07258329 0.04183640 0.03834681 0.02819700 0.02929584 
296.00000000 0.54134135 0.24781858 0.07276349 0.04199636 0.03838250 0.02829437 0.02940337 
297.00000000 0.54223151 0.24634765 0.07294274 0.04215756 0.03842045 0.02838933 0.02951077 
298.00000000 0.54305338 0.24494495 0.07312108 0.04231999 0.03846073 0.02848183 0.02961804 
299.00000000 0.54380584 0.24361157 0.07329858 0.04248362 0.03850341 0.02857180 0.02972518 
300.00000000 0.54448788 0.24234851 0.07347528 0.04264841 0.03854855 0.02865919 0.02983218 
301.00000000 0.54509859 0.24115665 0.07365125 0.04281433 0.03859621 0.02874395 0.02993903 
302.00000000 0.54563715 0.24003678 0.07382652 0.04298136 0.03864642 0.02882604 0.03004573 
303.00000000 0.54610287 0.23898958 0.07400116 0.04314946 0.03869923 0.02890543 0.03015227 
304.00000000 0.54649516 0.23801563 0.07417522 0.04331859 0.03875468 0.02898208 0.03025865 
305.00000000 0.54681351 0.23711541 0.07434873 0.04348871 0.03881281 0.02905598 0.03036486 
306.00000000 0.54705754 0.23628931 0.07452175 0.04365980 0.03887363 0.02912709 0.03047089 
307.00000000 0.54722697 0.23553760 0.07469431 0.04383181 0.03893716 0.02919541 0.03057674 
308.00000000 0.54732162 0.23486045 0.07486647 0.04400470 0.03900343 0.02926093 0.03068241 
309.00000000 0.54734142 0.23425792 0.07503826 0.04417842 0.03907243 0.02932365 0.03078789 
310.00000000 0.54728641 0.23373000 0.07520972 0.04435295 0.03914419 0.02938356 0.03089317 
311.00000000 0.54715673 0.23327653 0.07538090 0.04452823 0.03921868 0.02944069 0.03099825 
312.00000000 0.54695261 0.23289729 0.07555182 0.04470422 0.03929591 0.02949503 0.03110312 
313.00000000 0.54667441 0.23259193 0.07572252 0.04488088 0.03937587 0.02954660 0.03120778 
314.00000000 0.54632259 0.23236001 0.07589304 0.04505816 0.03945854 0.02959543 0.03131222 
315.00000000 0.54589770 0.23220099 0.07606342 0.04523601 0.03954390 0.02964155 0.03141643 
316.00000000 0.54540039 0.23211421 0.07623367 0.04541440 0.03963192 0.02968498 0.03152042 
317.00000000 0.54483144 0.23209895 0.07640384 0.04559327 0.03972258 0.02972576 0.03162416 
318.00000000 0.54419170 0.23215434 0.07657396 0.04577258 0.03981583 0.02976393 0.03172767 
319.00000000 0.54348213 0.23227945 0.07674405 0.04595228 0.03991165 0.02979953 0.03183092 
320.00000000 0.54270380 0.23247324 0.07691415 0.04613232 0.04000998 0.02983261 0.03193392 
321.00000000 0.54185787 0.23273457 0.07708427 0.04631265 0.04011078 0.02986321 0.03203666 
322.00000000 0.54094558 0.23306221 0.07725446 0.04649323 0.04021400 0.02989140 0.03213913 
323.00000000 0.53996828 0.23345485 0.07742474 0.04667402 0.04031958 0.02991722 0.03224132 
324.00000000 0.53892741 0.23391106 0.07759514 0.04685495 0.04042747 0.02994074 0.03234324 
325.00000000 0.53782451 0.23442935 0.07776567 0.04703599 0.04053760 0.02996201 0.03244486 
326.00000000 0.53666117 0.23500812 0.07793638 0.04721710 0.04064991 0.02998111 0.03254620 
327.00000000 0.53543912 0.23564570 0.07810729 0.04739821 0.04076434 0.02999810 0.03264724 
328.00000000 0.53416011 0.23634034 0.07827843 0.04757929 0.04088080 0.03001305 0.03274797 
329.00000000 0.53282602 0.23709019 0.07844982 0.04776030 0.04099924 0.03002603 0.03284840 
330.00000000 0.53143879 0.23789335 0.07862149 0.04794118 0.04111956 0.03003712 0.03294851 
331.00000000 0.53000043 0.23874783 0.07879347 0.04812190 0.04124170 0.03004638 0.03304830 
332.00000000 0.52851301 0.23965156 0.07896578 0.04830240 0.04136557 0.03005391 0.03314776 
333.00000000 0.52697870 0.24060243 0.07913846 0.04848266 0.04149109 0.03005976 0.03324690 
334.00000000 0.52539969 0.24159824 0.07931154 0.04866262 0.04161817 0.03006403 0.03334570 
335.00000000 0.52377827 0.24263675 0.07948503 0.04884226 0.04174673 0.03006680 0.03344417 
336.00000000 0.52211675 0.24371565 0.07965896 0.04902152 0.04187667 0.03006814 0.03354229 
337.00000000 0.52041753 0.24483258 0.07983338 0.04920037 0.04200792 0.03006815 0.03364007 
338.00000000 0.51868303 0.24598513 0.08000829 0.04937878 0.04214036 0.03006689 0.03373751 
339.00000000 0.51691573 0.24717086 0.08018373 0.04955671 0.04227392 0.03006446 0.03383459 
340.00000000 0.51511813 0.24838725 0.08035973 0.04973413 0.04240849 0.03006095 0.03393132 
341.00000000 0.51329278 0.24963180 0.08053631 0.04991100 0.04254399 0.03005643 0.03402771 
342.00000000 0.51144226 0.25090193 0.08071349 0.05008730 0.04268030 0.03005099 0.03412373 
343.00000000 0.50956917 0.25219506 0.08089131 0.05026299 0.04281735 0.03004471 0.03421941 
344.00000000 0.50767615 0.25350858 0.08106979 0.05043805 0.04295502 0.03003769 0.03431473 
345.00000000 0.50576583 0.25483986 0.08124895 0.05061245 0.04309322 0.03003000 0.03440969 
346.00000000 0.50384087 0.25618626 0.08142880 0.05078616 0.04323186 0.03002173 0.03450431 
347.00000000 0.50190394 0.25754514 0.08160939 0.05095918 0.04337082 0.03001296 0.03459857 
348.00000000 0.49995771 0.25891383 0.08179071 0.05113146 0.04351002 0.03000379 0.03469248 
349.00000000 0.49800483 0.26028968 0.08197280 0.05130300 0.04364936 0.02999428 0.03478605 
350.00000000 0.49604797 0.26167006 0.08215567 0.05147377 0.04378872 0.02998453 0.03487927 
351.00000000 0.49408978 0.26305232 0.08233933 0.05164377 0.04392803 0.02997462 0.03497215 
352.00000000 0.49213288 0.26443385 0.08252381 0.05181297 0.04406717 0.02996463 0.03506470 
353.00000000 0.49017990 0.26581205 0.08270910 0.05198135 0.04420605 0.02995463 0.03515691 
354.00000000 0.48823342 0.26718434 0.08289523 0.05214892 0.04434458 0.02994472 0.03524879 
355.00000000 0.48629599 0.26854819 0.08308220 0.05231565 0.04448266 0.02993496 0.03534035 
356.00000000 0.48437015 0.26990107 0.08327001 0.05248155 0.04462019 0.02992544 0.03543160 
357.00000000 0.48245837 0.27124053 0.08345867 0.05264659 0.04475709 0.02991622 0.03552253 
358.00000000 0.48056310 0.27256412 0.08364819 0.05281078 0.04489326 0.02990740 0.03561316 
359.00000000 0.47868674 0.27386948 0.08383856 0.05297410 0.04502861 0.02989903 0.03570348 
360.00000000 0.47683163 0.27515427 0.08402978 0.05313656 0.04516305 0.02989119 0.03579352 
361.00000000 0.47500006 0.27641621 0.08422184 0.05329815 0.04529651 0.02988396 0.03588328 
362.00000000 0.47319426 0.27765310 0.08441474 0.05345887 0.04542888 0.02987739 0.03597275 
363.00000000 0.47141640 0.27886278 0.08460848 0.05361871 0.04556010 0.02987157 0.03606196 
364.00000000 0.46966858 0.28004316 0.08480303 0.05377768 0.04569009 0.02986655 0.03615091 
365.00000000 0.46795285 0.28119223 0.08499838 0.05393577 0.04581876 0.02986240 0.03623962 
366.00000000 0.46627114 0.28230805 0.08519453 0.05409299 0.04594604 0.02985918 0.03632807 
367.00000000 0.46462536 0.28338875 0.08539144 0.05424934 0.04607186 0.02985694 0.03641630 
368.00000000 0.46301730 0.28443254 0.08558911 0.05440482 0.04619616 0.02985576 0.03650430 
369.00000000 0.46144870 0.28543772 0.08578751 0.05455943 0.04631886 0.02985568 0.03659209 
370.00000000 0.45992118 0.28640267 0.08598661 0.05471318 0.04643992 0.02985676 0.03667967 
371.00000000 0.45843632 0.28732585 0.08618639 0.05486607 0.04655925 0.02985906 0.03676706 
372.00000000 0.45699556 0.28820582 0.08638682 0.05501811 0.04667682 0.02986261 0.03685427 
373.00000000 0.45560029 0.28904122 0.08658788 0.05516929 0.04679257 0.02986746 0.03694130 
374.00000000 0.45425178 0.28983079 0.08678953 0.05531962 0.04690644 0.02987367 0.03702817 
375.00000000 0.45295123 0.29057336 0.08699174 0.05546912 0.04701841 0.02988127 0.03711488 
376.00000000 0.45169974 0.29126785 0.08719448 0.05561777 0.04712841 0.02989031 0.03720145 
377.00000000 0.45049829 0.29191329 0.08739771 0.05576560 0.04723642 0.02990081 0.03728788 
378.00000000 0.44934780 0.29250879 0.08760140 0.05591260 0.04734240 0.02991282 0.03737419 
379.00000000 0.44824905 0.29305358 0.08780551 0.05605878 0.04744633 0.02992637 0.03746039 
380.00000000 0.44720276 0.29354696 0.08801000 0.05620416 0.04754817 0.02994148 0.03754648 
381.00000000 0.44620954 0.29398834 0.08821484 0.05634872 0.04764790 0.02995818 0.03763248 
382.00000000 0.44526988 0.29437724 0.08841999 0.05649250 0.04774550 0.02997650 0.03771839 
383.00000000 0.44438421 0.29471326 0.08862540 0.05663548 0.04784096 0.02999645 0.03780423 
384.00000000 0.44355282 0.29499611 0.08883105 0.05677768 0.04793427 0.03001806 0.03789001 
385.00000000 0.44277593 0.29522559 0.08903689 0.05691911 0.04802541 0.03004134 0.03797573 
386.00000000 0.44205366 0.29540160 0.08924288 0.05705977 0.04811439 0.03006629 0.03806140 
387.00000000 0.44138602 0.29552413 0.08944898 0.05719969 0.04820121 0.03009294 0.03814704 
388.00000000 0.44077294 0.29559326 0.08965515 0.05733885 0.04828586 0.03012128 0.03823265 
389.00000000 0.44021425 0.29560919 0.08986136 0.05747729 0.04836835 0.03015132 0.03831824 
390.00000000 0.43970968 0.29557217 0.09006757 0.05761500 0.04844870 0.03018306 0.03840381 
391.00000000 0.43925889 0.29548258 0.09027373 0.05775201 0.04852692 0.03021650 0.03848938 
392.00000000 0.43886143 0.29534085 0.09047981 0.05788831 0.04860302 0.03025162 0.03857496 
393.00000000 0.43851677 0.29514752 0.09068578 0.05802394 0.04867702 0.03028843 0.03866055 
394.00000000 0.43822430 0.29490321 0.09089159 0.05815889 0.04874896 0.03032690 0.03874615 
395.00000000 0.43798331 0.29460863 0.09109722 0.05829319 0.04881885 0.03036703 0.03883178 
396.00000000 0.43779304 0.29426454 0.09130262 0.05842685 0.04888672 0.03040879 0.03891744 
397.00000000 0.43765262 0.29387180 0.09150777 0.05855989 0.04895260 0.03045217 0.03900314 
398.00000000 0.43756113 0.29343134 0.09171263 0.05869233 0.04901654 0.03049715 0.03908888 
399.00000000 0.43751756 0.29294417 0.09191717 0.05882418 0.04907857 0.03054369 0.03917466 
400.00000000 0.43752084 0.29241134 0.09212135 0.05895547 0.04913872 0.03059177 0.03926050 
401.00000000 0.43756983 0.29183400 0.09232516 0.05908621 0.04919705 0.03064135 0.03934640 
402.00000000 0.43766333 0.29121334 0.09252855 0.05921643 0.04925358 0.03069241 0.03943236 
403.00000000 0.43780006 0.29055061 0.09273151 0.05934615 0.04930838 0.03074491 0.03951838 
404.00000000 0.43797871 0.28984714 0.09293400 0.05947539 0.04936149 0.03079880 0.03960447 
405.00000000 0.43819790 0.28910427 0.09313600 0.05960418 0.04941296 0.03085405 0.03969063 
406.00000000 0.43845621 0.28832344 0.09333749 0.05973253 0.04946285 0.03091062 0.03977686 
407.00000000 0.43875216 0.28750610 0.09353844 0.05986049 0.04951120 0.03096845 0.03986317 
408.00000000 0.43908422 0.28665375 0.09373883 0.05998807 0.04955807 0.03102751 0.03994955 
409.00000000 0.43945084 0.28576795 0.09393864 0.06011530 0.04960353 0.03108773 0.04003601 
410.00000000 0.43985042 0.28485027 0.09413784 0.06024221 0.04964762 0.03114908 0.04012255 
411.00000000 0.44028133 0.28390233 0.09433643 0.06036883 0.04969042 0.03121150 0.04020917 
412.00000000 0.44074190 0.28292577 0.09453438 0.06049519 0.04973197 0.03127492 0.04029587 
413.00000000 0.44123044 0.28192227 0.09473168 0.06062131 0.04977234 0.03133931 0.04038265 
414.00000000 0.44174525 0.28089352 0.09492831 0.06074723 0.04981160 0.03140459 0.04046950 
415.00000000 0.44228457 0.27984123 0.09512425 0.06087298 0.04984981 0.03147072 0.04055644 
416.00000000 0.44284668 0.27876714 0.09531950 0.06099859 0.04988703 0.03153762 0.04064345 
417.00000000 0.44342979 0.27767299 0.09551404 0.06112408 0.04992333 0.03160525 0.04073053 
418.00000000 0.44403213 0.27656053 0.09570785 0.06124950 0.04995877 0.03167353 0.04081769 
419.00000000 0.44465192 0.27543152 0.09590094 0.06137486 0.04999342 0.03174241 0.04090492 
420.00000000 0.44528737 0.27428773 0.09609329 0.06150021 0.05002735 0.03181183 0.04099221 
421.00000000 0.44593670 0.27313093 0.09628489 0.06162557 0.05006062 0.03188171 0.04107957 
422.00000000 0.44659813 0.27196286 0.09647574 0.06175098 0.05009330 0.03195200 0.04116700 
423.00000000 0.44726986 0.27078530 0.09666582 0.06187645 0.05012545 0.03202263 0.04125448 
424.00000000 0.44795013 0.26959998 0.09685515 0.06200203 0.05015715 0.03209354 0.04134202 
425.00000000 0.44863718 0.26840864 0.09704370 0.06212774 0.05018846 0.03216466 0.04142961 
426.00000000 0.44932927 0.26721301 0.09723149 0.06225361 0.05021945 0.03223593 0.04151725 
427.00000000 0.45002467 0.26601478 0.09741850 0.06237966 0.05025017 0.03230728 0.04160494 
428.00000000 0.45072166 0.26481565 0.09760474 0.06250593 0.05028071 0.03237865 0.04169266 
429.00000000 0.45141856 0.26361728 0.09779021 0.06263244 0.05031112 0.03244997 0.04178042 
430.00000000 0.45211371 0.26242130 0.09797491 0.06275921 0.05034147 0.03252119 0.04186821 
431.00000000 0.45280547 0.26122932 0.09815885 0.06288628 0.05037182 0.03259224 0.04195603 
432.00000000 0.45349223 0.26004294 0.09834202 0.06301365 0.05040223 0.03266306 0.04204386 
433.00000000 0.45417243 0.25886369 0.09852443 0.06314136 0.05043278 0.03273359 0.04213172 
434.00000000 0.45484451 0.25769311 0.09870609 0.06326943 0.05046352 0.03280376 0.04221959 
435.00000000 0.45550698 0.25653266 0.09888700 0.06339787 0.05049450 0.03287353 0.04230746 
436.00000000 0.45615836 0.25538381 0.09906718 0.06352670 0.05052580 0.03294282 0.04239533 
437.00000000 0.45679722 0.25424794 0.09924663 0.06365594 0.05055747 0.03301159 0.04248320 
438.00000000 0.45742218 0.25312644 0.09942536 0.06378561 0.05058957 0.03307978 0.04257106 
439.00000000 0.45803189 0.25202063 0.09960338 0.06391572 0.05062215 0.03314733 0.04265891 
