0.00000000 0.00000000 0.00000000 0.00000000 0.00000000 0.00000000 1.00000000 0.00000000 
1.00000000 0.00000666 0.00000494 0.00000327 0.00001026 0.00023328 0.99968570 0.00005590 
2.00000000 0.00002660 0.00001975 0.00001307 0.00004119 0.00093219 0.99874390 0.00022331 
3.00000000 0.00005973 0.00004440 0.00002940 0.00009316 0.00209413 0.99717773 0.00050146 
4.00000000 0.00010593 0.00007886 0.00005222 0.00016683 0.00371488 0.99499222 0.00088907 
5.00000000 0.00016500 0.00012306 0.00008152 0.00026310 0.00578865 0.99219428 0.00138439 
6.00000000 0.00023669 0.00017695 0.00011725 0.00038314 0.00830809 0.98879265 0.00198522 
7.00000000 0.00032073 0.00024044 0.00015939 0.00052833 0.01126436 0.98479787 0.00268888 
8.00000000 0.00041676 0.00031344 0.00020788 0.00070028 0.01464713 0.98022223 0.00349229 
9.00000000 0.00052440 0.00039584 0.00026267 0.00090081 0.01844469 0.97507967 0.00439193 
10.00000000 0.00064323 0.00048753 0.00032370 0.00113192 0.02264400 0.96938570 0.00538392 
11.00000000 0.00077277 0.00058838 0.00039091 0.00139580 0.02723072 0.96315740 0.00646402 
12.00000000 0.00091253 0.00069825 0.00046423 0.00169477 0.03218933 0.95641323 0.00762765 
13.00000000 0.00106194 0.00081700 0.00054359 0.00203130 0.03750321 0.94917301 0.00886995 
14.00000000 0.00122044 0.00094448 0.00062890 0.00240795 0.04315467 0.94145778 0.01018578 
15.00000000 0.00138743 0.00108052 0.00072008 0.00282736 0.04912511 0.93328972 0.01156979 
16.00000000 0.00156226 0.00122495 0.00081704 0.00329222 0.05539506 0.92469206 0.01301641 
17.00000000 0.00174429 0.00137761 0.00091969 0.00380527 0.06194430 0.91568891 0.01451993 
18.00000000 0.00193285 0.00153830 0.00102794 0.00436923 0.06875196 0.90630522 0.01607451 
19.00000000 0.00212723 0.00170685 0.00114167 0.00498681 0.07579661 0.89656659 0.01767423 
20.00000000 0.00232676 0.00188307 0.00126080 0.00566064 0.08305636 0.88649925 0.01931312 
21.00000000 0.00253071 0.00206676 0.00138522 0.00639330 0.09050896 0.87612983 0.02098521 
22.00000000 0.00273839 0.00225772 0.00151482 0.00718725 0.09813194 0.86548533 0.02268456 
23.00000000 0.00294907 0.00245575 0.00164948 0.00804479 0.10590265 0.85459299 0.02440527 
24.00000000 0.00316207 0.00266065 0.00178910 0.00896810 0.11379840 0.84348012 0.02614156 
25.00000000 0.00337668 0.00287219 0.00193358 0.00995914 0.12179656 0.83217407 0.02788778 
26.00000000 0.00359222 0.00309016 0.00208279 0.01101968 0.12987464 0.82070205 0.02963846 
27.00000000 0.00380804 0.00331433 0.00223662 0.01215123 0.13801042 0.80909107 0.03138829 
28.00000000 0.00402347 0.00354449 0.00239498 0.01335508 0.14618197 0.79736779 0.03313221 
29.00000000 0.00423791 0.00378038 0.00255775 0.01463222 0.15436783 0.78555847 0.03486543 
30.00000000 0.00445076 0.00402178 0.00272482 0.01598335 0.16254702 0.77368886 0.03658341 
31.00000000 0.00466146 0.00426841 0.00289609 0.01740887 0.17069916 0.76178410 0.03828191 
32.00000000 0.00486949 0.00452004 0.00307147 0.01890885 0.17880451 0.74986862 0.03995703 
33.00000000 0.00507434 0.00477637 0.00325086 0.02048303 0.18684409 0.73796611 0.04160520 
34.00000000 0.00527557 0.00503714 0.00343416 0.02213083 0.19479971 0.72609940 0.04322320 
35.00000000 0.00547278 0.00530204 0.00362130 0.02385128 0.20265400 0.71429044 0.04480816 
36.00000000 0.00566559 0.00557077 0.00381219 0.02564311 0.21039053 0.70256018 0.04635762 
37.00000000 0.00585370 0.00584302 0.00400677 0.02750465 0.21799381 0.69092859 0.04786947 
38.00000000 0.00603682 0.00611845 0.00420496 0.02943391 0.22544934 0.67941454 0.04934198 
39.00000000 0.00621475 0.00639672 0.00440671 0.03142855 0.23274362 0.66803583 0.05077382 
40.00000000 0.00638730 0.00667746 0.00461196 0.03348590 0.23986423 0.65680910 0.05216405 
41.00000000 0.00655436 0.00696030 0.00482068 0.03560294 0.24679981 0.64574984 0.05351208 
42.00000000 0.00671585 0.00724485 0.00503281 0.03777636 0.25354007 0.63487234 0.05481770 
43.00000000 0.00687177 0.00753071 0.00524835 0.04000254 0.26007583 0.62418973 0.05608106 
44.00000000 0.00702213 0.00781746 0.00546726 0.04227758 0.26639897 0.61371391 0.05730268 
45.00000000 0.00716702 0.00810467 0.00568954 0.04459731 0.27250249 0.60345560 0.05848337 
46.00000000 0.00730656 0.00839190 0.00591518 0.04695734 0.27838044 0.59342429 0.05962429 
47.00000000 0.00744093 0.00867869 0.00614417 0.04935304 0.28402795 0.58362833 0.06072689 
48.00000000 0.00757034 0.00896458 0.00637654 0.05177960 0.28944117 0.57407488 0.06179288 
49.00000000 0.00769506 0.00924909 0.00661230 0.05423205 0.29461728 0.56476996 0.06282427 
50.00000000 0.00781537 0.00953176 0.00685146 0.05670529 0.29955442 0.55571846 0.06382325 
51.00000000 0.00793162 0.00981210 0.00709406 0.05919409 0.30425168 0.54692420 0.06479225 
52.00000000 0.00804417 0.01008962 0.00734012 0.06169318 0.30870908 0.53838994 0.06573390 
53.00000000 0.00815342 0.01036385 0.00758968 0.06419721 0.31292746 0.53011742 0.06665095 
54.00000000 0.00825979 0.01063431 0.00784278 0.06670085 0.31690853 0.52210743 0.06754632 
55.00000000 0.00836373 0.01090052 0.00809944 0.06919877 0.32065472 0.51435981 0.06842301 
56.00000000 0.00846569 0.01116204 0.00835972 0.07168569 0.32416920 0.50687355 0.06928412 
57.00000000 0.00856616 0.01141840 0.00862363 0.07415640 0.32745581 0.49964679 0.07013280 
58.00000000 0.00866562 0.01166918 0.00889123 0.07660584 0.33051901 0.49267690 0.07097223 
59.00000000 0.00876455 0.01191397 0.00916253 0.07902903 0.33336378 0.48596054 0.07180560 
60.00000000 0.00886345 0.01215238 0.00943757 0.08142120 0.33599564 0.47949370 0.07263606 
61.00000000 0.00896281 0.01238405 0.00971635 0.08377776 0.33842054 0.47327174 0.07346676 
62.00000000 0.00906309 0.01260865 0.00999889 0.08609431 0.34064482 0.46728950 0.07430073 
63.00000000 0.00916477 0.01282588 0.01028519 0.08836672 0.34267516 0.46154130 0.07514097 
64.00000000 0.00926829 0.01303549 0.01057525 0.09059110 0.34451852 0.45602102 0.07599034 
65.00000000 0.00937407 0.01323725 0.01086903 0.09276384 0.34618208 0.45072215 0.07685158 
66.00000000 0.00948252 0.01343098 0.01116651 0.09488160 0.34767322 0.44563786 0.07772732 
67.00000000 0.00959400 0.01361654 0.01146764 0.09694137 0.34899943 0.44076103 0.07861999 
68.00000000 0.00970884 0.01379386 0.01177235 0.09894043 0.35016828 0.43608434 0.07953189 
69.00000000 0.00982736 0.01396289 0.01208058 0.10087639 0.35118739 0.43160026 0.08046514 
70.00000000 0.00994980 0.01412364 0.01239222 0.10274716 0.35206437 0.42730116 0.08142164 
71.00000000 0.01007639 0.01427617 0.01270718 0.10455100 0.35280679 0.42317933 0.08240315 
72.00000000 0.01020730 0.01442059 0.01302531 0.10628649 0.35342211 0.41922703 0.08341117 
73.00000000 0.01034266 0.01455708 0.01334647 0.10795250 0.35391771 0.41543654 0.08444704 
74.00000000 0.01048255 0.01468584 0.01367051 0.10954825 0.35430080 0.41180019 0.08551186 
75.00000000 0.01062699 0.01480715 0.01399724 0.11107323 0.35457842 0.40831040 0.08660656 
76.00000000 0.01077598 0.01492134 0.01432647 0.11252725 0.35475740 0.40495973 0.08773183 
77.00000000 0.01092943 0.01502875 0.01465799 0.11391037 0.35484436 0.40174092 0.08888817 
78.00000000 0.01108724 0.01512982 0.01499156 0.11522294 0.35484566 0.39864688 0.09007588 
79.00000000 0.01124923 0.01522501 0.01532696 0.11646554 0.35476741 0.39567078 0.09129507 
80.00000000 0.01141519 0.01531481 0.01566391 0.11763899 0.35461544 0.39280603 0.09254564 
81.00000000 0.01158484 0.01539977 0.01600215 0.11874429 0.35439528 0.39004633 0.09382734 
82.00000000 0.01175789 0.01548047 0.01634140 0.11978267 0.35411217 0.38738568 0.09513972 
83.00000000 0.01193398 0.01555751 0.01668138 0.12075548 0.35377106 0.38481841 0.09648219 
84.00000000 0.01211272 0.01563153 0.01702178 0.12166425 0.35337656 0.38233917 0.09785399 
85.00000000 0.01229367 0.01570320 0.01736230 0.12251060 0.35293300 0.37994299 0.09925424 
86.00000000 0.01247638 0.01577319 0.01770264 0.12329629 0.35244435 0.37762526 0.10068190 
87.00000000 0.01266034 0.01584219 0.01804250 0.12402310 0.35191431 0.37538175 0.10213582 
88.00000000 0.01284503 0.01591089 0.01838155 0.12469292 0.35134622 0.37320861 0.10361477 
89.00000000 0.01302992 0.01598002 0.01871951 0.12530764 0.35074316 0.37110238 0.10511738 
90.00000000 0.01321444 0.01605025 0.01905606 0.12586917 0.35010784 0.36906001 0.10664222 
91.00000000 0.01339801 0.01612229 0.01939093 0.12637943 0.34944271 0.36707884 0.10818779 
92.00000000 0.01358005 0.01619682 0.01972382 0.12684032 0.34874990 0.36515659 0.10975251 
93.00000000 0.01375996 0.01627449 0.02005447 0.12725368 0.34803125 0.36329139 0.11133475 
94.00000000 0.01393717 0.01635595 0.02038263 0.12762134 0.34728830 0.36148176 0.11293285 
95.00000000 0.01411108 0.01644181 0.02070806 0.12794504 0.34652232 0.35972658 0.11454511 
96.00000000 0.01428113 0.01653264 0.02103053 0.12822646 0.34573429 0.35802514 0.11616981 
97.00000000 0.01444675 0.01662899 0.02134986 0.12846722 0.34492493 0.35637705 0.11780519 
98.00000000 0.01460742 0.01673136 0.02166586 0.12866884 0.34409468 0.35478232 0.11944952 
99.00000000 0.01476263 0.01684019 0.02197838 0.12883277 0.34324372 0.35324127 0.12110104 
100.00000000 0.01491188 0.01695590 0.02228731 0.12896037 0.34237200 0.35175455 0.12275799 
101.00000000 0.01505473 0.01707885 0.02259253 0.12905292 0.34147919 0.35032313 0.12441865 
102.00000000 0.01519078 0.01720932 0.02289399 0.12911163 0.34056474 0.34894827 0.12608128 
103.00000000 0.01531964 0.01734757 0.02319163 0.12913762 0.33962785 0.34763152 0.12774416 
104.00000000 0.01544101 0.01749379 0.02348545 0.12913196 0.33866749 0.34637467 0.12940562 
105.00000000 0.01555460 0.01764809 0.02377547 0.12909567 0.33768243 0.34517976 0.13106398 
106.00000000 0.01566020 0.01781054 0.02406173 0.12902971 0.33667119 0.34404905 0.13271759 
107.00000000 0.01575762 0.01798115 0.02434431 0.12893500 0.33563209 0.34298499 0.13436483 
108.00000000 0.01584677 0.01815987 0.02462332 0.12881246 0.33456324 0.34199022 0.13600411 
109.00000000 0.01592757 0.01834657 0.02489890 0.12866300 0.33346258 0.34106753 0.13763386 
110.00000000 0.01600004 0.01854109 0.02517120 0.12848752 0.33232781 0.34021982 0.13925252 
111.00000000 0.01606423 0.01874319 0.02544041 0.12828696 0.33115649 0.33945013 0.14085859 
112.00000000 0.01612027 0.01895259 0.02570676 0.12806229 0.32994599 0.33876156 0.14245055 
113.00000000 0.01616834 0.01916895 0.02597046 0.12781451 0.32869351 0.33815728 0.14402695 
114.00000000 0.01620868 0.01939187 0.02623179 0.12754473 0.32739611 0.33764050 0.14558632 
115.00000000 0.01624160 0.01962092 0.02649102 0.12725409 0.32605070 0.33721443 0.14712725 
116.00000000 0.01626746 0.01985561 0.02674842 0.12694384 0.32465406 0.33688227 0.14864833 
117.00000000 0.01628666 0.02009543 0.02700432 0.12661534 0.32320288 0.33664719 0.15014817 
118.00000000 0.01629969 0.02033981 0.02725902 0.12627004 0.32169373 0.33651230 0.15162541 
119.00000000 0.01630706 0.02058817 0.02751285 0.12590950 0.32012310 0.33648061 0.15307871 
120.00000000 0.01630935 0.02083988 0.02776613 0.12553544 0.31848742 0.33655505 0.15450675 
121.00000000 0.01630717 0.02109429 0.02801918 0.12514966 0.31678308 0.33673838 0.15590824 
122.00000000 0.01630119 0.02135075 0.02827233 0.12475413 0.31500645 0.33703325 0.15728191 
123.00000000 0.01629210 0.02160856 0.02852591 0.12435091 0.31315391 0.33744210 0.15862651 
124.00000000 0.01628064 0.02186705 0.02878022 0.12394220 0.31122184 0.33796720 0.15994085 
125.00000000 0.01626757 0.02212552 0.02903556 0.12353033 0.30920669 0.33861059 0.16122374 
126.00000000 0.01625370 0.02238325 0.02929222 0.12311772 0.30710498 0.33937409 0.16247403 
127.00000000 0.01623983 0.02263957 0.02955046 0.12270691 0.30491334 0.34025925 0.16369064 
128.00000000 0.01622679 0.02289377 0.02981054 0.12230051 0.30262852 0.34126736 0.16487251 
129.00000000 0.01621544 0.02314517 0.03007267 0.12190122 0.30024744 0.34239942 0.16601864 
130.00000000 0.01620662 0.02339311 0.03033705 0.12151179 0.29776721 0.34365614 0.16712807 
131.00000000 0.01620120 0.02363694 0.03060386 0.12113500 0.29518515 0.34503790 0.16819994 
132.00000000 0.01620003 0.02387604 0.03087323 0.12077368 0.29249885 0.34654475 0.16923342 
133.00000000 0.01620396 0.02410978 0.03114528 0.12043061 0.28970616 0.34817643 0.17022778 
134.00000000 0.01621383 0.02433761 0.03142008 0.12010859 0.28680524 0.34993230 0.17118235 
135.00000000 0.01623047 0.02455897 0.03169766 0.11981033 0.28379462 0.35181137 0.17209658 
136.00000000 0.01625467 0.02477335 0.03197804 0.11953850 0.28067315 0.35381232 0.17296998 
137.00000000 0.01628721 0.02498027 0.03226118 0.11929563 0.27744011 0.35593342 0.17380217 
138.00000000 0.01632885 0.02517929 0.03254702 0.11908416 0.27409519 0.35817259 0.17459290 
139.00000000 0.01638030 0.02536999 0.03283546 0.11890635 0.27063852 0.36052737 0.17534202 
140.00000000 0.01644225 0.02555202 0.03312635 0.11876428 0.26707070 0.36299492 0.17604947 
141.00000000 0.01651532 0.02572504 0.03341953 0.11865985 0.26339283 0.36557206 0.17671537 
142.00000000 0.01660013 0.02588878 0.03371478 0.11859470 0.25960650 0.36825520 0.17733991 
143.00000000 0.01669722 0.02604299 0.03401187 0.11857024 0.25571382 0.37104040 0.17792346 
144.00000000 0.01680710 0.02618746 0.03431052 0.11858761 0.25171745 0.37392336 0.17846650 
145.00000000 0.01693020 0.02632205 0.03461045 0.11864764 0.24762057 0.37689943 0.17896966 
146.00000000 0.01706694 0.02644663 0.03491132 0.11875086 0.24342694 0.37996362 0.17943369 
147.00000000 0.01721764 0.02656113 0.03521279 0.11889748 0.23914086 0.38311060 0.17985951 
148.00000000 0.01738260 0.02666552 0.03551449 0.11908736 0.23476717 0.38633471 0.18024814 
149.00000000 0.01756205 0.02675981 0.03581603 0.11932003 0.23031128 0.38963001 0.18060079 
150.00000000 0.01775614 0.02684405 0.03611702 0.11959466 0.22577914 0.39299024 0.18091875 
151.00000000 0.01796498 0.02691833 0.03641705 0.11991005 0.22117724 0.39640887 0.18120348 
152.00000000 0.01818863 0.02698278 0.03671569 0.12026466 0.21651255 0.39987912 0.18145656 
153.00000000 0.01842707 0.02703756 0.03701254 0.12065658 0.21179260 0.40339396 0.18167969 
154.00000000 0.01868023 0.02708289 0.03730717 0.12108355 0.20702535 0.40694614 0.18187467 
155.00000000 0.01894799 0.02711900 0.03759918 0.12154298 0.20221923 0.41052820 0.18204342 
156.00000000 0.01923016 0.02714616 0.03788815 0.12203193 0.19738311 0.41413252 0.18218797 
157.00000000 0.01952649 0.02716469 0.03817371 0.12254717 0.19252623 0.41775129 0.18231042 
158.00000000 0.01983670 0.02717492 0.03845547 0.12308514 0.18765821 0.42137661 0.18241296 
159.00000000 0.02016043 0.02717723 0.03873308 0.12364202 0.18278899 0.42500042 0.18249783 
160.00000000 0.02049728 0.02717202 0.03900622 0.12421375 0.17792878 0.42861459 0.18256735 
161.00000000 0.02084682 0.02715971 0.03927459 0.12479602 0.17308803 0.43221095 0.18262387 
162.00000000 0.02120855 0.02714076 0.03953792 0.12538434 0.16827741 0.43578126 0.18266975 
163.00000000 0.02158194 0.02711566 0.03979597 0.12597403 0.16350772 0.43931728 0.18270740 
164.00000000 0.02196641 0.02708490 0.04004856 0.12656028 0.15878986 0.44281078 0.18273920 
165.00000000 0.02236136 0.02704901 0.04029552 0.12713819 0.15413480 0.44625357 0.18276755 
166.00000000 0.02276614 0.02700854 0.04053676 0.12770277 0.14955349 0.44963753 0.18279477 
167.00000000 0.02318008 0.02696406 0.04077219 0.12824903 0.14505686 0.45295459 0.18282320 
168.00000000 0.02360247 0.02691613 0.04100180 0.12877194 0.14065573 0.45619685 0.18285507 
169.00000000 0.02403260 0.02686538 0.04122562 0.12926654 0.13636078 0.45935651 0.18289258 
170.00000000 0.02446971 0.02681239 0.04144374 0.12972794 0.13218248 0.46242592 0.18293782 
171.00000000 0.02491305 0.02675781 0.04165626 0.13015136 0.12813107 0.46539766 0.18299279 
172.00000000 0.02536184 0.02670226 0.04186339 0.13053217 0.12421650 0.46826447 0.18305938 
173.00000000 0.02581530 0.02664638 0.04206533 0.13086591 0.12044837 0.47101934 0.18313937 
174.00000000 0.02627264 0.02659082 0.04226238 0.13114835 0.11683590 0.47365551 0.18323440 
175.00000000 0.02673305 0.02653624 0.04245487 0.13137551 0.11338790 0.47616648 0.18334595 
176.00000000 0.02719574 0.02648329 0.04264315 0.13154367 0.11011271 0.47854606 0.18347538 
177.00000000 0.02765993 0.02643263 0.04282766 0.13164941 0.10701815 0.48078834 0.18362387 
178.00000000 0.02812482 0.02638490 0.04300886 0.13168967 0.10411154 0.48288776 0.18379243 
179.00000000 0.02858963 0.02634077 0.04318726 0.13166171 0.10139962 0.48483909 0.18398192 
180.00000000 0.02905361 0.02630086 0.04336340 0.13156318 0.09888852 0.48663743 0.18419300 
181.00000000 0.02951599 0.02626582 0.04353787 0.13139210 0.09658377 0.48827829 0.18442616 
182.00000000 0.02997603 0.02623627 0.04371126 0.13114692 0.09449027 0.48975754 0.18468171 
183.00000000 0.03043303 0.02621282 0.04388424 0.13082648 0.09261224 0.49107142 0.18495977 
184.00000000 0.03088628 0.02619607 0.04405745 0.13043005 0.09095325 0.49221661 0.18526029 
185.00000000 0.03133511 0.02618658 0.04423160 0.12995734 0.08951617 0.49319017 0.18558302 
186.00000000 0.03177887 0.02618493 0.04440737 0.12940849 0.08830321 0.49398958 0.18592756 
187.00000000 0.03221693 0.02619164 0.04458548 0.12878405 0.08731586 0.49461272 0.18629331 
188.00000000 0.03264870 0.02620723 0.04476667 0.12808502 0.08655494 0.49505792 0.18667952 
189.00000000 0.03307360 0.02623218 0.04495163 0.12731280 0.08602059 0.49532392 0.18708527 
190.00000000 0.03349109 0.02626696 0.04514111 0.12646921 0.08571226 0.49540988 0.18750949 
191.00000000 0.03390067 0.02631198 0.04533580 0.12555649 0.08562873 0.49531537 0.18795097 
192.00000000 0.03430184 0.02636764 0.04553641 0.12457722 0.08576814 0.49504040 0.18840835 
193.00000000 0.03469416 0.02643432 0.04574362 0.12353438 0.08612798 0.49458539 0.18888015 
194.00000000 0.03507721 0.02651232 0.04595808 0.12243130 0.08670514 0.49395115 0.18936480 
195.00000000 0.03545059 0.02660196 0.04618044 0.12127162 0.08749589 0.49313892 0.18986058 
196.00000000 0.03581395 0.02670347 0.04641128 0.12005931 0.08849596 0.49215031 0.19036572 
197.00000000 0.03616695 0.02681709 0.04665118 0.11879860 0.08970051 0.49098733 0.19087835 
198.00000000 0.03650929 0.02694298 0.04690065 0.11749400 0.09110419 0.48965235 0.19139654 
199.00000000 0.03684071 0.02708128 0.04716017 0.11615023 0.09270119 0.48814813 0.19191830 
200.00000000 0.03716094 0.02723209 0.04743018 0.11477223 0.09448519 0.48647775 0.19244161 
201.00000000 0.03746978 0.02739548 0.04771104 0.11336512 0.09644951 0.48464465 0.19296441 
202.00000000 0.03776704 0.02757146 0.04800309 0.11193417 0.09858703 0.48265258 0.19348464 
203.00000000 0.03805254 0.02776001 0.04830658 0.11048476 0.10089030 0.48050559 0.19400022 
204.00000000 0.03832614 0.02796107 0.04862172 0.10902239 0.10335156 0.47820804 0.19450908 
205.00000000 0.03858772 0.02817455 0.04894865 0.10755261 0.10596273 0.47576455 0.19500918 
206.00000000 0.03883719 0.02840031 0.04928744 0.10608102 0.10871551 0.47318001 0.19549852 
207.00000000 0.03907446 0.02863819 0.04963811 0.10461324 0.11160136 0.47045953 0.19597512 
208.00000000 0.03929947 0.02888797 0.05000059 0.10315487 0.11461158 0.46760846 0.19643706 
209.00000000 0.03951218 0.02914943 0.05037475 0.10171148 0.11773731 0.46463236 0.19688249 
210.00000000 0.03971257 0.02942230 0.05076041 0.10028860 0.12096958 0.46153694 0.19730962 
211.00000000 0.03990062 0.02970628 0.05115729 0.09889165 0.12429932 0.45832810 0.19771674 
212.00000000 0.04007635 0.03000104 0.05156507 0.09752599 0.12771743 0.45501189 0.19810224 
213.00000000 0.04023977 0.03030624 0.05198335 0.09619682 0.13121478 0.45159448 0.19846457 
214.00000000 0.04039091 0.03062151 0.05241166 0.09490922 0.13478225 0.44808214 0.19880231 
215.00000000 0.04052982 0.03094645 0.05284948 0.09366813 0.13841075 0.44448125 0.19911411 
216.00000000 0.04065655 0.03128065 0.05329622 0.09247830 0.14209128 0.44079825 0.19939875 
217.00000000 0.04077118 0.03162368 0.05375122 0.09134430 0.14581488 0.43703963 0.19965511 
218.00000000 0.04087376 0.03197511 0.05421379 0.09027050 0.14957275 0.43321191 0.19988217 
219.00000000 0.04096440 0.03233449 0.05468317 0.08926106 0.15335621 0.42932165 0.20007903 
220.00000000 0.04104318 0.03270135 0.05515854 0.08831993 0.15715672 0.42537539 0.20024489 
221.00000000 0.04111021 0.03307522 0.05563906 0.08745081 0.16096594 0.42137967 0.20037908 
222.00000000 0.04116560 0.03345564 0.05612382 0.08665719 0.16477573 0.41734098 0.20048103 
223.00000000 0.04120948 0.03384213 0.05661189 0.08594230 0.16857815 0.41326578 0.20055027 
224.00000000 0.04124198 0.03423421 0.05710231 0.08530910 0.17236550 0.40916046 0.20058644 
225.00000000 0.04126323 0.03463142 0.05759406 0.08476034 0.17613031 0.40503133 0.20058931 
226.00000000 0.04127341 0.03503328 0.05808614 0.08429846 0.17986540 0.40088461 0.20055871 
227.00000000 0.04127265 0.03543932 0.05857749 0.08392567 0.18356383 0.39672643 0.20049460 
228.00000000 0.04126115 0.03584909 0.05906706 0.08364391 0.18721897 0.39256280 0.20039703 
229.00000000 0.04123908 0.03626214 0.05955378 0.08345483 0.19082447 0.38839959 0.20026611 
230.00000000 0.04120665 0.03667801 0.06003658 0.08335983 0.19437430 0.38424255 0.20010208 
231.00000000 0.04116406 0.03709627 0.06051438 0.08336004 0.19786272 0.38009728 0.19990524 
232.00000000 0.04111155 0.03751650 0.06098613 0.08345631 0.20128433 0.37596921 0.19967597 
233.00000000 0.04104934 0.03793828 0.06145075 0.08364922 0.20463407 0.37186362 0.19941472 
234.00000000 0.04097771 0.03836121 0.06190722 0.08393907 0.20790717 0.36778562 0.19912201 
235.00000000 0.04089691 0.03878488 0.06235450 0.08432591 0.21109925 0.36374012 0.19879844 
236.00000000 0.04080725 0.03920891 0.06279160 0.08480949 0.21420624 0.35973187 0.19844464 
237.00000000 0.04070902 0.03963293 0.06321755 0.08538933 0.21722443 0.35576540 0.19806133 
238.00000000 0.04060256 0.04005657 0.06363141 0.08606466 0.22015046 0.35184507 0.19764927 
239.00000000 0.04048822 0.04047947 0.06403229 0.08683444 0.22298132 0.34797501 0.19720925 
240.00000000 0.04036635 0.04090129 0.06441932 0.08769737 0.22571436 0.34415918 0.19674214 
241.00000000 0.04023734 0.04132170 0.06479169 0.08865191 0.22834727 0.34040128 0.19624881 
242.00000000 0.04010160 0.04174035 0.06514864 0.08969624 0.23087811 0.33670485 0.19573021 
243.00000000 0.03995956 0.04215692 0.06548945 0.09082830 0.23330528 0.33307319 0.19518729 
244.00000000 0.03981167 0.04257110 0.06581345 0.09204579 0.23562754 0.32950937 0.19462107 
245.00000000 0.03965840 0.04298258 0.06612006 0.09334613 0.23784400 0.32601629 0.19403256 
246.00000000 0.03950023 0.04339103 0.06640871 0.09472654 0.23995410 0.32259658 0.19342282 
247.00000000 0.03933768 0.04379617 0.06667892 0.09618400 0.24195762 0.31925268 0.19279293 
248.00000000 0.03917128 0.04419769 0.06693028 0.09771525 0.24385470 0.31598681 0.19214401 
249.00000000 0.03900157 0.04459528 0.06716241 0.09931682 0.24564578 0.31280097 0.19147717 
250.00000000 0.03882913 0.04498866 0.06737503 0.10098503 0.24733164 0.30969695 0.19079357 
251.00000000 0.03865454 0.04537752 0.06756790 0.10271599 0.24891335 0.30667633 0.19009436 
252.00000000 0.03847839 0.04576157 0.06774087 0.10450565 0.25039231 0.30374047 0.18938074 
253.00000000 0.03830131 0.04614053 0.06789382 0.10634974 0.25177018 0.30089053 0.18865390 
254.00000000 0.03812391 0.04651409 0.06802673 0.10824384 0.25304893 0.29812745 0.18791505 
255.00000000 0.03794685 0.04688196 0.06813963 0.11018338 0.25423078 0.29545199 0.18716541 
256.00000000 0.03777075 0.04724385 0.06823261 0.11216364 0.25531821 0.29286470 0.18640622 
257.00000000 0.03759628 0.04759948 0.06830584 0.11417977 0.25631395 0.29036595 0.18563873 
258.00000000 0.03742410 0.04794855 0.06835953 0.11622682 0.25722092 0.28795590 0.18486418 
259.00000000 0.03725487 0.04829077 0.06839395 0.11829972 0.25804229 0.28563456 0.18408383 
260.00000000 0.03708923 0.04862588 0.06840947 0.12039336 0.25878139 0.28340173 0.18329894 
261.00000000 0.03692786 0.04895358 0.06840645 0.12250253 0.25944173 0.28125706 0.18251078 
262.00000000 0.03677141 0.04927360 0.06838537 0.12462200 0.26002698 0.27920004 0.18172060 
263.00000000 0.03662051 0.04958568 0.06834672 0.12674652 0.26054091 0.27722999 0.18092966 
264.00000000 0.03647581 0.04988955 0.06829106 0.12887082 0.26098745 0.27534608 0.18013922 
265.00000000 0.03633792 0.05018496 0.06821898 0.13098967 0.26137058 0.27354735 0.17935053 
266.00000000 0.03620745 0.05047167 0.06813113 0.13309787 0.26169436 0.27183271 0.17856481 
267.00000000 0.03608497 0.05074945 0.06802820 0.13519027 0.26196290 0.27020093 0.17778328 
268.00000000 0.03597106 0.05101807 0.06791092 0.13726180 0.26218033 0.26865066 0.17700715 
269.00000000 0.03586625 0.05127734 0.06778004 0.13930752 0.26235076 0.26718047 0.17623760 
270.00000000 0.03577106 0.05152706 0.06763637 0.14132258 0.26247832 0.26578882 0.17547578 
271.00000000 0.03568597 0.05176706 0.06748073 0.14330229 0.26256706 0.26447406 0.17472283 
272.00000000 0.03561143 0.05199718 0.06731398 0.14524212 0.26262097 0.26323450 0.17397983 
273.00000000 0.03554786 0.05221729 0.06713698 0.14713773 0.26264396 0.26206834 0.17324785 
274.00000000 0.03549564 0.05242727 0.06695065 0.14898496 0.26263981 0.26097377 0.17252791 
275.00000000 0.03545512 0.05262703 0.06675589 0.15077989 0.26261219 0.25994890 0.17182098 
276.00000000 0.03542661 0.05281650 0.06655365 0.15251884 0.26256460 0.25899180 0.17112799 
277.00000000 0.03541036 0.05299564 0.06634486 0.15419837 0.26250039 0.25810054 0.17044983 
278.00000000 0.03540662 0.05316441 0.06613049 0.15581532 0.26242270 0.25727315 0.16978731 
279.00000000 0.03541555 0.05332283 0.06591149 0.15736679 0.26233447 0.25650766 0.16914121 
280.00000000 0.03543731 0.05347091 0.06568883 0.15885019 0.26223843 0.25580211 0.16851222 
281.00000000 0.03547198 0.05360872 0.06546347 0.16026324 0.26213705 0.25515456 0.16790098 
282.00000000 0.03551961 0.05373633 0.06523639 0.16160395 0.26203258 0.25456307 0.16730807 
283.00000000 0.03558023 0.05385383 0.06500854 0.16287067 0.26192699 0.25402576 0.16673398 
284.00000000 0.03565378 0.05396137 0.06478088 0.16406205 0.26182200 0.25354076 0.16617915 
285.00000000 0.03574020 0.05405909 0.06455437 0.16517709 0.26171903 0.25310630 0.16564392 
286.00000000 0.03583936 0.05414717 0.06432993 0.16621511 0.26161925 0.25272061 0.16512858 
287.00000000 0.03595111 0.05422580 0.06410849 0.16717575 0.26152350 0.25238204 0.16463332 
288.00000000 0.03607524 0.05429520 0.06389096 0.16805898 0.26143238 0.25208897 0.16415828 
289.00000000 0.03621151 0.05435562 0.06367824 0.16886509 0.26134618 0.25183988 0.16370349 
290.00000000 0.03635965 0.05440731 0.06347121 0.16959469 0.26126489 0.25163334 0.16326892 
291.00000000 0.03651935 0.05445055 0.06327070 0.17024869 0.26118825 0.25146800 0.16285446 
292.00000000 0.03669027 0.05448562 0.06307757 0.17082832 0.26111570 0.25134260 0.16245993 
293.00000000 0.03687203 0.05451283 0.06289262 0.17133505 0.26104642 0.25125598 0.16208507 
294.00000000 0.03706425 0.05453249 0.06271662 0.17177067 0.26097934 0.25120709 0.16172953 
295.00000000 0.03726649 0.05454492 0.06255035 0.17213721 0.26091312 0.25119497 0.16139293 
296.00000000 0.03747832 0.05455047 0.06239453 0.17243694 0.26084621 0.25121875 0.16107479 
297.00000000 0.03769926 0.05454945 0.06224985 0.17267236 0.26077682 0.25127768 0.16077457 
298.00000000 0.03792884 0.05454222 0.06211699 0.17284618 0.26070297 0.25137110 0.16049169 
299.00000000 0.03816658 0.05452910 0.06199659 0.17296130 0.26062249 0.25149844 0.16022550 
300.00000000 0.03841195 0.05451044 0.06188926 0.17302080 0.26053302 0.25165924 0.15997530 
301.00000000 0.03866447 0.05448656 0.06179555 0.17302788 0.26043208 0.25185311 0.15974034 
302.00000000 0.03892361 0.05445780 0.06171601 0.17298591 0.26031705 0.25207977 0.15951985 
303.00000000 0.03918887 0.05442447 0.06165114 0.17289833 0.26018521 0.25233899 0.15931299 
304.00000000 0.03945974 0.05438687 0.06160140 0.17276868 0.26003373 0.25263063 0.15911894 
305.00000000 0.03973572 0.05434532 0.06156721 0.17260058 0.25985974 0.25295461 0.15893682 
306.00000000 0.04001631 0.05430008 0.06154897 0.17239766 0.25966034 0.25331091 0.15876573 
307.00000000 0.04030104 0.05425144 0.06154701 0.17216359 0.25943258 0.25369956 0.15860479 
308.00000000 0.04058943 0.05419962 0.06156165 0.17190204 0.25917354 0.25412061 0.15845309 
309.00000000 0.04088105 0.05414488 0.06159316 0.17161667 0.25888033 0.25457418 0.15830974 
310.00000000 0.04117545 0.05408743 0.06164175 0.17131106 0.25855011 0.25506037 0.15817384 
311.00000000 0.04147223 0.05402745 0.06170761 0.17098877 0.25818011 0.25557931 0.15804452 
312.00000000 0.04177102 0.05396512 0.06179088 0.17065326 0.25776767 0.25613113 0.15792093 
313.00000000 0.04207145 0.05390059 0.06189166 0.17030790 0.25731023 0.25671593 0.15780223 
314.00000000 0.04237320 0.05383400 0.06201002 0.16995595 0.25680538 0.25733382 0.15768764 
315.00000000 0.04267596 0.05376544 0.06214595 0.16960055 0.25625088 0.25798484 0.15757638 
316.00000000 0.04297946 0.05369502 0.06229943 0.16924467 0.25564464 0.25866902 0.15746776 
317.00000000 0.04328348 0.05362278 0.06247039 0.16889115 0.25498478 0.25938632 0.15736109 
318.00000000 0.04358780 0.05354878 0.06265871 0.16854266 0.25426964 0.26013663 0.15725577 
319.00000000 0.04389226 0.05347303 0.06286424 0.16820170 0.25349777 0.26091978 0.15715123 
320.00000000 0.04419670 0.05339555 0.06308677 0.16787056 0.25266794 0.26173551 0.15704697 
321.00000000 0.04450104 0.05331631 0.06332607 0.16755136 0.25177922 0.26258346 0.15694255 
322.00000000 0.04480519 0.05323528 0.06358183 0.16724603 0.25083088 0.26346319 0.15683760 
323.00000000 0.04510911 0.05315240 0.06385376 0.16695627 0.24982250 0.26437414 0.15673181 
324.00000000 0.04541281 0.05306762 0.06414147 0.16668360 0.24875392 0.26531565 0.15662494 
325.00000000 0.04571629 0.05298084 0.06444456 0.16642932 0.24762524 0.26628692 0.15651683 
326.00000000 0.04601963 0.05289197 0.06476260 0.16619452 0.24643687 0.26728703 0.15640737 
327.00000000 0.04632289 0.05280092 0.06509511 0.16598009 0.24518949 0.26831496 0.15629654 
328.00000000 0.04662619 0.05270755 0.06544157 0.16578672 0.24388407 0.26936953 0.15618438 
329.00000000 0.04692967 0.05261176 0.06580143 0.16561489 0.24252183 0.27044943 0.15607099 
330.00000000 0.04723348 0.05251340 0.06617413 0.16546488 0.24110432 0.27155323 0.15595655 
331.00000000 0.04753781 0.05241236 0.06655904 0.16533680 0.23963332 0.27267937 0.15584131 
332.00000000 0.04784285 0.05230849 0.06695554 0.16523054 0.23811089 0.27382613 0.15572557 
333.00000000 0.04814883 0.05220165 0.06736295 0.16514585 0.23653935 0.27499169 0.15560969 
334.00000000 0.04845597 0.05209171 0.06778059 0.16508229 0.23492125 0.27617409 0.15549409 
335.00000000 0.04876453 0.05197855 0.06820775 0.16503926 0.23325940 0.27737124 0.15537926 
336.00000000 0.04907475 0.05186202 0.06864370 0.16501602 0.23155683 0.27858096 0.15526571 
337.00000000 0.04938690 0.05174202 0.06908769 0.16501169 0.22981676 0.27980092 0.15515400 
338.00000000 0.04970125 0.05161843 0.06953896 0.16502526 0.22804263 0.28102872 0.15504475 
339.00000000 0.05001805 0.05149115 0.06999673 0.16505558 0.22623805 0.28226184 0.15493860 
340.00000000 0.05033757 0.05136009 0.07046023 0.16510143 0.22440678 0.28349767 0.15483623 
341.00000000 0.05066008 0.05122517 0.07092865 0.16516147 0.22255276 0.28473354 0.15473832 
342.00000000 0.05098582 0.05108634 0.07140121 0.16523430 0.22068003 0.28596670 0.15464560 
343.00000000 0.05131504 0.05094353 0.07187711 0.16531842 0.21879276 0.28719434 0.15455880 
344.00000000 0.05164796 0.05079673 0.07235557 0.16541231 0.21689519 0.28841359 0.15447866 
345.00000000 0.05198480 0.05064593 0.07283578 0.16551437 0.21499165 0.28962156 0.15440592 
346.00000000 0.05232575 0.05049113 0.07331698 0.16562298 0.21308651 0.29081531 0.15434133 
347.00000000 0.05267099 0.05033237 0.07379838 0.16573652 0.21118420 0.29199192 0.15428562 
348.00000000 0.05302066 0.05016970 0.07427925 0.16585332 0.20928913 0.29314843 0.15423952 
349.00000000 0.05337489 0.05000319 0.07475883 0.16597174 0.20740572 0.29428191 0.15420372 
350.00000000 0.05373377 0.04983294 0.07523641 0.16609015 0.20553838 0.29538944 0.15417892 
351.00000000 0.05409737 0.04965908 0.07571128 0.16620693 0.20369145 0.29646812 0.15416577 
352.00000000 0.05446571 0.04948175 0.07618279 0.16632052 0.20186922 0.29751513 0.15416489 
353.00000000 0.05483881 0.04930113 0.07665026 0.16642936 0.20007591 0.29852765 0.15417687 
354.00000000 0.05521662 0.04911740 0.07711310 0.16653199 0.19831563 0.29950297 0.15420228 
355.00000000 0.05559907 0.04893081 0.07757071 0.16662699 0.19659239 0.30043843 0.15424161 
356.00000000 0.05598604 0.04874159 0.07802254 0.16671299 0.19491005 0.30133146 0.15429533 
357.00000000 0.05637740 0.04855001 0.07846807 0.16678874 0.19327234 0.30217958 0.15436386 
358.00000000 0.05677294 0.04835639 0.07890683 0.16685303 0.19168285 0.30298040 0.15444756 
359.00000000 0.05717243 0.04816105 0.07933836 0.16690477 0.19014496 0.30373167 0.15454676 
360.00000000 0.05757561 0.04796433 0.07976228 0.16694294 0.18866190 0.30443122 0.15466171 
361.00000000 0.05798216 0.04776662 0.08017822 0.16696665 0.18723670 0.30507703 0.15479262 
362.00000000 0.05839174 0.04756831 0.08058586 0.16697509 0.18587216 0.30566719 0.15493964 
363.00000000 0.05880394 0.04736983 0.08098493 0.16696756 0.18457091 0.30619994 0.15510287 
364.00000000 0.05921834 0.04717163 0.08137521 0.16694348 0.18333533 0.30667366 0.15528236 
365.00000000 0.05963446 0.04697417 0.08175651 0.16690236 0.18216759 0.30708684 0.15547808 
366.00000000 0.06005180 0.04677794 0.08212869 0.16684384 0.18106961 0.30743815 0.15568998 
367.00000000 0.06046982 0.04658345 0.08249166 0.16676766 0.18004310 0.30772639 0.15591793 
368.00000000 0.06088793 0.04639122 0.08284537 0.16667369 0.17908951 0.30795052 0.15616176 
369.00000000 0.06130552 0.04620181 0.08318981 0.16656188 0.17821007 0.30810963 0.15642127 
370.00000000 0.06172196 0.04601576 0.08352503 0.16643233 0.17740576 0.30820299 0.15669617 
371.00000000 0.06213657 0.04583366 0.08385110 0.16628520 0.17667733 0.30822998 0.15698617 
372.00000000 0.06254865 0.04565608 0.08416816 0.16612079 0.17602527 0.30819015 0.15729091 
373.00000000 0.06295748 0.04548362 0.08447637 0.16593948 0.17544986 0.30808321 0.15761000 
374.00000000 0.06336232 0.04531688 0.08477593 0.16574174 0.17495114 0.30790898 0.15794302 
375.00000000 0.06376240 0.04515646 0.08506710 0.16552816 0.17452892 0.30766745 0.15828950 
376.00000000 0.06415696 0.04500299 0.08535014 0.16529939 0.17418281 0.30735873 0.15864897 
377.00000000 0.06454521 0.04485707 0.08562539 0.16505616 0.17391219 0.30698307 0.15902091 
378.00000000 0.06492634 0.04471930 0.08589318 0.16479928 0.17371624 0.30654087 0.15940479 
379.00000000 0.06529956 0.04459031 0.08615390 0.16452963 0.17359393 0.30603261 0.15980006 
380.00000000 0.06566406 0.04447069 0.08640796 0.16424814 0.17354407 0.30545895 0.16020614 
381.00000000 0.06601903 0.04436103 0.08665578 0.16395581 0.17356526 0.30482063 0.16062245 
382.00000000 0.06636369 0.04426191 0.08689784 0.16365367 0.17365594 0.30411852 0.16104843 
383.00000000 0.06669724 0.04417390 0.08713461 0.16334281 0.17381441 0.30335358 0.16148346 
384.00000000 0.06701890 0.04409756 0.08736659 0.16302431 0.17403880 0.30252689 0.16192696 
385.00000000 0.06732792 0.04403339 0.08759429 0.16269933 0.17432710 0.30163963 0.16237834 
386.00000000 0.06762354 0.04398193 0.08781825 0.16236901 0.17467720 0.30069307 0.16283700 
387.00000000 0.06790506 0.04394364 0.08803900 0.16203451 0.17508684 0.29968856 0.16330238 
388.00000000 0.06817178 0.04391899 0.08825709 0.16169699 0.17555368 0.29862756 0.16377390 
389.00000000 0.06842304 0.04390840 0.08847308 0.16135762 0.17607529 0.29751157 0.16425100 
390.00000000 0.06865820 0.04391225 0.08868752 0.16101754 0.17664915 0.29634221 0.16473314 
391.00000000 0.06887667 0.04393091 0.08890097 0.16067788 0.17727265 0.29512113 0.16521978 
392.00000000 0.06907789 0.04396471 0.08911397 0.16033977 0.17794316 0.29385008 0.16571042 
393.00000000 0.06926136 0.04401391 0.08932708 0.16000428 0.17865798 0.29253084 0.16620456 
394.00000000 0.06942659 0.04407875 0.08954083 0.15967247 0.17941436 0.29116527 0.16670173 
395.00000000 0.06957316 0.04415945 0.08975575 0.15934535 0.18020955 0.28975527 0.16720147 
396.00000000 0.06970070 0.04425614 0.08997236 0.15902389 0.18104075 0.28830281 0.16770335 
397.00000000 0.06980888 0.04436893 0.09019116 0.15870902 0.18190519 0.28680987 0.16820695 
398.00000000 0.06989744 0.04449788 0.09041262 0.15840163 0.18280005 0.28527850 0.16871188 
399.00000000 0.06996614 0.04464301 0.09063720 0.15810254 0.18372256 0.28371077 0.16921777 
400.00000000 0.07001484 0.04480427 0.09086535 0.15781254 0.18466994 0.28210881 0.16972425 
401.00000000 0.07004341 0.04498157 0.09109748 0.15753236 0.18563944 0.28047474 0.17023099 
402.00000000 0.07005182 0.04517478 0.09133397 0.15726266 0.18662834 0.27881075 0.17073768 
403.00000000 0.07004006 0.04538370 0.09157518 0.15700408 0.18763396 0.27711901 0.17124401 
404.00000000 0.07000821 0.04560812 0.09182144 0.15675717 0.18865363 0.27540175 0.17174969 
405.00000000 0.06995638 0.04584772 0.09207306 0.15652245 0.18968477 0.27366118 0.17225444 
406.00000000 0.06988475 0.04610219 0.09233028 0.15630039 0.19072482 0.27189954 0.17275802 
407.00000000 0.06979357 0.04637115 0.09259336 0.15609141 0.19177128 0.27011909 0.17326015 
408.00000000 0.06968311 0.04665416 0.09286247 0.15589588 0.19282171 0.26832206 0.17376061 
409.00000000 0.06955373 0.04695075 0.09313779 0.15571412 0.19387374 0.26651071 0.17425916 
410.00000000 0.06940583 0.04726042 0.09341944 0.15554642 0.19492504 0.26468730 0.17475556 
411.00000000 0.06923985 0.04758260 0.09370750 0.15539303 0.19597337 0.26285405 0.17524959 
412.00000000 0.06905631 0.04791671 0.09400203 0.15525416 0.19701656 0.26101321 0.17574103 
413.00000000 0.06885574 0.04826212 0.09430303 0.15513000 0.19805248 0.25916697 0.17622966 
414.00000000 0.06863873 0.04861816 0.09461048 0.15502072 0.19907910 0.25731755 0.17671525 
415.00000000 0.06840594 0.04898416 0.09492432 0.15492644 0.20009446 0.25546711 0.17719758 
416.00000000 0.06815803 0.04935938 0.09524444 0.15484728 0.20109665 0.25361778 0.17767643 
417.00000000 0.06789571 0.04974309 0.09557072 0.15478335 0.20208388 0.25177169 0.17815156 
418.00000000 0.06761974 0.05013452 0.09590296 0.15473474 0.20305439 0.24993091 0.17862273 
419.00000000 0.06733090 0.05053289 0.09624097 0.15470152 0.20400653 0.24809746 0.17908972 
420.00000000 0.06703000 0.05093741 0.09658450 0.15468379 0.20493871 0.24627333 0.17955227 
421.00000000 0.06671786 0.05134726 0.09693327 0.15468160 0.20584943 0.24446045 0.18001013 
422.00000000 0.06639535 0.05176162 0.09728697 0.15469504 0.20673725 0.24266072 0.18046305 
423.00000000 0.06606334 0.05217969 0.09764525 0.15472419 0.20760083 0.24087593 0.18091077 
424.00000000 0.06572272 0.05260063 0.09800774 0.15476912 0.20843890 0.23910786 0.18135302 
425.00000000 0.06537440 0.05302363 0.09837405 0.15482991 0.20925028 0.23735819 0.18178954 
426.00000000 0.06501927 0.05344787 0.09874374 0.15490666 0.21003387 0.23562853 0.18222005 
427.00000000 0.06465826 0.05387255 0.09911637 0.15499947 0.21078865 0.23392042 0.18264428 
428.00000000 0.06429228 0.05429686 0.09949146 0.15510843 0.21151368 0.23223533 0.18306196 
429.00000000 0.06392224 0.05472002 0.09986852 0.15523364 0.21220812 0.23057464 0.18347282 
430.00000000 0.06354906 0.05514128 0.10024703 0.15537522 0.21287121 0.22893963 0.18387657 
431.00000000 0.06317364 0.05555988 0.10062646 0.15553328 0.21350226 0.22733150 0.18427297 
432.00000000 0.06279687 0.05597510 0.10100628 0.15570792 0.21410070 0.22575138 0.18466175 
433.00000000 0.06241963 0.05638624 0.10138593 0.15589924 0.21466603 0.22420027 0.18504266 
434.00000000 0.06204279 0.05679263 0.10176484 0.15610734 0.21519785 0.22267909 0.18541546 
435.00000000 0.06166717 0.05719360 0.10214246 0.15633232 0.21569583 0.22118868 0.18577993 
436.00000000 0.06129362 0.05758856 0.10251819 0.15657424 0.21615978 0.21972976 0.18613584 
437.00000000 0.06092293 0.05797691 0.10289149 0.15683315 0.21658955 0.21830297 0.18648302 
438.00000000 0.06055587 0.05835808 0.10326176 0.15710909 0.21698512 0.21690882 0.18682126 
439.00000000 0.06019319 0.05873156 0.10362844 0.15740207 0.21734655 0.21554776 0.18715043 
