0.00000000 1.00000000 0.00000000 0.00000000 0.00000000 0.00000000 0.00000000 0.00000000 
1.00000000 0.99971316 0.00027280 0.00000108 0.00000124 0.00000159 0.00000666 0.00000348 
2.00000000 0.99885356 0.00109030 0.00000433 0.00000495 0.00000638 0.00002660 0.00001388 
3.00000000 0.99742381 0.00244989 0.00000987 0.00001114 0.00001438 0.00005973 0.00003117 
4.00000000 0.99542805 0.00434745 0.00001782 0.00001985 0.00002564 0.00010593 0.00005526 
5.00000000 0.99287203 0.00677724 0.00002842 0.00003110 0.00004020 0.00016500 0.00008602 
6.00000000 0.98976300 0.00973203 0.00004193 0.00004492 0.00005813 0.00023668 0.00012331 
7.00000000 0.98610973 0.01320308 0.00005866 0.00006137 0.00007952 0.00032071 0.00016694 
8.00000000 0.98192241 0.01718020 0.00007900 0.00008051 0.00010444 0.00041672 0.00021671 
9.00000000 0.97721268 0.02165183 0.00010337 0.00010238 0.00013302 0.00052434 0.00027239 
10.00000000 0.97199350 0.02660503 0.00013223 0.00012707 0.00016536 0.00064313 0.00033370 
11.00000000 0.96627914 0.03202558 0.00016608 0.00015465 0.00020158 0.00077261 0.00040036 
12.00000000 0.96008510 0.03789807 0.00020546 0.00018519 0.00024182 0.00091229 0.00047207 
13.00000000 0.95342803 0.04420593 0.00025093 0.00021879 0.00028622 0.00106160 0.00054849 
14.00000000 0.94632570 0.05093151 0.00030308 0.00025554 0.00033492 0.00121997 0.00062929 
15.00000000 0.93879684 0.05805618 0.00036252 0.00029552 0.00038806 0.00138678 0.00071409 
16.00000000 0.93086116 0.06556041 0.00042985 0.00033884 0.00044580 0.00156141 0.00080254 
17.00000000 0.92253919 0.07342385 0.00050569 0.00038558 0.00050828 0.00174318 0.00089423 
18.00000000 0.91385223 0.08162539 0.00059067 0.00043585 0.00057565 0.00193142 0.00098880 
19.00000000 0.90482225 0.09014330 0.00068539 0.00048974 0.00064806 0.00212543 0.00108583 
20.00000000 0.89547182 0.09895528 0.00079046 0.00054735 0.00072564 0.00232451 0.00118494 
21.00000000 0.88582400 0.10803859 0.00090644 0.00060876 0.00080854 0.00252794 0.00128572 
22.00000000 0.87590226 0.11737009 0.00103392 0.00067407 0.00089688 0.00273500 0.00138779 
23.00000000 0.86573039 0.12692636 0.00117340 0.00074336 0.00099077 0.00294497 0.00149075 
24.00000000 0.85533241 0.13668381 0.00132539 0.00081670 0.00109034 0.00315713 0.00159422 
25.00000000 0.84473249 0.14661871 0.00149035 0.00089416 0.00119568 0.00337077 0.00169784 
26.00000000 0.83395486 0.15670734 0.00166869 0.00097581 0.00130687 0.00358519 0.00180124 
27.00000000 0.82302372 0.16692601 0.00186079 0.00106169 0.00142400 0.00379971 0.00190408 
28.00000000 0.81196318 0.17725121 0.00206697 0.00115184 0.00154712 0.00401364 0.00200603 
29.00000000 0.80079716 0.18765961 0.00228752 0.00124629 0.00167629 0.00422634 0.00210678 
30.00000000 0.78954933 0.19812820 0.00252265 0.00134506 0.00181154 0.00443718 0.00220604 
31.00000000 0.77824303 0.20863433 0.00277253 0.00144816 0.00195288 0.00464554 0.00230353 
32.00000000 0.76690120 0.21915577 0.00303728 0.00155556 0.00210033 0.00485086 0.00239901 
33.00000000 0.75554634 0.22967077 0.00331695 0.00166725 0.00225387 0.00505257 0.00249224 
34.00000000 0.74420043 0.24015815 0.00361154 0.00178319 0.00241347 0.00525017 0.00258304 
35.00000000 0.73288489 0.25059732 0.00392101 0.00190331 0.00257910 0.00544317 0.00267120 
36.00000000 0.72162050 0.26096831 0.00424524 0.00202755 0.00275070 0.00563111 0.00275659 
37.00000000 0.71042741 0.27125186 0.00458407 0.00215582 0.00292819 0.00581358 0.00283907 
38.00000000 0.69932504 0.28142944 0.00493728 0.00228800 0.00311150 0.00599020 0.00291853 
39.00000000 0.68833210 0.29148326 0.00530461 0.00242398 0.00330053 0.00616063 0.00299490 
40.00000000 0.67746651 0.30139630 0.00568574 0.00256362 0.00349516 0.00632456 0.00306812 
41.00000000 0.66674541 0.31115238 0.00608030 0.00270676 0.00369528 0.00648173 0.00313815 
42.00000000 0.65618514 0.32073611 0.00648790 0.00285322 0.00390074 0.00663191 0.00320499 
43.00000000 0.64580119 0.33013295 0.00690808 0.00300283 0.00411141 0.00677489 0.00326865 
44.00000000 0.63560823 0.33932921 0.00734035 0.00315538 0.00432713 0.00691054 0.00332916 
45.00000000 0.62562007 0.34831202 0.00778421 0.00331065 0.00454773 0.00703873 0.00338659 
46.00000000 0.61584968 0.35706939 0.00823909 0.00346841 0.00477304 0.00715938 0.00344100 
47.00000000 0.60630920 0.36559016 0.00870442 0.00362841 0.00500288 0.00727243 0.00349250 
48.00000000 0.59700989 0.37386399 0.00917959 0.00379041 0.00523706 0.00737788 0.00354118 
49.00000000 0.58796222 0.38188138 0.00966397 0.00395414 0.00547540 0.00747573 0.00358718 
50.00000000 0.57917580 0.38963363 0.01015691 0.00411931 0.00571768 0.00756603 0.00363064 
51.00000000 0.57065948 0.39711284 0.01065775 0.00428566 0.00596371 0.00764886 0.00367170 
52.00000000 0.56242127 0.40431189 0.01116582 0.00445288 0.00621328 0.00772432 0.00371054 
53.00000000 0.55446846 0.41122438 0.01168042 0.00462068 0.00646619 0.00779254 0.00374733 
54.00000000 0.54680758 0.41784466 0.01220087 0.00478877 0.00672221 0.00785367 0.00378224 
55.00000000 0.53944443 0.42416777 0.01272647 0.00495684 0.00698114 0.00790788 0.00381547 
56.00000000 0.53238413 0.43018943 0.01325652 0.00512459 0.00724275 0.00795537 0.00384721 
57.00000000 0.52563112 0.43590600 0.01379032 0.00529170 0.00750684 0.00799635 0.00387766 
58.00000000 0.51918923 0.44131444 0.01432717 0.00545789 0.00777318 0.00803106 0.00390702 
59.00000000 0.51306164 0.44641231 0.01486639 0.00562286 0.00804156 0.00805975 0.00393549 
60.00000000 0.50725100 0.45119772 0.01540728 0.00578630 0.00831176 0.00808267 0.00396327 
61.00000000 0.50175936 0.45566931 0.01594917 0.00594793 0.00858355 0.00810011 0.00399056 
62.00000000 0.49658830 0.45982619 0.01649139 0.00610747 0.00885673 0.00811236 0.00401756 
63.00000000 0.49173886 0.46366796 0.01703328 0.00626465 0.00913108 0.00811970 0.00404447 
64.00000000 0.48721167 0.46719463 0.01757419 0.00641921 0.00940637 0.00812247 0.00407146 
65.00000000 0.48300689 0.47040663 0.01811350 0.00657089 0.00968239 0.00812096 0.00409874 
66.00000000 0.47912428 0.47330476 0.01865059 0.00671946 0.00995892 0.00811552 0.00412647 
67.00000000 0.47556324 0.47589019 0.01918484 0.00686469 0.01023574 0.00810647 0.00415482 
68.00000000 0.47232277 0.47816439 0.01971568 0.00700638 0.01051264 0.00809416 0.00418398 
69.00000000 0.46940159 0.48012914 0.02024253 0.00714432 0.01078939 0.00807894 0.00421408 
70.00000000 0.46679808 0.48178652 0.02076485 0.00727833 0.01106578 0.00806116 0.00424529 
71.00000000 0.46451032 0.48313885 0.02128208 0.00740827 0.01134158 0.00804118 0.00427773 
72.00000000 0.46253614 0.48418869 0.02179372 0.00753398 0.01161656 0.00801937 0.00431155 
73.00000000 0.46087309 0.48493884 0.02229927 0.00765534 0.01189050 0.00799609 0.00434687 
74.00000000 0.45951849 0.48539230 0.02279826 0.00777224 0.01216318 0.00797173 0.00438379 
75.00000000 0.45846943 0.48555228 0.02329021 0.00788461 0.01243436 0.00794667 0.00442243 
76.00000000 0.45772278 0.48542215 0.02377471 0.00799238 0.01270381 0.00792129 0.00446288 
77.00000000 0.45727520 0.48500547 0.02425134 0.00809550 0.01297128 0.00789598 0.00450523 
78.00000000 0.45712313 0.48430598 0.02471970 0.00819396 0.01323654 0.00787113 0.00454955 
79.00000000 0.45726283 0.48332756 0.02517944 0.00828776 0.01349934 0.00784715 0.00459592 
80.00000000 0.45769036 0.48207425 0.02563020 0.00837691 0.01375944 0.00782443 0.00464439 
81.00000000 0.45840159 0.48055027 0.02607168 0.00846148 0.01401657 0.00780339 0.00469501 
82.00000000 0.45939220 0.47875995 0.02650358 0.00854152 0.01427049 0.00778443 0.00474783 
83.00000000 0.46065765 0.47670781 0.02692564 0.00861713 0.01452093 0.00776797 0.00480287 
84.00000000 0.46219324 0.47439851 0.02733762 0.00868843 0.01476762 0.00775441 0.00486017 
85.00000000 0.46399406 0.47183686 0.02773931 0.00875554 0.01501030 0.00774418 0.00491975 
86.00000000 0.46605498 0.46902784 0.02813053 0.00881864 0.01524870 0.00773770 0.00498161 
87.00000000 0.46837070 0.46597661 0.02851113 0.00887789 0.01548253 0.00773537 0.00504576 
88.00000000 0.47093566 0.46268848 0.02888100 0.00893352 0.01571153 0.00773762 0.00511219 
89.00000000 0.47374412 0.45916894 0.02924004 0.00898573 0.01593541 0.00774486 0.00518089 
90.00000000 0.47679010 0.45542368 0.02958820 0.00903479 0.01615389 0.00775750 0.00525185 
91.00000000 0.48006736 0.45145857 0.02992544 0.00908095 0.01636669 0.00777594 0.00532504 
92.00000000 0.48356948 0.44727969 0.03025178 0.00912450 0.01657354 0.00780059 0.00540043 
93.00000000 0.48728973 0.44289331 0.03056724 0.00916575 0.01677416 0.00783183 0.00547798 
94.00000000 0.49122116 0.43830594 0.03087190 0.00920502 0.01696826 0.00787005 0.00555766 
95.00000000 0.49535658 0.43352430 0.03116584 0.00924266 0.01715559 0.00791562 0.00563941 
96.00000000 0.49968849 0.42855534 0.03144921 0.00927902 0.01733588 0.00796888 0.00572318 
97.00000000 0.50420915 0.42340624 0.03172215 0.00931447 0.01750887 0.00803019 0.00580893 
98.00000000 0.50891056 0.41808445 0.03198485 0.00934939 0.01767432 0.00809987 0.00589657 
99.00000000 0.51378440 0.41259763 0.03223753 0.00938418 0.01783199 0.00817821 0.00598605 
100.00000000 0.51882213 0.40695373 0.03248043 0.00941925 0.01798166 0.00826550 0.00607730 
101.00000000 0.52401490 0.40116093 0.03271381 0.00945500 0.01812312 0.00836201 0.00617024 
102.00000000 0.52935358 0.39522768 0.03293796 0.00949185 0.01825618 0.00846796 0.00626479 
103.00000000 0.53482878 0.38916269 0.03315320 0.00953023 0.01838065 0.00858357 0.00636088 
104.00000000 0.54043085 0.38297492 0.03335985 0.00957056 0.01849640 0.00870900 0.00645841 
105.00000000 0.54614987 0.37667360 0.03355827 0.00961327 0.01860328 0.00884441 0.00655730 
106.00000000 0.55197564 0.37026821 0.03374881 0.00965877 0.01870119 0.00898992 0.00665746 
107.00000000 0.55789776 0.36376847 0.03393185 0.00970748 0.01879005 0.00914559 0.00675880 
108.00000000 0.56390554 0.35718436 0.03410779 0.00975981 0.01886979 0.00931148 0.00686123 
109.00000000 0.56998812 0.35052607 0.03427701 0.00981616 0.01894040 0.00948759 0.00696465 
110.00000000 0.57613438 0.34380404 0.03443993 0.00987691 0.01900187 0.00967390 0.00706897 
111.00000000 0.58233305 0.33702890 0.03459693 0.00994244 0.01905425 0.00987033 0.00717409 
112.00000000 0.58857263 0.33021151 0.03474844 0.01001311 0.01909760 0.01007679 0.00727993 
113.00000000 0.59484152 0.32336289 0.03489484 0.01008924 0.01913203 0.01029311 0.00738637 
114.00000000 0.60112793 0.31649423 0.03503654 0.01017116 0.01915768 0.01051912 0.00749334 
115.00000000 0.60741998 0.30961687 0.03517393 0.01025915 0.01917473 0.01075459 0.00760074 
116.00000000 0.61370570 0.30274230 0.03530738 0.01035348 0.01918339 0.01099926 0.00770849 
117.00000000 0.61997303 0.29588210 0.03543727 0.01045440 0.01918391 0.01125281 0.00781648 
118.00000000 0.62620987 0.28904792 0.03556394 0.01056210 0.01917659 0.01151491 0.00792466 
119.00000000 0.63240413 0.28225151 0.03568774 0.01067678 0.01916175 0.01178518 0.00803292 
120.00000000 0.63854370 0.27550461 0.03580897 0.01079857 0.01913976 0.01206319 0.00814120 
121.00000000 0.64461651 0.26881901 0.03592794 0.01092759 0.01911102 0.01234850 0.00824942 
122.00000000 0.65061058 0.26220645 0.03604493 0.01106393 0.01907596 0.01264063 0.00835752 
123.00000000 0.65651401 0.25567862 0.03616018 0.01120762 0.01903508 0.01293905 0.00846544 
124.00000000 0.66231503 0.24924716 0.03627393 0.01135868 0.01898886 0.01324324 0.00857311 
125.00000000 0.66800203 0.24292356 0.03638638 0.01151709 0.01893785 0.01355260 0.00868049 
126.00000000 0.67356360 0.23671920 0.03649771 0.01168278 0.01888262 0.01386656 0.00878752 
127.00000000 0.67898854 0.23064527 0.03660808 0.01185567 0.01882377 0.01418449 0.00889417 
128.00000000 0.68426590 0.22471277 0.03671761 0.01203563 0.01876193 0.01450575 0.00900041 
129.00000000 0.68938502 0.21893244 0.03682642 0.01222249 0.01869773 0.01482970 0.00910621 
130.00000000 0.69433554 0.21331477 0.03693457 0.01241607 0.01863186 0.01515566 0.00921154 
131.00000000 0.69910744 0.20786995 0.03704213 0.01261614 0.01856499 0.01548297 0.00931638 
132.00000000 0.70369109 0.20260784 0.03714913 0.01282246 0.01849782 0.01581093 0.00942074 
133.00000000 0.70807723 0.19753792 0.03725558 0.01303474 0.01843108 0.01613885 0.00952460 
134.00000000 0.71225703 0.19266932 0.03736148 0.01325269 0.01836547 0.01646606 0.00962797 
135.00000000 0.71622212 0.18801071 0.03746679 0.01347597 0.01830172 0.01679185 0.00973085 
136.00000000 0.71996459 0.18357033 0.03757147 0.01370425 0.01824056 0.01711554 0.00983326 
137.00000000 0.72347703 0.17935597 0.03767546 0.01393716 0.01818271 0.01743646 0.00993522 
138.00000000 0.72675255 0.17537488 0.03777869 0.01417432 0.01812889 0.01775393 0.01003674 
139.00000000 0.72978478 0.17163382 0.03788108 0.01441535 0.01807980 0.01806732 0.01013786 
140.00000000 0.73256793 0.16813900 0.03798253 0.01465984 0.01803613 0.01837597 0.01023860 
141.00000000 0.73509674 0.16489608 0.03808294 0.01490739 0.01799858 0.01867927 0.01033900 
142.00000000 0.73736658 0.16191013 0.03818221 0.01515758 0.01796778 0.01897663 0.01043909 
143.00000000 0.73937338 0.15918562 0.03828023 0.01541002 0.01794438 0.01926746 0.01053892 
144.00000000 0.74111369 0.15672643 0.03837689 0.01566427 0.01792897 0.01955123 0.01063851 
145.00000000 0.74258467 0.15453581 0.03847209 0.01591995 0.01792215 0.01982740 0.01073792 
146.00000000 0.74378410 0.15261639 0.03856573 0.01617665 0.01792444 0.02009550 0.01083719 
147.00000000 0.74471039 0.15097016 0.03865770 0.01643398 0.01793636 0.02035505 0.01093635 
148.00000000 0.74536256 0.14959846 0.03874793 0.01669157 0.01795839 0.02060563 0.01103546 
149.00000000 0.74574027 0.14850202 0.03883633 0.01694904 0.01799095 0.02084685 0.01113454 
150.00000000 0.74584379 0.14768090 0.03892283 0.01720605 0.01803443 0.02107834 0.01123365 
151.00000000 0.74567401 0.14713455 0.03900738 0.01746227 0.01808919 0.02129979 0.01133281 
152.00000000 0.74523243 0.14686175 0.03908994 0.01771739 0.01815552 0.02151091 0.01143206 
153.00000000 0.74452116 0.14686070 0.03917047 0.01797110 0.01823369 0.02171145 0.01153143 
154.00000000 0.74354289 0.14712895 0.03924896 0.01822313 0.01832391 0.02190120 0.01163096 
155.00000000 0.74230090 0.14766346 0.03932541 0.01847325 0.01842634 0.02207998 0.01173066 
156.00000000 0.74079901 0.14846061 0.03939985 0.01872121 0.01854111 0.02224765 0.01183056 
157.00000000 0.73904162 0.14951619 0.03947231 0.01896681 0.01866828 0.02240413 0.01193067 
158.00000000 0.73703362 0.15082545 0.03954285 0.01920986 0.01880788 0.02254933 0.01203101 
159.00000000 0.73478044 0.15238308 0.03961153 0.01945022 0.01895990 0.02268325 0.01213158 
160.00000000 0.73228799 0.15418330 0.03967844 0.01968773 0.01912427 0.02280588 0.01223239 
161.00000000 0.72956265 0.15621980 0.03974368 0.01992228 0.01930088 0.02291728 0.01233344 
162.00000000 0.72661122 0.15848583 0.03980738 0.02015378 0.01948958 0.02301751 0.01243471 
163.00000000 0.72344094 0.16097417 0.03986967 0.02038215 0.01969018 0.02310669 0.01253620 
164.00000000 0.72005945 0.16367722 0.03993069 0.02060733 0.01990246 0.02318497 0.01263789 
165.00000000 0.71647472 0.16658697 0.03999062 0.02082929 0.02012613 0.02325250 0.01273977 
166.00000000 0.71269508 0.16969508 0.04004962 0.02104801 0.02036091 0.02330950 0.01284180 
167.00000000 0.70872918 0.17299285 0.04010788 0.02126348 0.02060646 0.02335619 0.01294396 
168.00000000 0.70458593 0.17647132 0.04016560 0.02147571 0.02086240 0.02339282 0.01304621 
169.00000000 0.70027449 0.18012125 0.04022298 0.02168473 0.02112835 0.02341968 0.01314853 
170.00000000 0.69580427 0.18393314 0.04028024 0.02189056 0.02140388 0.02343705 0.01325086 
171.00000000 0.69118484 0.18789733 0.04033760 0.02209325 0.02168855 0.02344526 0.01335317 
172.00000000 0.68642596 0.19200396 0.04039529 0.02229285 0.02198188 0.02344466 0.01345541 
173.00000000 0.68153751 0.19624302 0.04045352 0.02248941 0.02228340 0.02343558 0.01355754 
174.00000000 0.67652948 0.20060443 0.04051255 0.02268301 0.02259261 0.02341842 0.01365951 
175.00000000 0.67141195 0.20507797 0.04057259 0.02287370 0.02290897 0.02339355 0.01376127 
176.00000000 0.66619504 0.20965341 0.04063389 0.02306156 0.02323197 0.02336136 0.01386277 
177.00000000 0.66088890 0.21432047 0.04069667 0.02324666 0.02356107 0.02332228 0.01396396 
178.00000000 0.65550366 0.21906889 0.04076117 0.02342906 0.02389572 0.02327670 0.01406479 
179.00000000 0.65004944 0.22388843 0.04082762 0.02360885 0.02423537 0.02322507 0.01416521 
180.00000000 0.64453631 0.22876891 0.04089625 0.02378609 0.02457946 0.02316780 0.01426517 
181.00000000 0.63897426 0.23370021 0.04096726 0.02396085 0.02492744 0.02310533 0.01436464 
182.00000000 0.63337317 0.23867234 0.04104089 0.02413320 0.02527875 0.02303810 0.01446355 
183.00000000 0.62774280 0.24367541 0.04111733 0.02430319 0.02563284 0.02296655 0.01456188 
184.00000000 0.62209280 0.24869969 0.04119679 0.02447088 0.02598915 0.02289111 0.01465958 
185.00000000 0.61643263 0.25373561 0.04127945 0.02463634 0.02634714 0.02281221 0.01475662 
186.00000000 0.61077158 0.25877377 0.04136552 0.02479960 0.02670627 0.02273030 0.01485296 
187.00000000 0.60511875 0.26380498 0.04145516 0.02496072 0.02706600 0.02264581 0.01494857 
188.00000000 0.59948304 0.26882027 0.04154855 0.02511974 0.02742581 0.02255915 0.01504344 
189.00000000 0.59387311 0.27381087 0.04164583 0.02527670 0.02778519 0.02247076 0.01513754 
190.00000000 0.58829741 0.27876827 0.04174717 0.02543163 0.02814362 0.02238104 0.01523085 
191.00000000 0.58276413 0.28368421 0.04185270 0.02558456 0.02850062 0.02229041 0.01532336 
192.00000000 0.57728121 0.28855068 0.04196256 0.02573552 0.02885570 0.02219926 0.01541506 
193.00000000 0.57185633 0.29335993 0.04207685 0.02588455 0.02920839 0.02210799 0.01550596 
194.00000000 0.56649688 0.29810450 0.04219570 0.02603165 0.02955824 0.02201699 0.01559604 
195.00000000 0.56121002 0.30277720 0.04231919 0.02617686 0.02990479 0.02192661 0.01568532 
196.00000000 0.55600260 0.30737112 0.04244743 0.02632020 0.03024762 0.02183723 0.01577380 
197.00000000 0.55088117 0.31187964 0.04258048 0.02646168 0.03058632 0.02174920 0.01586151 
198.00000000 0.54585204 0.31629643 0.04271842 0.02660133 0.03092047 0.02166287 0.01594845 
199.00000000 0.54092121 0.32061544 0.04286129 0.02673917 0.03124969 0.02157855 0.01603465 
200.00000000 0.53609438 0.32483093 0.04300916 0.02687521 0.03157360 0.02149658 0.01612014 
201.00000000 0.53137699 0.32893742 0.04316204 0.02700949 0.03189185 0.02141727 0.01620494 
202.00000000 0.52677419 0.33292974 0.04331996 0.02714202 0.03220410 0.02134089 0.01628909 
203.00000000 0.52229084 0.33680299 0.04348295 0.02727283 0.03251002 0.02126776 0.01637263 
204.00000000 0.51793153 0.34055256 0.04365098 0.02740194 0.03280928 0.02119812 0.01645558 
205.00000000 0.51370057 0.34417411 0.04382407 0.02752939 0.03310160 0.02113225 0.01653800 
206.00000000 0.50960201 0.34766360 0.04400217 0.02765521 0.03338670 0.02107039 0.01661992 
207.00000000 0.50563961 0.35101722 0.04418527 0.02777944 0.03366431 0.02101277 0.01670139 
208.00000000 0.50181689 0.35423145 0.04437331 0.02790211 0.03393418 0.02095961 0.01678245 
209.00000000 0.49813713 0.35730304 0.04456623 0.02802326 0.03419608 0.02091112 0.01686315 
210.00000000 0.49460332 0.36022896 0.04476396 0.02814294 0.03444979 0.02086750 0.01694353 
211.00000000 0.49121823 0.36300647 0.04496643 0.02826119 0.03469511 0.02082893 0.01702365 
212.00000000 0.48798440 0.36563305 0.04517353 0.02837806 0.03493185 0.02079556 0.01710354 
213.00000000 0.48490411 0.36810643 0.04538516 0.02849361 0.03515986 0.02076757 0.01718326 
214.00000000 0.48197944 0.37042458 0.04560119 0.02860788 0.03537898 0.02074507 0.01726285 
215.00000000 0.47921224 0.37258567 0.04582151 0.02872094 0.03558908 0.02072821 0.01734234 
216.00000000 0.47660414 0.37458814 0.04604595 0.02883283 0.03579004 0.02071709 0.01742180 
217.00000000 0.47415657 0.37643061 0.04627437 0.02894363 0.03598177 0.02071181 0.01750124 
218.00000000 0.47187073 0.37811195 0.04650660 0.02905338 0.03616418 0.02071245 0.01758072 
219.00000000 0.46974766 0.37963120 0.04674245 0.02916215 0.03633721 0.02071907 0.01766026 
220.00000000 0.46778816 0.38098764 0.04698174 0.02927001 0.03650081 0.02073173 0.01773991 
221.00000000 0.46599287 0.38218075 0.04722425 0.02937702 0.03665496 0.02075046 0.01781968 
222.00000000 0.46436222 0.38321020 0.04746978 0.02948324 0.03679964 0.02077530 0.01789961 
223.00000000 0.46289648 0.38407586 0.04771811 0.02958873 0.03693486 0.02080623 0.01797973 
224.00000000 0.46159570 0.38477780 0.04796899 0.02969357 0.03706064 0.02084326 0.01806005 
225.00000000 0.46045979 0.38531626 0.04822219 0.02979780 0.03717702 0.02088636 0.01814058 
226.00000000 0.45948844 0.38569170 0.04847745 0.02990151 0.03728405 0.02093549 0.01822136 
227.00000000 0.45868120 0.38590475 0.04873452 0.03000475 0.03738182 0.02099059 0.01830237 
228.00000000 0.45803742 0.38595623 0.04899314 0.03010757 0.03747039 0.02105160 0.01838365 
229.00000000 0.45755628 0.38584715 0.04925303 0.03021006 0.03754989 0.02111842 0.01846518 
230.00000000 0.45723678 0.38557868 0.04951392 0.03031226 0.03762044 0.02119096 0.01854696 
231.00000000 0.45707777 0.38515220 0.04977553 0.03041423 0.03768215 0.02126910 0.01862901 
232.00000000 0.45707788 0.38456927 0.05003759 0.03051605 0.03773520 0.02135271 0.01871130 
233.00000000 0.45723561 0.38383161 0.05029980 0.03061775 0.03777973 0.02144165 0.01879384 
234.00000000 0.45754925 0.38294114 0.05056190 0.03071941 0.03781593 0.02153575 0.01887662 
235.00000000 0.45801691 0.38189995 0.05082361 0.03082107 0.03784399 0.02163484 0.01895961 
236.00000000 0.45863656 0.38071032 0.05108464 0.03092281 0.03786412 0.02173874 0.01904281 
237.00000000 0.45940594 0.37937470 0.05134473 0.03102466 0.03787652 0.02184724 0.01912621 
238.00000000 0.46032265 0.37789572 0.05160361 0.03112668 0.03788142 0.02196014 0.01920977 
239.00000000 0.46138407 0.37627620 0.05186102 0.03122894 0.03787907 0.02207722 0.01929348 
240.00000000 0.46258744 0.37451912 0.05211670 0.03133148 0.03786971 0.02219823 0.01937733 
241.00000000 0.46392976 0.37262765 0.05237042 0.03143436 0.03785359 0.02232295 0.01946128 
242.00000000 0.46540790 0.37060514 0.05262193 0.03153762 0.03783098 0.02245111 0.01954532 
243.00000000 0.46701851 0.36845510 0.05287103 0.03164132 0.03780216 0.02258246 0.01962942 
244.00000000 0.46875807 0.36618124 0.05311749 0.03174552 0.03776740 0.02271672 0.01971357 
245.00000000 0.47062285 0.36378741 0.05336112 0.03185026 0.03772699 0.02285364 0.01979773 
246.00000000 0.47260898 0.36127765 0.05360173 0.03195560 0.03768123 0.02299291 0.01988189 
247.00000000 0.47471236 0.35865617 0.05383917 0.03206158 0.03763041 0.02313428 0.01996603 
248.00000000 0.47692874 0.35592734 0.05407327 0.03216826 0.03757483 0.02327744 0.02005012 
249.00000000 0.47925367 0.35309569 0.05430391 0.03227568 0.03751479 0.02342210 0.02013416 
250.00000000 0.48168254 0.35016590 0.05453095 0.03238389 0.03745062 0.02356798 0.02021811 
251.00000000 0.48421054 0.34714283 0.05475430 0.03249295 0.03738261 0.02371479 0.02030197 
252.00000000 0.48683272 0.34403146 0.05497388 0.03260289 0.03731108 0.02386223 0.02038573 
253.00000000 0.48954395 0.34083694 0.05518961 0.03271376 0.03723635 0.02401003 0.02046937 
254.00000000 0.49233893 0.33756454 0.05540144 0.03282562 0.03715872 0.02415788 0.02055288 
255.00000000 0.49521223 0.33421966 0.05560934 0.03293849 0.03707851 0.02430551 0.02063625 
256.00000000 0.49815826 0.33080784 0.05581330 0.03305242 0.03699604 0.02445265 0.02071948 
257.00000000 0.50117129 0.32733473 0.05601332 0.03316746 0.03691161 0.02459903 0.02080257 
258.00000000 0.50424545 0.32380609 0.05620941 0.03328363 0.03682553 0.02474437 0.02088552 
259.00000000 0.50737477 0.32022778 0.05640162 0.03340097 0.03673811 0.02488843 0.02096833 
260.00000000 0.51055314 0.31660575 0.05658998 0.03351952 0.03664965 0.02503095 0.02105100 
261.00000000 0.51377437 0.31294606 0.05677458 0.03363930 0.03656046 0.02517170 0.02113353 
262.00000000 0.51703217 0.30925479 0.05695547 0.03376034 0.03647083 0.02531045 0.02121594 
263.00000000 0.52032016 0.30553814 0.05713277 0.03388267 0.03638105 0.02544697 0.02129824 
264.00000000 0.52363191 0.30180232 0.05730658 0.03400629 0.03629141 0.02558106 0.02138043 
265.00000000 0.52696092 0.29805360 0.05747700 0.03413124 0.03620219 0.02571253 0.02146252 
266.00000000 0.53030065 0.29429826 0.05764419 0.03425751 0.03611367 0.02584118 0.02154454 
267.00000000 0.53364453 0.29054263 0.05780826 0.03438513 0.03602612 0.02596684 0.02162649 
268.00000000 0.53698597 0.28679301 0.05796938 0.03451408 0.03593981 0.02608935 0.02170840 
269.00000000 0.54031841 0.28305570 0.05812769 0.03464438 0.03585499 0.02620857 0.02179027 
270.00000000 0.54363526 0.27933699 0.05828336 0.03477601 0.03577191 0.02632435 0.02187212 
271.00000000 0.54692998 0.27564313 0.05843656 0.03490897 0.03569082 0.02643658 0.02195396 
272.00000000 0.55019607 0.27198030 0.05858746 0.03504324 0.03561196 0.02654514 0.02203582 
273.00000000 0.55342710 0.26835465 0.05873624 0.03517881 0.03553555 0.02664993 0.02211771 
274.00000000 0.55661670 0.26477224 0.05888308 0.03531565 0.03546181 0.02675088 0.02219964 
275.00000000 0.55975859 0.26123902 0.05902817 0.03545373 0.03539096 0.02684790 0.02228163 
276.00000000 0.56284660 0.25776087 0.05917168 0.03559301 0.03532321 0.02694094 0.02236368 
277.00000000 0.56587468 0.25434355 0.05931379 0.03573347 0.03525875 0.02702994 0.02244582 
278.00000000 0.56883689 0.25099265 0.05945470 0.03587506 0.03519777 0.02711488 0.02252803 
279.00000000 0.57172748 0.24771368 0.05959459 0.03601774 0.03514044 0.02719572 0.02261035 
280.00000000 0.57454083 0.24451194 0.05973362 0.03616145 0.03508695 0.02727245 0.02269276 
281.00000000 0.57727150 0.24139260 0.05987199 0.03630614 0.03503744 0.02734507 0.02277527 
282.00000000 0.57991424 0.23836062 0.06000985 0.03645175 0.03499207 0.02741357 0.02285789 
283.00000000 0.58246402 0.23542079 0.06014739 0.03659822 0.03495099 0.02747798 0.02294061 
284.00000000 0.58491598 0.23257769 0.06028476 0.03674549 0.03491432 0.02753832 0.02302343 
285.00000000 0.58726554 0.22983569 0.06042212 0.03689348 0.03488219 0.02759463 0.02310634 
286.00000000 0.58950831 0.22719893 0.06055963 0.03704213 0.03485472 0.02764694 0.02318934 
287.00000000 0.59164016 0.22467134 0.06069743 0.03719136 0.03483201 0.02769530 0.02327241 
288.00000000 0.59365722 0.22225657 0.06083566 0.03734110 0.03481414 0.02773978 0.02335553 
289.00000000 0.59555587 0.21995805 0.06097447 0.03749126 0.03480122 0.02778043 0.02343871 
290.00000000 0.59733277 0.21777896 0.06111397 0.03764176 0.03479331 0.02781732 0.02352190 
291.00000000 0.59898486 0.21572219 0.06125429 0.03779253 0.03479049 0.02785054 0.02360511 
292.00000000 0.60050935 0.21379039 0.06139554 0.03794347 0.03479280 0.02788015 0.02368829 
293.00000000 0.60190374 0.21198592 0.06153784 0.03809452 0.03480029 0.02790626 0.02377144 
294.00000000 0.60316582 0.21031087 0.06168128 0.03824557 0.03481300 0.02792895 0.02385453 
295.00000000 0.60429369 0.20876704 0.06182595 0.03839654 0.03483095 0.02794831 0.02393752 
296.00000000 0.60528571 0.20735596 0.06197195 0.03854735 0.03485418 0.02796445 0.02402040 
297.00000000 0.60614058 0.20607889 0.06211934 0.03869792 0.03488267 0.02797748 0.02410313 
298.00000000 0.60685727 0.20493677 0.06226821 0.03884815 0.03491643 0.02798749 0.02418568 
299.00000000 0.60743505 0.20393028 0.06241862 0.03899796 0.03495546 0.02799460 0.02426803 
300.00000000 0.60787348 0.20305983 0.06257062 0.03914728 0.03499973 0.02799892 0.02435014 
301.00000000 0.60817243 0.20232551 0.06272427 0.03929602 0.03504920 0.02800057 0.02443199 
302.00000000 0.60833204 0.20172718 0.06287961 0.03944410 0.03510386 0.02799967 0.02451354 
303.00000000 0.60835275 0.20126440 0.06303669 0.03959144 0.03516363 0.02799633 0.02459476 
304.00000000 0.60823526 0.20093645 0.06319552 0.03973797 0.03522848 0.02799068 0.02467563 
305.00000000 0.60798057 0.20074238 0.06335614 0.03988361 0.03529834 0.02798284 0.02475612 
306.00000000 0.60758991 0.20068096 0.06351855 0.04002830 0.03537314 0.02797294 0.02483619 
307.00000000 0.60706482 0.20075071 0.06368279 0.04017196 0.03545278 0.02796110 0.02491584 
308.00000000 0.60640704 0.20094991 0.06384884 0.04031454 0.03553720 0.02794745 0.02499502 
309.00000000 0.60561859 0.20127660 0.06401671 0.04045597 0.03562628 0.02793212 0.02507372 
310.00000000 0.60470172 0.20172860 0.06418638 0.04059620 0.03571993 0.02791523 0.02515193 
311.00000000 0.60365890 0.20230351 0.06435786 0.04073517 0.03581804 0.02789692 0.02522961 
312.00000000 0.60249281 0.20299871 0.06453110 0.04087283 0.03592048 0.02787731 0.02530675 
313.00000000 0.60120635 0.20381140 0.06470610 0.04100914 0.03602714 0.02785653 0.02538334 
314.00000000 0.59980260 0.20473856 0.06488282 0.04114406 0.03613787 0.02783472 0.02545936 
315.00000000 0.59828484 0.20577702 0.06506122 0.04127756 0.03625255 0.02781199 0.02553482 
316.00000000 0.59665652 0.20692343 0.06524127 0.04140959 0.03637103 0.02778849 0.02560968 
317.00000000 0.59492124 0.20817427 0.06542290 0.04154013 0.03649317 0.02776433 0.02568396 
318.00000000 0.59308277 0.20952591 0.06560608 0.04166916 0.03661880 0.02773964 0.02575765 
319.00000000 0.59114502 0.21097453 0.06579073 0.04179666 0.03674777 0.02771455 0.02583074 
320.00000000 0.58911200 0.21251624 0.06597681 0.04192261 0.03687991 0.02768918 0.02590324 
321.00000000 0.58698787 0.21414699 0.06616424 0.04204700 0.03701507 0.02766366 0.02597516 
322.00000000 0.58477689 0.21586266 0.06635296 0.04216984 0.03715307 0.02763810 0.02604649 
323.00000000 0.58248340 0.21765901 0.06654288 0.04229111 0.03729373 0.02761263 0.02611724 
324.00000000 0.58011183 0.21953176 0.06673393 0.04241082 0.03743689 0.02758736 0.02618742 
325.00000000 0.57766669 0.22147651 0.06692603 0.04252898 0.03758235 0.02756240 0.02625705 
326.00000000 0.57515254 0.22348883 0.06711910 0.04264559 0.03772995 0.02753787 0.02632613 
327.00000000 0.57257400 0.22556424 0.06731304 0.04276067 0.03787950 0.02751388 0.02639468 
328.00000000 0.56993573 0.22769821 0.06750777 0.04287425 0.03803081 0.02749053 0.02646271 
329.00000000 0.56724242 0.22988618 0.06770320 0.04298633 0.03818371 0.02746792 0.02653024 
330.00000000 0.56449879 0.23212357 0.06789923 0.04309695 0.03833800 0.02744616 0.02659730 
331.00000000 0.56170955 0.23440580 0.06809577 0.04320614 0.03849352 0.02742535 0.02666388 
332.00000000 0.55887942 0.23672827 0.06829273 0.04331393 0.03865007 0.02740556 0.02673002 
333.00000000 0.55601315 0.23908639 0.06849002 0.04342034 0.03880747 0.02738690 0.02679573 
334.00000000 0.55311542 0.24147559 0.06868754 0.04352543 0.03896555 0.02736944 0.02686104 
335.00000000 0.55019092 0.24389132 0.06888520 0.04362922 0.03912412 0.02735326 0.02692596 
336.00000000 0.54724432 0.24632903 0.06908291 0.04373176 0.03928302 0.02733845 0.02699051 
337.00000000 0.54428022 0.24878425 0.06928059 0.04383309 0.03944206 0.02732507 0.02705472 
338.00000000 0.54130322 0.25125252 0.06947814 0.04393326 0.03960109 0.02731318 0.02711860 
339.00000000 0.53831782 0.25372942 0.06967549 0.04403231 0.03975993 0.02730285 0.02718217 
340.00000000 0.53532852 0.25621062 0.06987255 0.04413029 0.03991842 0.02729414 0.02724546 
341.00000000 0.53233971 0.25869181 0.07006925 0.04422726 0.04007641 0.02728709 0.02730847 
342.00000000 0.52935573 0.26116875 0.07026552 0.04432327 0.04023373 0.02728176 0.02737123 
343.00000000 0.52638087 0.26363729 0.07046129 0.04441835 0.04039025 0.02727818 0.02743377 
344.00000000 0.52341931 0.26609333 0.07065650 0.04451258 0.04054581 0.02727639 0.02749608 
345.00000000 0.52047517 0.26853285 0.07085109 0.04460600 0.04070027 0.02727642 0.02755819 
346.00000000 0.51755248 0.27095192 0.07104501 0.04469867 0.04085349 0.02727831 0.02762012 
347.00000000 0.51465518 0.27334667 0.07123821 0.04479064 0.04100535 0.02728206 0.02768188 
348.00000000 0.51178713 0.27571335 0.07143065 0.04488198 0.04115572 0.02728770 0.02774348 
349.00000000 0.50895206 0.27804826 0.07162229 0.04497272 0.04130448 0.02729525 0.02780493 
350.00000000 0.50615365 0.28034784 0.07181312 0.04506295 0.04145150 0.02730470 0.02786625 
351.00000000 0.50339544 0.28260858 0.07200309 0.04515270 0.04159668 0.02731607 0.02792744 
352.00000000 0.50068089 0.28482709 0.07219220 0.04524204 0.04173991 0.02732934 0.02798852 
353.00000000 0.49801334 0.28700008 0.07238043 0.04533104 0.04188109 0.02734453 0.02804949 
354.00000000 0.49539603 0.28912436 0.07256778 0.04541974 0.04202012 0.02736161 0.02811036 
355.00000000 0.49283209 0.29119684 0.07275424 0.04550821 0.04215691 0.02738057 0.02817114 
356.00000000 0.49032452 0.29321454 0.07293982 0.04559651 0.04229136 0.02740140 0.02823184 
357.00000000 0.48787624 0.29517460 0.07312453 0.04568470 0.04242340 0.02742409 0.02829245 
358.00000000 0.48549002 0.29707425 0.07330838 0.04577284 0.04255294 0.02744859 0.02835298 
359.00000000 0.48316853 0.29891084 0.07349139 0.04586100 0.04267990 0.02747490 0.02841344 
360.00000000 0.48091432 0.30068183 0.07367358 0.04594924 0.04280422 0.02750298 0.02847382 
361.00000000 0.47872982 0.30238482 0.07385498 0.04603762 0.04292582 0.02753280 0.02853414 
362.00000000 0.47661734 0.30401749 0.07403561 0.04612620 0.04304464 0.02756432 0.02859439 
363.00000000 0.47457906 0.30557766 0.07421551 0.04621506 0.04316062 0.02759752 0.02865457 
364.00000000 0.47261704 0.30706327 0.07439471 0.04630426 0.04327369 0.02763236 0.02871468 
365.00000000 0.47073320 0.30847237 0.07457325 0.04639385 0.04338381 0.02766879 0.02877473 
366.00000000 0.46892937 0.30980315 0.07475116 0.04648392 0.04349091 0.02770678 0.02883471 
367.00000000 0.46720722 0.31105392 0.07492848 0.04657452 0.04359495 0.02774630 0.02889462 
368.00000000 0.46556830 0.31222310 0.07510524 0.04666572 0.04369589 0.02778729 0.02895447 
369.00000000 0.46401404 0.31330925 0.07528150 0.04675759 0.04379367 0.02782971 0.02901425 
370.00000000 0.46254572 0.31431107 0.07545727 0.04685019 0.04388826 0.02787353 0.02907396 
371.00000000 0.46116451 0.31522736 0.07563260 0.04694359 0.04397963 0.02791870 0.02913361 
372.00000000 0.45987142 0.31605709 0.07580753 0.04703786 0.04406772 0.02796519 0.02919319 
373.00000000 0.45866737 0.31679933 0.07598208 0.04713305 0.04415253 0.02801294 0.02925270 
374.00000000 0.45755310 0.31745329 0.07615630 0.04722924 0.04423401 0.02806192 0.02931215 
375.00000000 0.45652924 0.31801832 0.07633019 0.04732648 0.04431214 0.02811209 0.02937153 
376.00000000 0.45559629 0.31849392 0.07650381 0.04742483 0.04438689 0.02816341 0.02943086 
377.00000000 0.45475459 0.31887968 0.07667716 0.04752435 0.04445826 0.02821583 0.02949012 
378.00000000 0.45400438 0.31917538 0.07685026 0.04762510 0.04452623 0.02826932 0.02954932 
379.00000000 0.45334573 0.31938090 0.07702314 0.04772713 0.04459078 0.02832385 0.02960847 
380.00000000 0.45277858 0.31949628 0.07719580 0.04783049 0.04465191 0.02837936 0.02966757 
381.00000000 0.45230276 0.31952167 0.07736827 0.04793522 0.04470962 0.02843584 0.02972663 
382.00000000 0.45191794 0.31945739 0.07754053 0.04804137 0.04476390 0.02849323 0.02978564 
383.00000000 0.45162364 0.31930387 0.07771260 0.04814898 0.04481478 0.02855151 0.02984462 
384.00000000 0.45141929 0.31906169 0.07788447 0.04825808 0.04486225 0.02861065 0.02990358 
385.00000000 0.45130413 0.31873156 0.07805614 0.04836870 0.04490635 0.02867060 0.02996251 
386.00000000 0.45127732 0.31831434 0.07822761 0.04848087 0.04494708 0.02873135 0.03002144 
387.00000000 0.45133784 0.31781100 0.07839886 0.04859462 0.04498449 0.02879284 0.03008036 
388.00000000 0.45148457 0.31722266 0.07856987 0.04870994 0.04501860 0.02885507 0.03013930 
389.00000000 0.45171624 0.31655057 0.07874064 0.04882686 0.04504946 0.02891798 0.03019825 
390.00000000 0.45203145 0.31579611 0.07891114 0.04894539 0.04507712 0.02898156 0.03025724 
391.00000000 0.45242870 0.31496079 0.07908135 0.04906551 0.04510162 0.02904576 0.03031627 
392.00000000 0.45290633 0.31404623 0.07925125 0.04918722 0.04512304 0.02911057 0.03037535 
393.00000000 0.45346257 0.31305421 0.07942082 0.04931051 0.04514144 0.02917595 0.03043451 
394.00000000 0.45409553 0.31198658 0.07959002 0.04943536 0.04515689 0.02924187 0.03049376 
395.00000000 0.45480321 0.31084535 0.07975883 0.04956174 0.04516947 0.02930829 0.03055311 
396.00000000 0.45558347 0.30963264 0.07992722 0.04968963 0.04517928 0.02937518 0.03061257 
397.00000000 0.45643409 0.30835066 0.08009517 0.04981899 0.04518641 0.02944251 0.03067217 
398.00000000 0.45735270 0.30700175 0.08026263 0.04994978 0.04519096 0.02951025 0.03073192 
399.00000000 0.45833687 0.30558834 0.08042960 0.05008194 0.04519303 0.02957837 0.03079184 
400.00000000 0.45938404 0.30411298 0.08059603 0.05021544 0.04519275 0.02964681 0.03085194 
401.00000000 0.46049156 0.30257829 0.08076191 0.05035020 0.04519024 0.02971555 0.03091224 
402.00000000 0.46165669 0.30098701 0.08092720 0.05048618 0.04518562 0.02978456 0.03097276 
403.00000000 0.46287658 0.29934193 0.08109188 0.05062329 0.04517902 0.02985377 0.03103352 
404.00000000 0.46414834 0.29764596 0.08125593 0.05076148 0.04517058 0.02992317 0.03109453 
405.00000000 0.46546896 0.29590208 0.08141932 0.05090067 0.04516046 0.02999270 0.03115582 
406.00000000 0.46683538 0.29411331 0.08158204 0.05104079 0.04514878 0.03006232 0.03121739 
407.00000000 0.46824446 0.29228277 0.08174407 0.05118174 0.04513571 0.03013198 0.03127927 
408.00000000 0.46969300 0.29041363 0.08190540 0.05132347 0.04512140 0.03020163 0.03134147 
409.00000000 0.47117776 0.28850911 0.08206601 0.05146587 0.04510602 0.03027123 0.03140401 
410.00000000 0.47269542 0.28657248 0.08222589 0.05160886 0.04508972 0.03034073 0.03146690 
411.00000000 0.47424264 0.28460706 0.08238504 0.05175237 0.04507266 0.03041007 0.03153015 
412.00000000 0.47581603 0.28261620 0.08254345 0.05189630 0.04505502 0.03047921 0.03159379 
413.00000000 0.47741218 0.28060326 0.08270112 0.05204057 0.04503697 0.03054808 0.03165781 
414.00000000 0.47902764 0.27857167 0.08285806 0.05218510 0.04501866 0.03061663 0.03172225 
415.00000000 0.48065895 0.27652483 0.08301426 0.05232980 0.04500026 0.03068481 0.03178709 
416.00000000 0.48230263 0.27446616 0.08316974 0.05247459 0.04498195 0.03075256 0.03185237 
417.00000000 0.48395521 0.27239911 0.08332450 0.05261938 0.04496390 0.03081982 0.03191807 
418.00000000 0.48561322 0.27032710 0.08347856 0.05276411 0.04494626 0.03088654 0.03198421 
419.00000000 0.48727318 0.26825355 0.08363192 0.05290870 0.04492919 0.03095265 0.03205080 
420.00000000 0.48893165 0.26618185 0.08378462 0.05305307 0.04491287 0.03101811 0.03211784 
421.00000000 0.49058519 0.26411538 0.08393666 0.05319716 0.04489744 0.03108285 0.03218533 
422.00000000 0.49223040 0.26205748 0.08408807 0.05334090 0.04488306 0.03114681 0.03225327 
423.00000000 0.49386392 0.26001147 0.08423887 0.05348424 0.04486988 0.03120995 0.03232167 
424.00000000 0.49548243 0.25798061 0.08438909 0.05362711 0.04485804 0.03127220 0.03239052 
425.00000000 0.49708265 0.25596812 0.08453876 0.05376947 0.04484767 0.03133352 0.03245981 
426.00000000 0.49866136 0.25397714 0.08468790 0.05391127 0.04483893 0.03139385 0.03252956 
427.00000000 0.50021541 0.25201079 0.08483654 0.05405247 0.04483192 0.03145314 0.03259974 
428.00000000 0.50174170 0.25007208 0.08498472 0.05419303 0.04482678 0.03151133 0.03267035 
429.00000000 0.50323724 0.24816398 0.08513247 0.05433292 0.04482361 0.03156840 0.03274139 
430.00000000 0.50469907 0.24628935 0.08527982 0.05447212 0.04482253 0.03162428 0.03281283 
431.00000000 0.50612435 0.24445099 0.08542682 0.05461059 0.04482364 0.03167893 0.03288468 
432.00000000 0.50751032 0.24265159 0.08557348 0.05474833 0.04482704 0.03173233 0.03295691 
433.00000000 0.50885432 0.24089376 0.08571986 0.05488532 0.04483280 0.03178442 0.03302952 
434.00000000 0.51015378 0.23918000 0.08586599 0.05502156 0.04484102 0.03183517 0.03310249 
435.00000000 0.51140625 0.23751271 0.08601190 0.05515703 0.04485176 0.03188456 0.03317579 
436.00000000 0.51260938 0.23589418 0.08615763 0.05529176 0.04486508 0.03193255 0.03324942 
437.00000000 0.51376093 0.23432659 0.08630323 0.05542573 0.04488105 0.03197912 0.03332335 
438.00000000 0.51485878 0.23281200 0.08644872 0.05555896 0.04489972 0.03202424 0.03339757 
439.00000000 0.51590095 0.23135235 0.08659416 0.05569147 0.04492113 0.03206789 0.03347205 
