0.00000000 0.00000000 0.00000000 0.00000000 0.00000000 0.00000000 1.00000000 0.00000000 
1.00000000 0.00000666 0.00000494 0.00000327 0.00001026 0.00023328 0.99968570 0.00005590 
2.00000000 0.00002660 0.00001975 0.00001307 0.00004119 0.00093219 0.99874390 0.00022331 
3.00000000 0.00005973 0.00004440 0.00002940 0.00009316 0.00209413 0.99717773 0.00050146 
4.00000000 0.00010593 0.00007886 0.00005222 0.00016683 0.00371488 0.99499221 0.00088907 
5.00000000 0.00016500 0.00012306 0.00008152 0.00026310 0.00578867 0.99219425 0.00138440 
6.00000000 0.00023670 0.00017695 0.00011725 0.00038314 0.00830815 0.98879256 0.00198524 
7.00000000 0.00032073 0.00024044 0.00015939 0.00052834 0.01126451 0.98479767 0.00268892 
8.00000000 0.00041677 0.00031345 0.00020788 0.00070029 0.01464746 0.98022178 0.00349237 
9.00000000 0.00052442 0.00039586 0.00026268 0.00090084 0.01844537 0.97507876 0.00439208 
10.00000000 0.00064326 0.00048756 0.00032372 0.00113198 0.02264525 0.96938402 0.00538421 
11.00000000 0.00077283 0.00058843 0.00039094 0.00139590 0.02723291 0.96315446 0.00646453 
12.00000000 0.00091262 0.00069833 0.00046428 0.00169495 0.03219297 0.95640835 0.00762849 
13.00000000 0.00106210 0.00081713 0.00054365 0.00203159 0.03750900 0.94916524 0.00887129 
14.00000000 0.00122068 0.00094468 0.00062900 0.00240840 0.04316356 0.94144586 0.01018783 
15.00000000 0.00138778 0.00108082 0.00072022 0.00282803 0.04913833 0.93327201 0.01157281 
16.00000000 0.00156276 0.00122539 0.00081724 0.00329321 0.05541420 0.92466645 0.01302074 
17.00000000 0.00174499 0.00137824 0.00091997 0.00380670 0.06197133 0.91565277 0.01452600 
18.00000000 0.00193380 0.00153919 0.00102830 0.00437124 0.06878931 0.90625532 0.01608284 
19.00000000 0.00212850 0.00170807 0.00114215 0.00498959 0.07584723 0.89649904 0.01768542 
20.00000000 0.00232842 0.00188471 0.00126141 0.00566443 0.08312378 0.88640936 0.01932789 
21.00000000 0.00253286 0.00206894 0.00138597 0.00639837 0.09059734 0.87601213 0.02100438 
22.00000000 0.00274111 0.00226058 0.00151573 0.00719394 0.09824613 0.86533344 0.02270907 
23.00000000 0.00295247 0.00245946 0.00165058 0.00805353 0.10604823 0.85439956 0.02443617 
24.00000000 0.00316626 0.00266539 0.00179039 0.00897938 0.11398176 0.84323681 0.02618002 
25.00000000 0.00338177 0.00287820 0.00193505 0.00997354 0.12202490 0.83187146 0.02793508 
26.00000000 0.00359834 0.00309771 0.00208445 0.01103789 0.13015603 0.82032962 0.02969596 
27.00000000 0.00381529 0.00332374 0.00223845 0.01217406 0.13835381 0.80863719 0.03145747 
28.00000000 0.00403198 0.00355610 0.00239694 0.01338345 0.14659722 0.79681970 0.03321461 
29.00000000 0.00424778 0.00379461 0.00255978 0.01466721 0.15486570 0.78490230 0.03496263 
30.00000000 0.00446208 0.00403910 0.00272684 0.01602619 0.16313916 0.77290961 0.03669704 
31.00000000 0.00467429 0.00428935 0.00289800 0.01746096 0.17139809 0.76086570 0.03841360 
32.00000000 0.00488386 0.00454520 0.00307313 0.01897179 0.17962362 0.74879401 0.04010838 
33.00000000 0.00509028 0.00480644 0.00325209 0.02055862 0.18779755 0.73671729 0.04177775 
34.00000000 0.00529303 0.00507287 0.00343475 0.02222107 0.19590240 0.72465752 0.04341837 
35.00000000 0.00549166 0.00534429 0.00362097 0.02395844 0.20392150 0.71263590 0.04502724 
36.00000000 0.00568575 0.00562048 0.00381063 0.02576968 0.21183896 0.70067280 0.04660169 
37.00000000 0.00587490 0.00590125 0.00400359 0.02765342 0.21963976 0.68878771 0.04813936 
38.00000000 0.00605876 0.00618636 0.00419973 0.02960793 0.22730974 0.67699924 0.04963825 
39.00000000 0.00623702 0.00647558 0.00439890 0.03163117 0.23483564 0.66532504 0.05109665 
40.00000000 0.00640939 0.00676869 0.00460100 0.03372077 0.24220508 0.65378187 0.05251320 
41.00000000 0.00657563 0.00706544 0.00480589 0.03587405 0.24940664 0.64238551 0.05388685 
42.00000000 0.00673556 0.00736558 0.00501345 0.03808801 0.25642976 0.63115078 0.05521687 
43.00000000 0.00688900 0.00766885 0.00522356 0.04035936 0.26326485 0.62009156 0.05650281 
44.00000000 0.00703583 0.00797500 0.00543611 0.04268454 0.26990320 0.60922078 0.05774453 
45.00000000 0.00717598 0.00828375 0.00565099 0.04505972 0.27633700 0.59855040 0.05894216 
46.00000000 0.00730939 0.00859481 0.00586810 0.04748082 0.28255933 0.58809147 0.06009608 
47.00000000 0.00743606 0.00890791 0.00608732 0.04994356 0.28856412 0.57785410 0.06120694 
48.00000000 0.00755601 0.00922275 0.00630857 0.05244342 0.29434615 0.56784751 0.06227560 
49.00000000 0.00766929 0.00953904 0.00653175 0.05497573 0.29990101 0.55808004 0.06330313 
50.00000000 0.00777602 0.00985646 0.00675678 0.05753566 0.30522509 0.54855917 0.06429081 
51.00000000 0.00787631 0.01017472 0.00698358 0.06011824 0.31031552 0.53929156 0.06524009 
52.00000000 0.00797031 0.01049349 0.00721206 0.06271838 0.31517015 0.53028305 0.06615257 
53.00000000 0.00805821 0.01081247 0.00744217 0.06533094 0.31978751 0.52153872 0.06702999 
54.00000000 0.00814022 0.01113134 0.00767382 0.06795070 0.32416679 0.51306291 0.06787421 
55.00000000 0.00821658 0.01144978 0.00790698 0.07057242 0.32830779 0.50485925 0.06868720 
56.00000000 0.00828755 0.01176748 0.00814157 0.07319084 0.33221088 0.49693069 0.06947099 
57.00000000 0.00835339 0.01208412 0.00837755 0.07580075 0.33587697 0.48927953 0.07022769 
58.00000000 0.00841442 0.01239938 0.00861488 0.07839696 0.33930744 0.48190748 0.07095944 
59.00000000 0.00847095 0.01271296 0.00885351 0.08097437 0.34250415 0.47481566 0.07166841 
60.00000000 0.00852330 0.01302455 0.00909340 0.08352794 0.34546937 0.46800465 0.07235679 
61.00000000 0.00857182 0.01333386 0.00933452 0.08605278 0.34820574 0.46147451 0.07302676 
62.00000000 0.00861686 0.01364060 0.00957684 0.08854411 0.35071626 0.45522485 0.07368048 
63.00000000 0.00865878 0.01394448 0.00982033 0.09099733 0.35300421 0.44925480 0.07432007 
64.00000000 0.00869795 0.01424523 0.01006496 0.09340798 0.35507317 0.44356310 0.07494760 
65.00000000 0.00873475 0.01454258 0.01031072 0.09577182 0.35692692 0.43814810 0.07556510 
66.00000000 0.00876955 0.01483629 0.01055757 0.09808480 0.35856948 0.43300779 0.07617452 
67.00000000 0.00880273 0.01512612 0.01080549 0.10034309 0.36000502 0.42813983 0.07677771 
68.00000000 0.00883467 0.01541183 0.01105446 0.10254309 0.36123788 0.42354159 0.07737647 
69.00000000 0.00886574 0.01569322 0.01130447 0.10468145 0.36227250 0.41921015 0.07797248 
70.00000000 0.00889632 0.01597008 0.01155548 0.10675504 0.36311342 0.41514234 0.07856732 
71.00000000 0.00892677 0.01624223 0.01180747 0.10876103 0.36376524 0.41133479 0.07916247 
72.00000000 0.00895746 0.01650949 0.01206043 0.11069681 0.36423265 0.40778388 0.07975929 
73.00000000 0.00898873 0.01677172 0.01231432 0.11256005 0.36452033 0.40448583 0.08035903 
74.00000000 0.00902094 0.01702876 0.01256911 0.11434869 0.36463298 0.40143668 0.08096284 
75.00000000 0.00905442 0.01728049 0.01282479 0.11606093 0.36457532 0.39863233 0.08157172 
76.00000000 0.00908949 0.01752681 0.01308130 0.11769522 0.36435205 0.39606855 0.08218658 
77.00000000 0.00912648 0.01776760 0.01333863 0.11925031 0.36396783 0.39374096 0.08280819 
78.00000000 0.00916568 0.01800280 0.01359672 0.12072517 0.36342729 0.39164511 0.08343723 
79.00000000 0.00920739 0.01823233 0.01385555 0.12211903 0.36273502 0.38977643 0.08407425 
80.00000000 0.00925187 0.01845615 0.01411506 0.12343137 0.36189557 0.38813028 0.08471970 
81.00000000 0.00929941 0.01867420 0.01437522 0.12466193 0.36091341 0.38670194 0.08537390 
82.00000000 0.00935024 0.01888647 0.01463597 0.12581063 0.35979297 0.38548663 0.08603711 
83.00000000 0.00940460 0.01909293 0.01489725 0.12687765 0.35853861 0.38447950 0.08670945 
84.00000000 0.00946273 0.01929359 0.01515902 0.12786338 0.35715464 0.38367567 0.08739097 
85.00000000 0.00952482 0.01948846 0.01542121 0.12876839 0.35564529 0.38307020 0.08808164 
86.00000000 0.00959108 0.01967755 0.01568377 0.12959344 0.35401473 0.38265810 0.08878133 
87.00000000 0.00966168 0.01986090 0.01594662 0.13033949 0.35226710 0.38243436 0.08948986 
88.00000000 0.00973679 0.02003854 0.01620970 0.13100764 0.35040645 0.38239393 0.09020695 
89.00000000 0.00981657 0.02021053 0.01647294 0.13159916 0.34843679 0.38253172 0.09093229 
90.00000000 0.00990116 0.02037693 0.01673626 0.13211547 0.34636208 0.38284261 0.09166549 
91.00000000 0.00999069 0.02053779 0.01699960 0.13255808 0.34418624 0.38332144 0.09240614 
92.00000000 0.01008528 0.02069319 0.01726288 0.13292868 0.34191316 0.38396304 0.09315377 
93.00000000 0.01018501 0.02084322 0.01752602 0.13322900 0.33954667 0.38476219 0.09390788 
94.00000000 0.01029000 0.02098795 0.01778894 0.13346092 0.33709061 0.38571364 0.09466794 
95.00000000 0.01040031 0.02112749 0.01805156 0.13362637 0.33454876 0.38681210 0.09543340 
96.00000000 0.01051602 0.02126193 0.01831380 0.13372737 0.33192492 0.38805226 0.09620370 
97.00000000 0.01063718 0.02139138 0.01857557 0.13376600 0.32922287 0.38942875 0.09697826 
98.00000000 0.01076383 0.02151594 0.01883680 0.13374438 0.32644637 0.39093618 0.09775650 
99.00000000 0.01089601 0.02163574 0.01909741 0.13366468 0.32359921 0.39256910 0.09853785 
100.00000000 0.01103374 0.02175089 0.01935731 0.13352911 0.32068517 0.39432204 0.09932173 
101.00000000 0.01117704 0.02186153 0.01961642 0.13333991 0.31770806 0.39618946 0.10010759 
102.00000000 0.01132591 0.02196777 0.01987467 0.13309931 0.31467169 0.39816577 0.10089488 
103.00000000 0.01148034 0.02206977 0.02013197 0.13280958 0.31157991 0.40024536 0.10168307 
104.00000000 0.01164032 0.02216765 0.02038825 0.13247297 0.30843660 0.40242254 0.10247167 
105.00000000 0.01180582 0.02226157 0.02064344 0.13209174 0.30524565 0.40469159 0.10326019 
106.00000000 0.01197681 0.02235168 0.02089746 0.13166812 0.30201102 0.40704670 0.10404819 
107.00000000 0.01215324 0.02243814 0.02115026 0.13120436 0.29873668 0.40948206 0.10483525 
108.00000000 0.01233506 0.02252111 0.02140175 0.13070265 0.29542666 0.41199178 0.10562099 
109.00000000 0.01252220 0.02260076 0.02165189 0.13016517 0.29208502 0.41456991 0.10640504 
110.00000000 0.01271460 0.02267727 0.02190062 0.12959408 0.28871587 0.41721046 0.10718710 
111.00000000 0.01291216 0.02275082 0.02214788 0.12899150 0.28532336 0.41990741 0.10796689 
112.00000000 0.01311480 0.02282159 0.02239362 0.12835949 0.28191169 0.42265467 0.10874415 
113.00000000 0.01332241 0.02288978 0.02263780 0.12770010 0.27848510 0.42544612 0.10951869 
114.00000000 0.01353490 0.02295560 0.02288039 0.12701532 0.27504788 0.42827560 0.11029032 
115.00000000 0.01375212 0.02301924 0.02312135 0.12630710 0.27160435 0.43113693 0.11105890 
116.00000000 0.01397397 0.02308093 0.02336066 0.12557735 0.26815886 0.43402389 0.11182434 
117.00000000 0.01420029 0.02314088 0.02359828 0.12482792 0.26471582 0.43693024 0.11258656 
118.00000000 0.01443095 0.02319932 0.02383422 0.12406061 0.26127965 0.43984975 0.11334551 
119.00000000 0.01466577 0.02325648 0.02406845 0.12327716 0.25785479 0.44277617 0.11410117 
120.00000000 0.01490461 0.02331260 0.02430098 0.12247929 0.25444572 0.44570323 0.11485357 
121.00000000 0.01514727 0.02336792 0.02453181 0.12166863 0.25105691 0.44862472 0.11560273 
122.00000000 0.01539357 0.02342270 0.02476095 0.12084677 0.24769287 0.45153442 0.11634872 
123.00000000 0.01564332 0.02347718 0.02498841 0.12001524 0.24435809 0.45442615 0.11709160 
124.00000000 0.01589632 0.02353161 0.02521422 0.11917554 0.24105704 0.45729379 0.11783147 
125.00000000 0.01615236 0.02358627 0.02543841 0.11832909 0.23779420 0.46013124 0.11856844 
126.00000000 0.01641120 0.02364142 0.02566100 0.11747725 0.23457402 0.46293250 0.11930260 
127.00000000 0.01667264 0.02369731 0.02588204 0.11662137 0.23140091 0.46569163 0.12003410 
128.00000000 0.01693642 0.02375422 0.02610158 0.11576270 0.22827925 0.46840279 0.12076304 
129.00000000 0.01720231 0.02381241 0.02631966 0.11490247 0.22521335 0.47106023 0.12148956 
130.00000000 0.01747006 0.02387215 0.02653634 0.11404185 0.22220749 0.47365834 0.12221377 
131.00000000 0.01773941 0.02393371 0.02675168 0.11318196 0.21926584 0.47619160 0.12293580 
132.00000000 0.01801011 0.02399734 0.02696575 0.11232389 0.21639252 0.47865466 0.12365574 
133.00000000 0.01828188 0.02406332 0.02717861 0.11146867 0.21359154 0.48104230 0.12437369 
134.00000000 0.01855445 0.02413188 0.02739033 0.11061729 0.21086681 0.48334949 0.12508974 
135.00000000 0.01882755 0.02420330 0.02760099 0.10977073 0.20822214 0.48557136 0.12580394 
136.00000000 0.01910091 0.02427781 0.02781066 0.10892989 0.20566118 0.48770322 0.12651634 
137.00000000 0.01937425 0.02435565 0.02801943 0.10809566 0.20318748 0.48974058 0.12722695 
138.00000000 0.01964728 0.02443705 0.02822737 0.10726892 0.20080443 0.49167917 0.12793578 
139.00000000 0.01991972 0.02452224 0.02843456 0.10645049 0.19851526 0.49351494 0.12864280 
140.00000000 0.02019129 0.02461144 0.02864109 0.10564118 0.19632303 0.49524404 0.12934793 
141.00000000 0.02046172 0.02470484 0.02884703 0.10484178 0.19423064 0.49686289 0.13005110 
142.00000000 0.02073073 0.02480263 0.02905247 0.10405308 0.19224078 0.49836813 0.13075217 
143.00000000 0.02099803 0.02490502 0.02925748 0.10327584 0.19035596 0.49975667 0.13145100 
144.00000000 0.02126337 0.02501215 0.02946214 0.10251081 0.18857848 0.50102565 0.13214739 
145.00000000 0.02152648 0.02512420 0.02966653 0.10175873 0.18691043 0.50217251 0.13284112 
146.00000000 0.02178708 0.02524130 0.02987070 0.10102037 0.18535368 0.50319492 0.13353194 
147.00000000 0.02204494 0.02536359 0.03007474 0.10029647 0.18390986 0.50409085 0.13421955 
148.00000000 0.02229981 0.02549118 0.03027870 0.09958778 0.18258038 0.50485853 0.13490361 
149.00000000 0.02255144 0.02562419 0.03048264 0.09889507 0.18136642 0.50549647 0.13558377 
150.00000000 0.02279960 0.02576269 0.03068662 0.09821911 0.18026889 0.50600346 0.13625964 
151.00000000 0.02304408 0.02590677 0.03089067 0.09756068 0.17928847 0.50637856 0.13693077 
152.00000000 0.02328466 0.02605648 0.03109485 0.09692059 0.17842559 0.50662112 0.13759671 
153.00000000 0.02352114 0.02621188 0.03129919 0.09629965 0.17768044 0.50673074 0.13825696 
154.00000000 0.02375334 0.02637299 0.03150372 0.09569869 0.17705292 0.50670733 0.13891101 
155.00000000 0.02398107 0.02653983 0.03170846 0.09511858 0.17654271 0.50655103 0.13955831 
156.00000000 0.02420418 0.02671241 0.03191343 0.09456017 0.17614922 0.50626229 0.14019829 
157.00000000 0.02442251 0.02689072 0.03211863 0.09402437 0.17587163 0.50584178 0.14083035 
158.00000000 0.02463593 0.02707473 0.03232407 0.09351209 0.17570886 0.50529046 0.14145387 
159.00000000 0.02484430 0.02726441 0.03252973 0.09302425 0.17565956 0.50460950 0.14206824 
160.00000000 0.02504752 0.02745971 0.03273562 0.09256180 0.17572220 0.50380036 0.14267280 
161.00000000 0.02524549 0.02766056 0.03294169 0.09212569 0.17589495 0.50286469 0.14326691 
162.00000000 0.02543814 0.02786689 0.03314794 0.09171691 0.17617581 0.50180441 0.14384990 
163.00000000 0.02562538 0.02807862 0.03335431 0.09133642 0.17656253 0.50062162 0.14442111 
164.00000000 0.02580718 0.02829564 0.03356078 0.09098522 0.17705265 0.49931866 0.14497987 
165.00000000 0.02598349 0.02851785 0.03376729 0.09066428 0.17764352 0.49789806 0.14552552 
166.00000000 0.02615428 0.02874513 0.03397378 0.09037458 0.17833228 0.49636253 0.14605741 
167.00000000 0.02631955 0.02897735 0.03418021 0.09011711 0.17911591 0.49471498 0.14657489 
168.00000000 0.02647930 0.02921436 0.03438649 0.08989280 0.17999121 0.49295849 0.14707734 
169.00000000 0.02663356 0.02945603 0.03459256 0.08970262 0.18095481 0.49109628 0.14756415 
170.00000000 0.02678234 0.02970219 0.03479834 0.08954745 0.18200322 0.48913174 0.14803472 
171.00000000 0.02692570 0.02995269 0.03500376 0.08942819 0.18313278 0.48706839 0.14848849 
172.00000000 0.02706370 0.03020734 0.03520873 0.08934568 0.18433975 0.48490988 0.14892492 
173.00000000 0.02719640 0.03046597 0.03541316 0.08930072 0.18562025 0.48265998 0.14934352 
174.00000000 0.02732389 0.03072839 0.03561697 0.08929404 0.18697033 0.48032257 0.14974381 
175.00000000 0.02744627 0.03099441 0.03582007 0.08932634 0.18838594 0.47790160 0.15012536 
176.00000000 0.02756364 0.03126383 0.03602237 0.08939824 0.18986298 0.47540114 0.15048779 
177.00000000 0.02767613 0.03153645 0.03622379 0.08951030 0.19139728 0.47282531 0.15083075 
178.00000000 0.02778384 0.03181205 0.03642422 0.08966298 0.19298466 0.47017830 0.15115394 
179.00000000 0.02788694 0.03209042 0.03662359 0.08985670 0.19462089 0.46746435 0.15145711 
180.00000000 0.02798556 0.03237135 0.03682182 0.09009174 0.19630173 0.46468774 0.15174007 
181.00000000 0.02807985 0.03265461 0.03701881 0.09036832 0.19802296 0.46185280 0.15200266 
182.00000000 0.02816998 0.03293997 0.03721450 0.09068655 0.19978035 0.45896385 0.15224479 
183.00000000 0.02825612 0.03322721 0.03740882 0.09104645 0.20156972 0.45602525 0.15246643 
184.00000000 0.02833844 0.03351610 0.03760170 0.09144793 0.20338690 0.45304134 0.15266759 
185.00000000 0.02841714 0.03380640 0.03779307 0.09189077 0.20522780 0.45001648 0.15284834 
186.00000000 0.02849239 0.03409788 0.03798289 0.09237466 0.20708837 0.44695499 0.15300883 
187.00000000 0.02856439 0.03439030 0.03817111 0.09289917 0.20896462 0.44386118 0.15314922 
188.00000000 0.02863333 0.03468343 0.03835770 0.09346376 0.21085268 0.44073932 0.15326978 
189.00000000 0.02869942 0.03497702 0.03854263 0.09406777 0.21274872 0.43759365 0.15337079 
190.00000000 0.02876286 0.03527084 0.03872587 0.09471041 0.21464904 0.43442836 0.15345262 
191.00000000 0.02882385 0.03556466 0.03890742 0.09539080 0.21655002 0.43124758 0.15351567 
192.00000000 0.02888260 0.03585824 0.03908728 0.09610794 0.21844817 0.42805539 0.15356040 
193.00000000 0.02893931 0.03615134 0.03926546 0.09686070 0.22034009 0.42485578 0.15358732 
194.00000000 0.02899420 0.03644372 0.03944198 0.09764787 0.22222254 0.42165269 0.15359700 
195.00000000 0.02904748 0.03673517 0.03961688 0.09846812 0.22409235 0.41844997 0.15359003 
196.00000000 0.02909934 0.03702545 0.03979020 0.09932002 0.22594653 0.41525139 0.15356707 
197.00000000 0.02915000 0.03731434 0.03996199 0.10020205 0.22778219 0.41206063 0.15352880 
198.00000000 0.02919966 0.03760161 0.04013232 0.10111259 0.22959658 0.40888128 0.15347596 
199.00000000 0.02924852 0.03788706 0.04030126 0.10204995 0.23138708 0.40571682 0.15340931 
200.00000000 0.02929679 0.03817046 0.04046890 0.10301234 0.23315123 0.40257064 0.15332963 
201.00000000 0.02934466 0.03845161 0.04063534 0.10399793 0.23488666 0.39944603 0.15323777 
202.00000000 0.02939233 0.03873031 0.04080068 0.10500480 0.23659119 0.39634615 0.15313455 
203.00000000 0.02943998 0.03900635 0.04096504 0.10603099 0.23826272 0.39327406 0.15302086 
204.00000000 0.02948780 0.03927956 0.04112854 0.10707447 0.23989931 0.39023273 0.15289759 
205.00000000 0.02953598 0.03954974 0.04129131 0.10813320 0.24149915 0.38722499 0.15276562 
206.00000000 0.02958470 0.03981672 0.04145349 0.10920509 0.24306056 0.38425354 0.15262588 
207.00000000 0.02963413 0.04008033 0.04161524 0.11028803 0.24458198 0.38132101 0.15247929 
208.00000000 0.02968443 0.04034040 0.04177669 0.11137989 0.24606196 0.37842987 0.15232676 
209.00000000 0.02973577 0.04059678 0.04193802 0.11247853 0.24749919 0.37558249 0.15216923 
210.00000000 0.02978832 0.04084931 0.04209937 0.11358183 0.24889245 0.37278110 0.15200760 
211.00000000 0.02984223 0.04109787 0.04226093 0.11468767 0.25024067 0.37002784 0.15184280 
212.00000000 0.02989764 0.04134231 0.04242285 0.11579393 0.25154284 0.36732472 0.15167571 
213.00000000 0.02995469 0.04158251 0.04258531 0.11689855 0.25279809 0.36467360 0.15150724 
214.00000000 0.03001354 0.04181835 0.04274848 0.11799948 0.25400564 0.36207627 0.15133825 
215.00000000 0.03007430 0.04204974 0.04291253 0.11909470 0.25516478 0.35953438 0.15116958 
216.00000000 0.03013711 0.04227656 0.04307763 0.12018227 0.25627491 0.35704944 0.15100208 
217.00000000 0.03020209 0.04249872 0.04324395 0.12126028 0.25733553 0.35462289 0.15083654 
218.00000000 0.03026935 0.04271615 0.04341166 0.12232689 0.25834620 0.35225602 0.15067373 
219.00000000 0.03033901 0.04292877 0.04358091 0.12338031 0.25930656 0.34995002 0.15051441 
220.00000000 0.03041116 0.04313651 0.04375187 0.12441885 0.26021633 0.34770598 0.15035930 
221.00000000 0.03048592 0.04333931 0.04392469 0.12544087 0.26107530 0.34552485 0.15020906 
222.00000000 0.03056337 0.04353712 0.04409951 0.12644483 0.26188331 0.34340750 0.15006436 
223.00000000 0.03064361 0.04372990 0.04427647 0.12742924 0.26264029 0.34135469 0.14992580 
224.00000000 0.03072671 0.04391761 0.04445571 0.12839274 0.26334621 0.33936707 0.14979396 
225.00000000 0.03081276 0.04410022 0.04463734 0.12933403 0.26400110 0.33744519 0.14966937 
226.00000000 0.03090182 0.04427772 0.04482148 0.13025191 0.26460504 0.33558950 0.14955254 
227.00000000 0.03099398 0.04445008 0.04500823 0.13114528 0.26515816 0.33380036 0.14944391 
228.00000000 0.03108928 0.04461731 0.04519768 0.13201313 0.26566066 0.33207803 0.14934391 
229.00000000 0.03118779 0.04477940 0.04538993 0.13285454 0.26611274 0.33042267 0.14925293 
230.00000000 0.03128956 0.04493635 0.04558504 0.13366869 0.26651469 0.32883438 0.14917130 
231.00000000 0.03139464 0.04508818 0.04578307 0.13445485 0.26686681 0.32731313 0.14909932 
232.00000000 0.03150307 0.04523491 0.04598407 0.13521241 0.26716945 0.32585884 0.14903726 
233.00000000 0.03161489 0.04537656 0.04618808 0.13594081 0.26742300 0.32447132 0.14898534 
234.00000000 0.03173013 0.04551315 0.04639512 0.13663963 0.26762789 0.32315033 0.14894375 
235.00000000 0.03184882 0.04564473 0.04660522 0.13730850 0.26778457 0.32189552 0.14891265 
236.00000000 0.03197098 0.04577133 0.04681837 0.13794716 0.26789354 0.32070648 0.14889216 
237.00000000 0.03209662 0.04589300 0.04703456 0.13855543 0.26795533 0.31958272 0.14888235 
238.00000000 0.03222577 0.04600978 0.04725378 0.13913322 0.26797049 0.31852368 0.14888328 
239.00000000 0.03235842 0.04612174 0.04747599 0.13968050 0.26793963 0.31752875 0.14889497 
240.00000000 0.03249457 0.04622893 0.04770115 0.14019736 0.26786337 0.31659720 0.14891741 
241.00000000 0.03263424 0.04633142 0.04792921 0.14068391 0.26774236 0.31572830 0.14895057 
242.00000000 0.03277739 0.04642927 0.04816011 0.14114036 0.26757729 0.31492120 0.14899437 
243.00000000 0.03292403 0.04652256 0.04839378 0.14156699 0.26736888 0.31417502 0.14904874 
244.00000000 0.03307413 0.04661137 0.04863013 0.14196414 0.26711788 0.31348881 0.14911355 
245.00000000 0.03322767 0.04669577 0.04886907 0.14233219 0.26682507 0.31286156 0.14918868 
246.00000000 0.03338461 0.04677586 0.04911051 0.14267160 0.26649125 0.31229220 0.14927397 
247.00000000 0.03354491 0.04685173 0.04935435 0.14298287 0.26611728 0.31177962 0.14936924 
248.00000000 0.03370855 0.04692346 0.04960047 0.14326654 0.26570402 0.31132264 0.14947432 
249.00000000 0.03387546 0.04699117 0.04984876 0.14352321 0.26525237 0.31092004 0.14958898 
250.00000000 0.03404560 0.04705495 0.05009909 0.14375352 0.26476327 0.31057055 0.14971302 
251.00000000 0.03421891 0.04711491 0.05035134 0.14395812 0.26423767 0.31027284 0.14984621 
252.00000000 0.03439532 0.04717117 0.05060538 0.14413773 0.26367657 0.31002555 0.14998829 
253.00000000 0.03457476 0.04722384 0.05086107 0.14429306 0.26308099 0.30982726 0.15013903 
254.00000000 0.03475716 0.04727304 0.05111828 0.14442487 0.26245197 0.30967652 0.15029816 
255.00000000 0.03494244 0.04731890 0.05137687 0.14453393 0.26179059 0.30957184 0.15046542 
256.00000000 0.03513050 0.04736155 0.05163671 0.14462105 0.26109797 0.30951168 0.15064054 
257.00000000 0.03532126 0.04740112 0.05189765 0.14468702 0.26037524 0.30949448 0.15082324 
258.00000000 0.03551462 0.04743775 0.05215955 0.14473266 0.25962356 0.30951861 0.15101325 
259.00000000 0.03571048 0.04747158 0.05242228 0.14475880 0.25884412 0.30958246 0.15121028 
260.00000000 0.03590872 0.04750276 0.05268571 0.14476628 0.25803813 0.30968434 0.15141406 
261.00000000 0.03610924 0.04753144 0.05294969 0.14475594 0.25720684 0.30982255 0.15162431 
262.00000000 0.03631192 0.04755776 0.05321410 0.14472860 0.25635152 0.30999538 0.15184074 
263.00000000 0.03651663 0.04758189 0.05347880 0.14468511 0.25547344 0.31020106 0.15206307 
264.00000000 0.03672325 0.04760399 0.05374368 0.14462629 0.25457393 0.31043782 0.15229104 
265.00000000 0.03693165 0.04762422 0.05400861 0.14455299 0.25365431 0.31070387 0.15252436 
266.00000000 0.03714170 0.04764274 0.05427347 0.14446600 0.25271594 0.31099739 0.15276276 
267.00000000 0.03735326 0.04765972 0.05453815 0.14436614 0.25176019 0.31131656 0.15300598 
268.00000000 0.03756618 0.04767534 0.05480255 0.14425421 0.25078844 0.31165952 0.15325375 
269.00000000 0.03778032 0.04768976 0.05506657 0.14413099 0.24980210 0.31202443 0.15350582 
270.00000000 0.03799555 0.04770317 0.05533010 0.14399725 0.24880259 0.31240943 0.15376192 
271.00000000 0.03821170 0.04771573 0.05559305 0.14385375 0.24779134 0.31281263 0.15402181 
272.00000000 0.03842862 0.04772762 0.05585535 0.14370123 0.24676978 0.31323218 0.15428523 
273.00000000 0.03864618 0.04773901 0.05611690 0.14354040 0.24573937 0.31366619 0.15455196 
274.00000000 0.03886420 0.04775010 0.05637764 0.14337197 0.24470155 0.31411280 0.15482175 
275.00000000 0.03908255 0.04776104 0.05663749 0.14319662 0.24365780 0.31457013 0.15509436 
276.00000000 0.03930106 0.04777202 0.05689640 0.14301503 0.24260956 0.31503633 0.15536959 
277.00000000 0.03951958 0.04778322 0.05715431 0.14282784 0.24155831 0.31550954 0.15564719 
278.00000000 0.03973796 0.04779480 0.05741117 0.14263568 0.24050551 0.31598792 0.15592696 
279.00000000 0.03995604 0.04780695 0.05766693 0.14243916 0.23945259 0.31646965 0.15620868 
280.00000000 0.04017368 0.04781982 0.05792154 0.14223886 0.23840103 0.31695293 0.15649214 
281.00000000 0.04039072 0.04783359 0.05817499 0.14203536 0.23735225 0.31743596 0.15677714 
282.00000000 0.04060701 0.04784841 0.05842723 0.14182920 0.23630769 0.31791699 0.15706348 
283.00000000 0.04082241 0.04786446 0.05867824 0.14162092 0.23526875 0.31839427 0.15735095 
284.00000000 0.04103677 0.04788189 0.05892800 0.14141104 0.23423684 0.31886610 0.15763937 
285.00000000 0.04124996 0.04790084 0.05917650 0.14120004 0.23321333 0.31933079 0.15792855 
286.00000000 0.04146183 0.04792147 0.05942372 0.14098841 0.23219958 0.31978671 0.15821829 
287.00000000 0.04167226 0.04794393 0.05966965 0.14077660 0.23119692 0.32023223 0.15850841 
288.00000000 0.04188112 0.04796834 0.05991430 0.14056507 0.23020666 0.32066578 0.15879873 
289.00000000 0.04208828 0.04799484 0.06015766 0.14035424 0.22923007 0.32108584 0.15908907 
290.00000000 0.04229361 0.04802355 0.06039974 0.14014454 0.22826841 0.32149090 0.15937925 
291.00000000 0.04249701 0.04805461 0.06064053 0.13993635 0.22732288 0.32187952 0.15966910 
292.00000000 0.04269836 0.04808812 0.06088006 0.13973007 0.22639466 0.32225031 0.15995843 
293.00000000 0.04289756 0.04812418 0.06111832 0.13952608 0.22548488 0.32260190 0.16024708 
294.00000000 0.04309451 0.04816291 0.06135534 0.13932473 0.22459465 0.32293299 0.16053488 
295.00000000 0.04328911 0.04820439 0.06159113 0.13912639 0.22372501 0.32324233 0.16082164 
296.00000000 0.04348127 0.04824871 0.06182571 0.13893140 0.22287698 0.32352873 0.16110721 
297.00000000 0.04367091 0.04829595 0.06205909 0.13874008 0.22205151 0.32379103 0.16139142 
298.00000000 0.04385796 0.04834619 0.06229130 0.13855278 0.22124954 0.32402816 0.16167409 
299.00000000 0.04404233 0.04839948 0.06252236 0.13836979 0.22047190 0.32423907 0.16195506 
300.00000000 0.04422398 0.04845590 0.06275229 0.13819144 0.21971943 0.32442280 0.16223417 
301.00000000 0.04440282 0.04851549 0.06298112 0.13801803 0.21899288 0.32457843 0.16251124 
302.00000000 0.04457883 0.04857829 0.06320886 0.13784985 0.21829295 0.32470511 0.16278612 
303.00000000 0.04475194 0.04864434 0.06343556 0.13768719 0.21762029 0.32480205 0.16305864 
304.00000000 0.04492211 0.04871367 0.06366122 0.13753034 0.21697550 0.32486852 0.16332865 
305.00000000 0.04508931 0.04878630 0.06388588 0.13737957 0.21635911 0.32490385 0.16359598 
306.00000000 0.04525352 0.04886225 0.06410956 0.13723517 0.21577159 0.32490745 0.16386047 
307.00000000 0.04541470 0.04894152 0.06433229 0.13709739 0.21521337 0.32487875 0.16412196 
308.00000000 0.04557285 0.04902413 0.06455410 0.13696651 0.21468481 0.32481730 0.16438031 
309.00000000 0.04572794 0.04911005 0.06477500 0.13684277 0.21418620 0.32472268 0.16463536 
310.00000000 0.04587998 0.04919929 0.06499504 0.13672644 0.21371778 0.32459452 0.16488695 
311.00000000 0.04602896 0.04929182 0.06521422 0.13661776 0.21327974 0.32443256 0.16513495 
312.00000000 0.04617489 0.04938761 0.06543259 0.13651696 0.21287220 0.32423655 0.16537920 
313.00000000 0.04631777 0.04948664 0.06565016 0.13642429 0.21249522 0.32400635 0.16561957 
314.00000000 0.04645764 0.04958887 0.06586695 0.13633998 0.21214881 0.32374184 0.16585592 
315.00000000 0.04659449 0.04969426 0.06608300 0.13626424 0.21183291 0.32344299 0.16608811 
316.00000000 0.04672837 0.04980276 0.06629832 0.13619729 0.21154743 0.32310982 0.16631601 
317.00000000 0.04685929 0.04991432 0.06651294 0.13613933 0.21129219 0.32274242 0.16653951 
318.00000000 0.04698730 0.05002888 0.06672689 0.13609057 0.21106697 0.32234091 0.16675848 
319.00000000 0.04711243 0.05014638 0.06694018 0.13605119 0.21087152 0.32190551 0.16697280 
320.00000000 0.04723473 0.05026674 0.06715283 0.13602137 0.21070550 0.32143646 0.16718237 
321.00000000 0.04735424 0.05038990 0.06736488 0.13600128 0.21056854 0.32093408 0.16738708 
322.00000000 0.04747101 0.05051578 0.06757634 0.13599107 0.21046023 0.32039872 0.16758685 
323.00000000 0.04758510 0.05064430 0.06778723 0.13599090 0.21038010 0.31983081 0.16778157 
324.00000000 0.04769656 0.05077537 0.06799758 0.13600088 0.21032763 0.31923081 0.16797116 
325.00000000 0.04780546 0.05090892 0.06820740 0.13602115 0.21030227 0.31859924 0.16815556 
326.00000000 0.04791186 0.05104484 0.06841671 0.13605182 0.21030343 0.31793666 0.16833469 
327.00000000 0.04801583 0.05118304 0.06862555 0.13609296 0.21033046 0.31724368 0.16850848 
328.00000000 0.04811743 0.05132343 0.06883391 0.13614466 0.21038271 0.31652096 0.16867690 
329.00000000 0.04821674 0.05146590 0.06904183 0.13620699 0.21045945 0.31576920 0.16883989 
330.00000000 0.04831384 0.05161036 0.06924933 0.13627998 0.21055995 0.31498913 0.16899741 
331.00000000 0.04840879 0.05175670 0.06945642 0.13636367 0.21068344 0.31418153 0.16914945 
332.00000000 0.04850168 0.05190481 0.06966313 0.13645808 0.21082912 0.31334721 0.16929597 
333.00000000 0.04859260 0.05205459 0.06986947 0.13656319 0.21099617 0.31248702 0.16943697 
334.00000000 0.04868161 0.05220592 0.07007547 0.13667900 0.21118373 0.31160183 0.16957244 
335.00000000 0.04876881 0.05235869 0.07028115 0.13680545 0.21139093 0.31069257 0.16970240 
336.00000000 0.04885428 0.05251280 0.07048652 0.13694251 0.21161688 0.30976015 0.16982685 
337.00000000 0.04893812 0.05266813 0.07069161 0.13709009 0.21186068 0.30880555 0.16994582 
338.00000000 0.04902040 0.05282456 0.07089644 0.13724810 0.21212139 0.30782976 0.17005935 
339.00000000 0.04910121 0.05298198 0.07110103 0.13741645 0.21239808 0.30683378 0.17016747 
340.00000000 0.04918065 0.05314028 0.07130540 0.13759501 0.21268980 0.30581863 0.17027023 
341.00000000 0.04925881 0.05329934 0.07150957 0.13778363 0.21299559 0.30478537 0.17036769 
342.00000000 0.04933578 0.05345904 0.07171358 0.13798216 0.21331449 0.30373505 0.17045991 
343.00000000 0.04941165 0.05361927 0.07191743 0.13819042 0.21364552 0.30266875 0.17054696 
344.00000000 0.04948651 0.05377992 0.07212115 0.13840822 0.21398771 0.30158754 0.17062894 
345.00000000 0.04956046 0.05394087 0.07232477 0.13863537 0.21434009 0.30049252 0.17070592 
346.00000000 0.04963359 0.05410201 0.07252832 0.13887163 0.21470167 0.29938479 0.17077799 
347.00000000 0.04970598 0.05426323 0.07273181 0.13911678 0.21507150 0.29826545 0.17084527 
348.00000000 0.04977774 0.05442441 0.07293527 0.13937055 0.21544858 0.29713560 0.17090785 
349.00000000 0.04984896 0.05458544 0.07313873 0.13963270 0.21583197 0.29599634 0.17096585 
350.00000000 0.04991973 0.05474622 0.07334222 0.13990295 0.21622071 0.29484879 0.17101939 
351.00000000 0.04999013 0.05490664 0.07354575 0.14018099 0.21661384 0.29369404 0.17106860 
352.00000000 0.05006027 0.05506658 0.07374937 0.14046655 0.21701044 0.29253319 0.17111360 
353.00000000 0.05013022 0.05522596 0.07395310 0.14075930 0.21740957 0.29136732 0.17115453 
354.00000000 0.05020009 0.05538465 0.07415696 0.14105893 0.21781032 0.29019752 0.17119152 
355.00000000 0.05026996 0.05554257 0.07436099 0.14136510 0.21821179 0.28902485 0.17122473 
356.00000000 0.05033992 0.05569961 0.07456521 0.14167748 0.21861311 0.28785038 0.17125429 
357.00000000 0.05041005 0.05585568 0.07476965 0.14199573 0.21901339 0.28667514 0.17128035 
358.00000000 0.05048045 0.05601068 0.07497435 0.14231948 0.21941181 0.28550016 0.17130307 
359.00000000 0.05055119 0.05616452 0.07517934 0.14264838 0.21980751 0.28432647 0.17132260 
360.00000000 0.05062236 0.05631711 0.07538463 0.14298206 0.22019970 0.28315504 0.17133909 
361.00000000 0.05069404 0.05646835 0.07559027 0.14332015 0.22058759 0.28198688 0.17135271 
362.00000000 0.05076631 0.05661818 0.07579629 0.14366229 0.22097041 0.28082292 0.17136361 
363.00000000 0.05083926 0.05676649 0.07600271 0.14400808 0.22134742 0.27966411 0.17137194 
364.00000000 0.05091295 0.05691321 0.07620956 0.14435716 0.22171789 0.27851135 0.17137788 
365.00000000 0.05098746 0.05705827 0.07641688 0.14470913 0.22208113 0.27736555 0.17138157 
366.00000000 0.05106287 0.05720159 0.07662470 0.14506362 0.22243647 0.27622757 0.17138319 
367.00000000 0.05113925 0.05734309 0.07683304 0.14542024 0.22278325 0.27509826 0.17138288 
368.00000000 0.05121666 0.05748270 0.07704193 0.14577861 0.22312087 0.27397842 0.17138080 
369.00000000 0.05129518 0.05762037 0.07725141 0.14613835 0.22344872 0.27286885 0.17137712 
370.00000000 0.05137486 0.05775603 0.07746149 0.14649907 0.22376624 0.27177032 0.17137199 
371.00000000 0.05145578 0.05788961 0.07767222 0.14686040 0.22407288 0.27068355 0.17136555 
372.00000000 0.05153799 0.05802105 0.07788360 0.14722197 0.22436814 0.26960927 0.17135797 
373.00000000 0.05162155 0.05815031 0.07809568 0.14758339 0.22465153 0.26854814 0.17134940 
374.00000000 0.05170651 0.05827733 0.07830847 0.14794431 0.22492259 0.26750082 0.17133997 
375.00000000 0.05179293 0.05840206 0.07852201 0.14830435 0.22518089 0.26646792 0.17132983 
376.00000000 0.05188086 0.05852446 0.07873630 0.14866317 0.22542603 0.26545005 0.17131913 
377.00000000 0.05197034 0.05864449 0.07895137 0.14902041 0.22565764 0.26444775 0.17130800 
378.00000000 0.05206142 0.05876210 0.07916725 0.14937572 0.22587537 0.26346156 0.17129657 
379.00000000 0.05215414 0.05887726 0.07938396 0.14972878 0.22607890 0.26249198 0.17128499 
380.00000000 0.05224854 0.05898994 0.07960150 0.15007924 0.22626794 0.26153947 0.17127337 
381.00000000 0.05234464 0.05910012 0.07981990 0.15042679 0.22644223 0.26060448 0.17126183 
382.00000000 0.05244250 0.05920775 0.08003917 0.15077112 0.22660155 0.25968741 0.17125051 
383.00000000 0.05254212 0.05931283 0.08025933 0.15111191 0.22674567 0.25878862 0.17123951 
384.00000000 0.05264355 0.05941533 0.08048039 0.15144889 0.22687442 0.25790848 0.17122895 
385.00000000 0.05274680 0.05951523 0.08070235 0.15178176 0.22698765 0.25704728 0.17121893 
386.00000000 0.05285189 0.05961254 0.08092523 0.15211025 0.22708523 0.25620532 0.17120955 
387.00000000 0.05295884 0.05970723 0.08114903 0.15243410 0.22716705 0.25538283 0.17120092 
388.00000000 0.05306765 0.05979931 0.08137376 0.15275306 0.22723304 0.25458004 0.17119313 
389.00000000 0.05317835 0.05988877 0.08159942 0.15306689 0.22728316 0.25379714 0.17118627 
390.00000000 0.05329093 0.05997561 0.08182602 0.15337536 0.22731737 0.25303429 0.17118043 
391.00000000 0.05340540 0.06005984 0.08205355 0.15367827 0.22733566 0.25229160 0.17117567 
392.00000000 0.05352176 0.06014148 0.08228201 0.15397541 0.22733807 0.25156919 0.17117208 
393.00000000 0.05364000 0.06022053 0.08251140 0.15426659 0.22732464 0.25086711 0.17116974 
394.00000000 0.05376012 0.06029700 0.08274171 0.15455164 0.22729543 0.25018540 0.17116870 
395.00000000 0.05388210 0.06037093 0.08297294 0.15483039 0.22725053 0.24952408 0.17116903 
396.00000000 0.05400594 0.06044233 0.08320508 0.15510271 0.22719004 0.24888311 0.17117078 
397.00000000 0.05413161 0.06051124 0.08343811 0.15536846 0.22711411 0.24826246 0.17117401 
398.00000000 0.05425909 0.06057767 0.08367203 0.15562752 0.22702288 0.24766205 0.17117877 
399.00000000 0.05438837 0.06064167 0.08390682 0.15587978 0.22691651 0.24708176 0.17118509 
400.00000000 0.05451941 0.06070326 0.08414247 0.15612516 0.22679520 0.24652148 0.17119301 
401.00000000 0.05465219 0.06076250 0.08437896 0.15636357 0.22665916 0.24598104 0.17120258 
402.00000000 0.05478667 0.06081943 0.08461628 0.15659495 0.22650860 0.24546025 0.17121382 
403.00000000 0.05492282 0.06087409 0.08485440 0.15681925 0.22634378 0.24495891 0.17122675 
404.00000000 0.05506060 0.06092653 0.08509330 0.15703645 0.22616494 0.24447679 0.17124140 
405.00000000 0.05519997 0.06097680 0.08533297 0.15724651 0.22597236 0.24401363 0.17125777 
406.00000000 0.05534088 0.06102496 0.08557338 0.15744942 0.22576633 0.24356914 0.17127590 
407.00000000 0.05548330 0.06107107 0.08581450 0.15764519 0.22554715 0.24314302 0.17129577 
408.00000000 0.05562716 0.06111518 0.08605631 0.15783385 0.22531514 0.24273495 0.17131740 
409.00000000 0.05577243 0.06115737 0.08629879 0.15801540 0.22507064 0.24234458 0.17134079 
410.00000000 0.05591904 0.06119769 0.08654191 0.15818991 0.22481397 0.24197154 0.17136593 
411.00000000 0.05606695 0.06123621 0.08678565 0.15835742 0.22454551 0.24161545 0.17139282 
412.00000000 0.05621610 0.06127301 0.08702996 0.15851799 0.22426561 0.24127589 0.17142144 
413.00000000 0.05636642 0.06130815 0.08727483 0.15867170 0.22397465 0.24095245 0.17145179 
414.00000000 0.05651786 0.06134171 0.08752023 0.15881864 0.22367302 0.24064468 0.17148385 
415.00000000 0.05667036 0.06137377 0.08776612 0.15895891 0.22336113 0.24035213 0.17151758 
416.00000000 0.05682385 0.06140440 0.08801248 0.15909260 0.22303937 0.24007432 0.17155298 
417.00000000 0.05697826 0.06143367 0.08825927 0.15921983 0.22270817 0.23981077 0.17159002 
418.00000000 0.05713354 0.06146168 0.08850647 0.15934073 0.22236794 0.23956097 0.17162866 
419.00000000 0.05728961 0.06148849 0.08875404 0.15945543 0.22201913 0.23932442 0.17166888 
420.00000000 0.05744641 0.06151420 0.08900196 0.15956406 0.22166215 0.23910059 0.17171063 
421.00000000 0.05760386 0.06153888 0.08925019 0.15966677 0.22129747 0.23888894 0.17175389 
422.00000000 0.05776190 0.06156262 0.08949870 0.15976371 0.22092553 0.23868893 0.17179861 
423.00000000 0.05792046 0.06158549 0.08974746 0.15985504 0.22054679 0.23850000 0.17184476 
424.00000000 0.05807946 0.06160760 0.08999644 0.15994092 0.22016170 0.23832160 0.17189228 
425.00000000 0.05823884 0.06162900 0.09024562 0.16002153 0.21977072 0.23815315 0.17194114 
426.00000000 0.05839852 0.06164981 0.09049495 0.16009702 0.21937433 0.23799408 0.17199129 
427.00000000 0.05855844 0.06167008 0.09074441 0.16016759 0.21897300 0.23784381 0.17204267 
428.00000000 0.05871851 0.06168992 0.09099398 0.16023340 0.21856718 0.23770176 0.17209525 
429.00000000 0.05887868 0.06170941 0.09124361 0.16029465 0.21815735 0.23756735 0.17214896 
430.00000000 0.05903887 0.06172861 0.09149329 0.16035151 0.21774399 0.23743998 0.17220375 
431.00000000 0.05919900 0.06174763 0.09174299 0.16040417 0.21732757 0.23731906 0.17225958 
432.00000000 0.05935902 0.06176654 0.09199268 0.16045282 0.21690855 0.23720402 0.17231638 
433.00000000 0.05951884 0.06178541 0.09224232 0.16049766 0.21648741 0.23709425 0.17237409 
434.00000000 0.05967841 0.06180434 0.09249191 0.16053887 0.21606462 0.23698918 0.17243267 
435.00000000 0.05983766 0.06182340 0.09274140 0.16057665 0.21564063 0.23688821 0.17249206 
436.00000000 0.05999651 0.06184266 0.09299078 0.16061118 0.21521590 0.23679078 0.17255219 
437.00000000 0.06015490 0.06186220 0.09324003 0.16064266 0.21479091 0.23669630 0.17261300 
438.00000000 0.06031277 0.06188209 0.09348911 0.16067128 0.21436609 0.23660421 0.17267445 
439.00000000 0.06047005 0.06190241 0.09373802 0.16069723 0.21394189 0.23651394 0.17273646 
