0.00000000 1.00000000 0.00000000 0.00000000 0.00000000 0.00000000 0.00000000 0.00000000 
1.00000000 0.99971316 0.00027280 0.00000108 0.00000124 0.00000159 0.00000666 0.00000348 
2.00000000 0.99885356 0.00109029 0.00000433 0.00000495 0.00000638 0.00002660 0.00001388 
3.00000000 0.99742381 0.00244989 0.00000987 0.00001114 0.00001438 0.00005973 0.00003117 
4.00000000 0.99542806 0.00434744 0.00001782 0.00001985 0.00002564 0.00010593 0.00005526 
5.00000000 0.99287206 0.00677721 0.00002842 0.00003110 0.00004020 0.00016499 0.00008602 
6.00000000 0.98976308 0.00973195 0.00004193 0.00004492 0.00005813 0.00023668 0.00012331 
7.00000000 0.98610992 0.01320289 0.00005866 0.00006137 0.00007951 0.00032070 0.00016694 
8.00000000 0.98192283 0.01717980 0.00007900 0.00008050 0.00010444 0.00041671 0.00021671 
9.00000000 0.97721353 0.02165102 0.00010337 0.00010238 0.00013301 0.00052432 0.00027238 
10.00000000 0.97199509 0.02660351 0.00013222 0.00012706 0.00016535 0.00064309 0.00033368 
11.00000000 0.96628193 0.03202292 0.00016607 0.00015464 0.00020156 0.00077255 0.00040033 
12.00000000 0.96008977 0.03789363 0.00020544 0.00018517 0.00024179 0.00091218 0.00047202 
13.00000000 0.95343551 0.04419882 0.00025089 0.00021876 0.00028617 0.00106143 0.00054841 
14.00000000 0.94633724 0.05092054 0.00030302 0.00025548 0.00033484 0.00121972 0.00062916 
15.00000000 0.93881410 0.05803978 0.00036242 0.00029544 0.00038794 0.00138641 0.00071390 
16.00000000 0.93088629 0.06553655 0.00042970 0.00033871 0.00044562 0.00156087 0.00080226 
17.00000000 0.92257489 0.07338994 0.00050547 0.00038540 0.00050802 0.00174242 0.00089385 
18.00000000 0.91390189 0.08157823 0.00059035 0.00043560 0.00057529 0.00193038 0.00098827 
19.00000000 0.90489001 0.09007896 0.00068494 0.00048940 0.00064754 0.00212403 0.00108512 
20.00000000 0.89556270 0.09886901 0.00078982 0.00054688 0.00072493 0.00232266 0.00118400 
21.00000000 0.88594400 0.10792470 0.00090557 0.00060813 0.00080757 0.00252553 0.00128450 
22.00000000 0.87605846 0.11722185 0.00103272 0.00067324 0.00089557 0.00273193 0.00138623 
23.00000000 0.86593109 0.12673593 0.00117179 0.00074226 0.00098904 0.00294110 0.00148879 
24.00000000 0.85558722 0.13644206 0.00132326 0.00081528 0.00108806 0.00315232 0.00159179 
25.00000000 0.84505246 0.14631520 0.00148755 0.00089235 0.00119272 0.00336487 0.00169486 
26.00000000 0.83435255 0.15633015 0.00166506 0.00097351 0.00130307 0.00357803 0.00179762 
27.00000000 0.82351334 0.16646170 0.00185614 0.00105880 0.00141915 0.00379112 0.00189974 
28.00000000 0.81256067 0.17668468 0.00206107 0.00114825 0.00154100 0.00400345 0.00200088 
29.00000000 0.80152027 0.18697406 0.00228009 0.00124187 0.00166861 0.00421438 0.00210072 
30.00000000 0.79041770 0.19730504 0.00251338 0.00133965 0.00180198 0.00442327 0.00219898 
31.00000000 0.77927824 0.20765310 0.00276106 0.00144159 0.00194107 0.00462955 0.00229539 
32.00000000 0.76812686 0.21799414 0.00302320 0.00154764 0.00208583 0.00483263 0.00238971 
33.00000000 0.75698807 0.22830447 0.00329980 0.00165776 0.00223618 0.00503201 0.00248171 
34.00000000 0.74588590 0.23856097 0.00359082 0.00177189 0.00239202 0.00522720 0.00257120 
35.00000000 0.73484383 0.24874108 0.00389613 0.00188995 0.00255323 0.00541776 0.00265803 
36.00000000 0.72388467 0.25882291 0.00421557 0.00201183 0.00271967 0.00560329 0.00274205 
37.00000000 0.71303053 0.26878532 0.00454893 0.00213743 0.00289118 0.00578344 0.00282317 
38.00000000 0.70230276 0.27860792 0.00489591 0.00226662 0.00306757 0.00595793 0.00290130 
39.00000000 0.69172190 0.28827115 0.00525621 0.00239925 0.00324862 0.00612648 0.00297639 
40.00000000 0.68130759 0.29775635 0.00562944 0.00253516 0.00343411 0.00628892 0.00304843 
41.00000000 0.67107855 0.30704579 0.00601520 0.00267417 0.00362378 0.00644509 0.00311743 
42.00000000 0.66105252 0.31612267 0.00641302 0.00281610 0.00381737 0.00659489 0.00318343 
43.00000000 0.65124624 0.32497122 0.00682244 0.00296075 0.00401458 0.00673829 0.00324648 
44.00000000 0.64167539 0.33357669 0.00724292 0.00310789 0.00421511 0.00687530 0.00330670 
45.00000000 0.63235458 0.34192539 0.00767393 0.00325732 0.00441862 0.00700598 0.00336418 
46.00000000 0.62329731 0.35000470 0.00811491 0.00340880 0.00462477 0.00713043 0.00341908 
47.00000000 0.61451593 0.35780310 0.00856528 0.00356210 0.00483321 0.00724883 0.00347155 
48.00000000 0.60602168 0.36531019 0.00902446 0.00371696 0.00504357 0.00736137 0.00352178 
49.00000000 0.59782461 0.37251665 0.00949185 0.00387317 0.00525545 0.00746830 0.00356997 
50.00000000 0.58993363 0.37941430 0.00996688 0.00403046 0.00546846 0.00756993 0.00361635 
51.00000000 0.58235646 0.38599608 0.01044895 0.00418860 0.00568220 0.00766657 0.00366114 
52.00000000 0.57509966 0.39225604 0.01093749 0.00434736 0.00589626 0.00775860 0.00370460 
53.00000000 0.56816865 0.39818931 0.01143195 0.00450650 0.00611021 0.00784641 0.00374697 
54.00000000 0.56156766 0.40379214 0.01193178 0.00466580 0.00632364 0.00793044 0.00378854 
55.00000000 0.55529982 0.40906184 0.01243647 0.00482506 0.00653612 0.00801113 0.00382956 
56.00000000 0.54936713 0.41399677 0.01294553 0.00498407 0.00674721 0.00808896 0.00387033 
57.00000000 0.54377049 0.41859633 0.01345850 0.00514266 0.00695651 0.00816441 0.00391110 
58.00000000 0.53850974 0.42286091 0.01397495 0.00530067 0.00716357 0.00823798 0.00395217 
59.00000000 0.53358369 0.42679187 0.01449449 0.00545793 0.00736800 0.00831019 0.00399381 
60.00000000 0.52899013 0.43039154 0.01501677 0.00561434 0.00756938 0.00838154 0.00403629 
61.00000000 0.52472590 0.43366313 0.01554147 0.00576978 0.00776731 0.00845253 0.00407988 
62.00000000 0.52078689 0.43661072 0.01606831 0.00592417 0.00796141 0.00852367 0.00412482 
63.00000000 0.51716814 0.43923923 0.01659705 0.00607747 0.00815129 0.00859545 0.00417138 
64.00000000 0.51386381 0.44155435 0.01712750 0.00622962 0.00833661 0.00866833 0.00421977 
65.00000000 0.51086730 0.44356255 0.01765950 0.00638064 0.00851702 0.00874276 0.00427024 
66.00000000 0.50817125 0.44527095 0.01819292 0.00653052 0.00869220 0.00881918 0.00432297 
67.00000000 0.50576761 0.44668737 0.01872769 0.00667932 0.00886185 0.00889798 0.00437817 
68.00000000 0.50364768 0.44782021 0.01926375 0.00682711 0.00902571 0.00897953 0.00443601 
69.00000000 0.50180220 0.44867843 0.01980110 0.00697396 0.00918351 0.00906416 0.00449666 
70.00000000 0.50022135 0.44927149 0.02033973 0.00711999 0.00933506 0.00915214 0.00456025 
71.00000000 0.49889484 0.44960934 0.02087970 0.00726533 0.00948014 0.00924374 0.00462690 
72.00000000 0.49781198 0.44970232 0.02142106 0.00741014 0.00961862 0.00933916 0.00469673 
73.00000000 0.49696170 0.44956111 0.02196390 0.00755457 0.00975035 0.00943855 0.00476983 
74.00000000 0.49633261 0.44919672 0.02250832 0.00769882 0.00987527 0.00954201 0.00484625 
75.00000000 0.49591309 0.44862042 0.02305443 0.00784308 0.00999330 0.00964960 0.00492607 
76.00000000 0.49569133 0.44784368 0.02360235 0.00798755 0.01010445 0.00976133 0.00500930 
77.00000000 0.49565535 0.44687813 0.02415221 0.00813245 0.01020872 0.00987715 0.00509598 
78.00000000 0.49579312 0.44573551 0.02470412 0.00827798 0.01030619 0.00999696 0.00518611 
79.00000000 0.49609256 0.44442763 0.02525820 0.00842436 0.01039696 0.01012061 0.00527967 
80.00000000 0.49654160 0.44296628 0.02581457 0.00857181 0.01048118 0.01024790 0.00537665 
81.00000000 0.49712828 0.44136327 0.02637331 0.00872053 0.01055902 0.01037858 0.00547701 
82.00000000 0.49784071 0.43963030 0.02693450 0.00887071 0.01063072 0.01051234 0.00558071 
83.00000000 0.49866722 0.43777895 0.02749821 0.00902255 0.01069655 0.01064885 0.00568768 
84.00000000 0.49959631 0.43582065 0.02806446 0.00917620 0.01075680 0.01078771 0.00579787 
85.00000000 0.50061678 0.43376662 0.02863325 0.00933181 0.01081184 0.01092849 0.00591121 
86.00000000 0.50171769 0.43162783 0.02920458 0.00948952 0.01086203 0.01107074 0.00602761 
87.00000000 0.50288846 0.42941499 0.02977836 0.00964943 0.01090781 0.01121394 0.00614701 
88.00000000 0.50411888 0.42713848 0.03035452 0.00981161 0.01094962 0.01135757 0.00626931 
89.00000000 0.50539916 0.42480832 0.03093292 0.00997611 0.01098796 0.01150107 0.00639445 
90.00000000 0.50671994 0.42243417 0.03151340 0.01014295 0.01102334 0.01164386 0.00652233 
91.00000000 0.50807232 0.42002527 0.03209574 0.01031211 0.01105631 0.01178536 0.00665289 
92.00000000 0.50944793 0.41759042 0.03267970 0.01048354 0.01108744 0.01192495 0.00678603 
93.00000000 0.51083887 0.41513795 0.03326500 0.01065716 0.01111731 0.01206201 0.00692169 
94.00000000 0.51223782 0.41267573 0.03385130 0.01083287 0.01114654 0.01219595 0.00705980 
95.00000000 0.51363801 0.41021108 0.03443824 0.01101049 0.01117574 0.01232613 0.00720031 
96.00000000 0.51503322 0.40775083 0.03502543 0.01118987 0.01120554 0.01245196 0.00734315 
97.00000000 0.51641784 0.40530125 0.03561242 0.01137077 0.01123659 0.01257285 0.00748828 
98.00000000 0.51778683 0.40286806 0.03619875 0.01155295 0.01126952 0.01268822 0.00763566 
99.00000000 0.51913578 0.40045642 0.03678391 0.01173615 0.01130495 0.01279752 0.00778526 
100.00000000 0.52046083 0.39807091 0.03736738 0.01192006 0.01134352 0.01290023 0.00793706 
101.00000000 0.52175878 0.39571552 0.03794861 0.01210435 0.01138583 0.01299586 0.00809104 
102.00000000 0.52302698 0.39339367 0.03852702 0.01228869 0.01143247 0.01308396 0.00824720 
103.00000000 0.52426340 0.39110820 0.03910202 0.01247272 0.01148402 0.01316411 0.00840554 
104.00000000 0.52546659 0.38886133 0.03967301 0.01265605 0.01154101 0.01323594 0.00856606 
105.00000000 0.52663568 0.38665476 0.04023938 0.01283831 0.01160394 0.01329913 0.00872878 
106.00000000 0.52777036 0.38448957 0.04080050 0.01301912 0.01167330 0.01335342 0.00889374 
107.00000000 0.52887085 0.38236629 0.04135577 0.01319808 0.01174949 0.01339859 0.00906094 
108.00000000 0.52993792 0.38028490 0.04190455 0.01337481 0.01183291 0.01343447 0.00923043 
109.00000000 0.53097284 0.37824485 0.04244626 0.01354894 0.01192388 0.01346098 0.00940224 
110.00000000 0.53197738 0.37624507 0.04298029 0.01372011 0.01202268 0.01347807 0.00957641 
111.00000000 0.53295374 0.37428396 0.04350607 0.01388798 0.01212952 0.01348575 0.00975298 
112.00000000 0.53390460 0.37235946 0.04402305 0.01405223 0.01224455 0.01348413 0.00993198 
113.00000000 0.53483302 0.37046906 0.04453069 0.01421257 0.01236788 0.01347333 0.01011345 
114.00000000 0.53574245 0.36860979 0.04502850 0.01436874 0.01249952 0.01345357 0.01029742 
115.00000000 0.53663670 0.36677829 0.04551600 0.01452052 0.01263943 0.01342513 0.01048393 
116.00000000 0.53751987 0.36497081 0.04599277 0.01466773 0.01278750 0.01338832 0.01067300 
117.00000000 0.53839637 0.36318326 0.04645841 0.01481022 0.01294355 0.01334354 0.01086465 
118.00000000 0.53927086 0.36141121 0.04691258 0.01494791 0.01310732 0.01329125 0.01105888 
119.00000000 0.54014820 0.35964997 0.04735496 0.01508074 0.01327850 0.01323194 0.01125569 
120.00000000 0.54103345 0.35789460 0.04778531 0.01520871 0.01345669 0.01316616 0.01145509 
121.00000000 0.54193180 0.35613991 0.04820339 0.01533189 0.01364144 0.01309454 0.01165704 
122.00000000 0.54284855 0.35438058 0.04860906 0.01545037 0.01383221 0.01301771 0.01186151 
123.00000000 0.54378909 0.35261110 0.04900221 0.01556433 0.01402843 0.01293639 0.01206846 
124.00000000 0.54475882 0.35082590 0.04938275 0.01567397 0.01422944 0.01285129 0.01227783 
125.00000000 0.54576314 0.34901932 0.04975070 0.01577955 0.01443455 0.01276320 0.01248954 
126.00000000 0.54680743 0.34718566 0.05010607 0.01588141 0.01464300 0.01267291 0.01270351 
127.00000000 0.54789699 0.34531927 0.05044897 0.01597989 0.01485399 0.01258126 0.01291963 
128.00000000 0.54903699 0.34341451 0.05077952 0.01607541 0.01506668 0.01248909 0.01313780 
129.00000000 0.55023247 0.34146587 0.05109791 0.01616843 0.01528018 0.01239728 0.01335786 
130.00000000 0.55148830 0.33946792 0.05140436 0.01625944 0.01549360 0.01230669 0.01357970 
131.00000000 0.55280913 0.33741543 0.05169913 0.01634896 0.01570599 0.01221823 0.01380313 
132.00000000 0.55419936 0.33530337 0.05198255 0.01643756 0.01591640 0.01213277 0.01402799 
133.00000000 0.55566312 0.33312693 0.05225496 0.01652583 0.01612388 0.01205120 0.01425409 
134.00000000 0.55720423 0.33088158 0.05251673 0.01661437 0.01632745 0.01197440 0.01448124 
135.00000000 0.55882620 0.32856309 0.05276828 0.01670381 0.01652617 0.01190323 0.01470923 
136.00000000 0.56053215 0.32616757 0.05301005 0.01679477 0.01671908 0.01183854 0.01493783 
137.00000000 0.56232483 0.32369151 0.05324250 0.01688791 0.01690526 0.01178116 0.01516683 
138.00000000 0.56420660 0.32113178 0.05346612 0.01698384 0.01708379 0.01173188 0.01539599 
139.00000000 0.56617938 0.31848566 0.05368141 0.01708320 0.01725380 0.01169147 0.01562507 
140.00000000 0.56824463 0.31575092 0.05388889 0.01718659 0.01741446 0.01166067 0.01585383 
141.00000000 0.57040336 0.31292575 0.05408909 0.01729461 0.01756499 0.01164016 0.01608202 
142.00000000 0.57265612 0.31000887 0.05428254 0.01740782 0.01770465 0.01163060 0.01630939 
143.00000000 0.57500293 0.30699948 0.05446977 0.01752675 0.01783277 0.01163260 0.01653570 
144.00000000 0.57744334 0.30389730 0.05465133 0.01765189 0.01794873 0.01164670 0.01676071 
145.00000000 0.57997638 0.30070261 0.05482775 0.01778369 0.01805200 0.01167341 0.01698416 
146.00000000 0.58260056 0.29741622 0.05499956 0.01792254 0.01814209 0.01171318 0.01720584 
147.00000000 0.58531388 0.29403949 0.05516728 0.01806881 0.01821863 0.01176641 0.01742551 
148.00000000 0.58811381 0.29057433 0.05533141 0.01822277 0.01828130 0.01183343 0.01764295 
149.00000000 0.59099730 0.28702324 0.05549246 0.01838466 0.01832988 0.01191451 0.01785795 
150.00000000 0.59396080 0.28338923 0.05565089 0.01855465 0.01836424 0.01200987 0.01807032 
151.00000000 0.59700023 0.27967590 0.05580719 0.01873285 0.01838431 0.01211966 0.01827987 
152.00000000 0.60011101 0.27588739 0.05596177 0.01891929 0.01839014 0.01224398 0.01848643 
153.00000000 0.60328808 0.27202836 0.05611508 0.01911394 0.01838185 0.01238284 0.01868985 
154.00000000 0.60652589 0.26810401 0.05626751 0.01931671 0.01835967 0.01253622 0.01888999 
155.00000000 0.60981842 0.26412006 0.05641944 0.01952743 0.01832389 0.01270403 0.01908673 
156.00000000 0.61315922 0.26008270 0.05657123 0.01974588 0.01827491 0.01288610 0.01927997 
157.00000000 0.61654139 0.25599860 0.05672321 0.01997176 0.01821320 0.01308222 0.01946962 
158.00000000 0.61995763 0.25187490 0.05687571 0.02020471 0.01813930 0.01329213 0.01965561 
159.00000000 0.62340025 0.24771914 0.05702902 0.02044432 0.01805386 0.01351549 0.01983791 
160.00000000 0.62686121 0.24353928 0.05718340 0.02069013 0.01795757 0.01375193 0.02001648 
161.00000000 0.63033213 0.23934363 0.05733913 0.02094159 0.01785120 0.01400100 0.02019133 
162.00000000 0.63380431 0.23514086 0.05749643 0.02119816 0.01773558 0.01426222 0.02036245 
163.00000000 0.63726878 0.23093993 0.05765552 0.02145921 0.01761160 0.01453507 0.02052988 
164.00000000 0.64071635 0.22675009 0.05781662 0.02172410 0.01748020 0.01481897 0.02069368 
165.00000000 0.64413757 0.22258080 0.05797991 0.02199214 0.01734236 0.01511331 0.02085391 
166.00000000 0.64752284 0.21844175 0.05814558 0.02226264 0.01719909 0.01541743 0.02101066 
167.00000000 0.65086241 0.21434277 0.05831380 0.02253487 0.01705146 0.01573066 0.02116403 
168.00000000 0.65414640 0.21029382 0.05848474 0.02280810 0.01690052 0.01605227 0.02131414 
169.00000000 0.65736489 0.20630495 0.05865856 0.02308157 0.01674738 0.01638153 0.02146112 
170.00000000 0.66050789 0.20238625 0.05883541 0.02335456 0.01659312 0.01671766 0.02160512 
171.00000000 0.66356541 0.19854778 0.05901545 0.02362632 0.01643885 0.01705988 0.02174630 
172.00000000 0.66652752 0.19479961 0.05919884 0.02389614 0.01628567 0.01740739 0.02188483 
173.00000000 0.66938435 0.19115169 0.05938573 0.02416331 0.01613465 0.01775938 0.02202089 
174.00000000 0.67212613 0.18761387 0.05957629 0.02442716 0.01598686 0.01811502 0.02215467 
175.00000000 0.67474326 0.18419583 0.05977069 0.02468704 0.01584334 0.01847348 0.02228636 
176.00000000 0.67722631 0.18090705 0.05996911 0.02494233 0.01570509 0.01883393 0.02241617 
177.00000000 0.67956608 0.17775676 0.06017171 0.02519248 0.01557310 0.01919555 0.02254431 
178.00000000 0.68175363 0.17475393 0.06037871 0.02543697 0.01544828 0.01955751 0.02267097 
179.00000000 0.68378030 0.17190720 0.06059030 0.02567531 0.01533151 0.01991900 0.02279638 
180.00000000 0.68563778 0.16922486 0.06080669 0.02590709 0.01522363 0.02027921 0.02292075 
181.00000000 0.68731810 0.16671481 0.06102811 0.02613194 0.01512541 0.02063736 0.02304427 
182.00000000 0.68881370 0.16438454 0.06125480 0.02634957 0.01503756 0.02099266 0.02316717 
183.00000000 0.69011744 0.16224108 0.06148699 0.02655973 0.01496073 0.02134438 0.02328965 
184.00000000 0.69122264 0.16029100 0.06172495 0.02676223 0.01489551 0.02169177 0.02341190 
185.00000000 0.69212308 0.15854034 0.06196894 0.02695697 0.01484242 0.02203414 0.02353411 
186.00000000 0.69281308 0.15699463 0.06221923 0.02714388 0.01480191 0.02237079 0.02365648 
187.00000000 0.69328747 0.15565881 0.06247611 0.02732296 0.01477437 0.02270109 0.02377919 
188.00000000 0.69354166 0.15453729 0.06273987 0.02749430 0.01476010 0.02302440 0.02390239 
189.00000000 0.69357160 0.15363386 0.06301079 0.02765801 0.01475937 0.02334013 0.02402625 
190.00000000 0.69337386 0.15295170 0.06328917 0.02781427 0.01477234 0.02364774 0.02415092 
191.00000000 0.69294563 0.15249338 0.06357532 0.02796334 0.01479913 0.02394668 0.02427654 
192.00000000 0.69228470 0.15226082 0.06386952 0.02810549 0.01483978 0.02423647 0.02440323 
193.00000000 0.69138951 0.15225530 0.06417207 0.02824107 0.01489429 0.02451664 0.02453111 
194.00000000 0.69025916 0.15247747 0.06448327 0.02837046 0.01496258 0.02478679 0.02466028 
195.00000000 0.68889338 0.15292730 0.06480338 0.02849409 0.01504452 0.02504651 0.02479082 
196.00000000 0.68729258 0.15360413 0.06513268 0.02861242 0.01513992 0.02529545 0.02492283 
197.00000000 0.68545781 0.15450662 0.06547144 0.02872594 0.01524854 0.02553329 0.02505635 
198.00000000 0.68339081 0.15563282 0.06581988 0.02883516 0.01537012 0.02575975 0.02519145 
199.00000000 0.68109395 0.15698011 0.06617825 0.02894063 0.01550432 0.02597458 0.02532815 
200.00000000 0.67857028 0.15854524 0.06654675 0.02904291 0.01565079 0.02617755 0.02546649 
201.00000000 0.67582348 0.16032435 0.06692556 0.02914255 0.01580912 0.02636847 0.02560647 
202.00000000 0.67285786 0.16231297 0.06731484 0.02924014 0.01597889 0.02654720 0.02574810 
203.00000000 0.66967838 0.16450602 0.06771475 0.02933624 0.01615965 0.02671359 0.02589137 
204.00000000 0.66629060 0.16689787 0.06812537 0.02943144 0.01635092 0.02686756 0.02603624 
205.00000000 0.66270065 0.16948232 0.06854680 0.02952629 0.01655222 0.02700903 0.02618269 
206.00000000 0.65891527 0.17225264 0.06897909 0.02962135 0.01676304 0.02713795 0.02633067 
207.00000000 0.65494173 0.17520160 0.06942225 0.02971714 0.01698286 0.02725430 0.02648011 
208.00000000 0.65078784 0.17832147 0.06987628 0.02981419 0.01721117 0.02735808 0.02663097 
209.00000000 0.64646192 0.18160407 0.07034113 0.02991297 0.01744744 0.02744932 0.02678315 
210.00000000 0.64197276 0.18504079 0.07081671 0.03001396 0.01769115 0.02752806 0.02693657 
211.00000000 0.63732960 0.18862261 0.07130292 0.03011759 0.01794178 0.02759435 0.02709115 
212.00000000 0.63254210 0.19234017 0.07179962 0.03022424 0.01819881 0.02764828 0.02724677 
213.00000000 0.62762032 0.19618373 0.07230661 0.03033429 0.01846176 0.02768995 0.02740334 
214.00000000 0.62257465 0.20014328 0.07282370 0.03044806 0.01873012 0.02771947 0.02756073 
215.00000000 0.61741583 0.20420852 0.07335063 0.03056584 0.01900341 0.02773695 0.02771882 
216.00000000 0.61215485 0.20836893 0.07388714 0.03068787 0.01928118 0.02774255 0.02787749 
217.00000000 0.60680299 0.21261376 0.07443292 0.03081436 0.01956297 0.02773639 0.02803661 
218.00000000 0.60137170 0.21693212 0.07498764 0.03094548 0.01984835 0.02771866 0.02819605 
219.00000000 0.59587263 0.22131298 0.07555095 0.03108136 0.02013691 0.02768951 0.02835566 
220.00000000 0.59031755 0.22574520 0.07612248 0.03122209 0.02042825 0.02764913 0.02851530 
221.00000000 0.58471833 0.23021760 0.07670181 0.03136771 0.02072200 0.02759770 0.02867484 
222.00000000 0.57908690 0.23471897 0.07728854 0.03151824 0.02101780 0.02753543 0.02883412 
223.00000000 0.57343519 0.23923809 0.07788223 0.03167366 0.02131530 0.02746251 0.02899301 
224.00000000 0.56777513 0.24376383 0.07848244 0.03183390 0.02161418 0.02737917 0.02915136 
225.00000000 0.56211858 0.24828508 0.07908870 0.03199889 0.02191413 0.02728561 0.02930902 
226.00000000 0.55647728 0.25279091 0.07970055 0.03216848 0.02221486 0.02718208 0.02946585 
227.00000000 0.55086287 0.25727048 0.08031752 0.03234255 0.02251608 0.02706880 0.02962170 
228.00000000 0.54528678 0.26171315 0.08093914 0.03252090 0.02281754 0.02694603 0.02977645 
229.00000000 0.53976025 0.26610851 0.08156494 0.03270336 0.02311897 0.02681402 0.02992995 
230.00000000 0.53429425 0.27044638 0.08219445 0.03288969 0.02342014 0.02667303 0.03008207 
231.00000000 0.52889949 0.27471682 0.08282720 0.03307967 0.02372081 0.02652334 0.03023268 
232.00000000 0.52358635 0.27891024 0.08346275 0.03327304 0.02402074 0.02636523 0.03038165 
233.00000000 0.51836487 0.28301734 0.08410066 0.03346954 0.02431973 0.02619898 0.03052887 
234.00000000 0.51324471 0.28702919 0.08474050 0.03366890 0.02461756 0.02602492 0.03067422 
235.00000000 0.50823513 0.29093723 0.08538185 0.03387083 0.02491400 0.02584335 0.03081760 
236.00000000 0.50334495 0.29473330 0.08602433 0.03407506 0.02520886 0.02565461 0.03095890 
237.00000000 0.49858251 0.29840966 0.08666756 0.03428129 0.02550191 0.02545904 0.03109804 
238.00000000 0.49395572 0.30195901 0.08731118 0.03448924 0.02579295 0.02525699 0.03123491 
239.00000000 0.48947193 0.30537450 0.08795488 0.03469863 0.02608177 0.02504884 0.03136946 
240.00000000 0.48513801 0.30864978 0.08859835 0.03490916 0.02636814 0.02483496 0.03150160 
241.00000000 0.48096026 0.31177896 0.08924131 0.03512056 0.02665187 0.02461578 0.03163128 
242.00000000 0.47694445 0.31475666 0.08988349 0.03533256 0.02693271 0.02439169 0.03175844 
243.00000000 0.47309575 0.31757803 0.09052468 0.03554490 0.02721046 0.02416313 0.03188304 
244.00000000 0.46941879 0.32023872 0.09116467 0.03575733 0.02748488 0.02393056 0.03200504 
245.00000000 0.46591759 0.32273492 0.09180329 0.03596960 0.02775573 0.02369443 0.03212443 
246.00000000 0.46259558 0.32506336 0.09244037 0.03618149 0.02802278 0.02345523 0.03224119 
247.00000000 0.45945558 0.32722129 0.09307580 0.03639277 0.02828580 0.02321344 0.03235532 
248.00000000 0.45649985 0.32920652 0.09370947 0.03660324 0.02854452 0.02296959 0.03246681 
249.00000000 0.45373002 0.33101739 0.09434129 0.03681271 0.02879872 0.02272419 0.03257569 
250.00000000 0.45114713 0.33265278 0.09497121 0.03702099 0.02904813 0.02247778 0.03268198 
251.00000000 0.44875164 0.33411211 0.09559918 0.03722793 0.02929251 0.02223092 0.03278571 
252.00000000 0.44654343 0.33539532 0.09622519 0.03743335 0.02953160 0.02198417 0.03288693 
253.00000000 0.44452181 0.33650288 0.09684922 0.03763713 0.02976516 0.02173810 0.03298570 
254.00000000 0.44268552 0.33743578 0.09747128 0.03783913 0.02999292 0.02149329 0.03308207 
255.00000000 0.44103277 0.33819548 0.09809139 0.03803924 0.03021466 0.02125033 0.03317612 
256.00000000 0.43956123 0.33878397 0.09870958 0.03823735 0.03043012 0.02100982 0.03326792 
257.00000000 0.43826807 0.33920369 0.09932588 0.03843337 0.03063907 0.02077236 0.03335757 
258.00000000 0.43714994 0.33945755 0.09994033 0.03862720 0.03084128 0.02053855 0.03344515 
259.00000000 0.43620307 0.33954889 0.10055299 0.03881877 0.03103653 0.02030898 0.03353077 
260.00000000 0.43542319 0.33948149 0.10116389 0.03900802 0.03122461 0.02008426 0.03361454 
261.00000000 0.43480564 0.33925952 0.10177308 0.03919489 0.03140532 0.01986499 0.03369656 
262.00000000 0.43434536 0.33888754 0.10238061 0.03937932 0.03157848 0.01965174 0.03377695 
263.00000000 0.43403690 0.33837047 0.10298650 0.03956127 0.03174392 0.01944510 0.03385584 
264.00000000 0.43387449 0.33771356 0.10359079 0.03974070 0.03190148 0.01924563 0.03393335 
265.00000000 0.43385203 0.33692239 0.10419350 0.03991757 0.03205102 0.01905389 0.03400961 
266.00000000 0.43396315 0.33600279 0.10479464 0.04009184 0.03219243 0.01887040 0.03408474 
267.00000000 0.43420122 0.33496089 0.10539421 0.04026350 0.03232562 0.01869569 0.03415888 
268.00000000 0.43455939 0.33380302 0.10599219 0.04043252 0.03245049 0.01853025 0.03423215 
269.00000000 0.43503061 0.33253573 0.10658856 0.04059886 0.03256701 0.01837454 0.03430469 
270.00000000 0.43560770 0.33116574 0.10718328 0.04076252 0.03267513 0.01822901 0.03437662 
271.00000000 0.43628332 0.32969993 0.10777628 0.04092347 0.03277485 0.01809407 0.03444808 
272.00000000 0.43705005 0.32814528 0.10836750 0.04108168 0.03286618 0.01797011 0.03451919 
273.00000000 0.43790042 0.32650887 0.10895686 0.04123715 0.03294917 0.01785748 0.03459006 
274.00000000 0.43882691 0.32479782 0.10954424 0.04138984 0.03302389 0.01775649 0.03466081 
275.00000000 0.43982202 0.32301931 0.11012953 0.04153973 0.03309042 0.01766742 0.03473157 
276.00000000 0.44087826 0.32118050 0.11071260 0.04168681 0.03314889 0.01759052 0.03480242 
277.00000000 0.44198822 0.31928853 0.11129330 0.04183105 0.03319944 0.01752598 0.03487348 
278.00000000 0.44314457 0.31735047 0.11187149 0.04197242 0.03324223 0.01747397 0.03494484 
279.00000000 0.44434011 0.31537333 0.11244698 0.04211090 0.03327747 0.01743462 0.03501659 
280.00000000 0.44556778 0.31336398 0.11301960 0.04224646 0.03330538 0.01740800 0.03508880 
281.00000000 0.44682069 0.31132918 0.11358918 0.04237907 0.03332618 0.01739415 0.03516155 
282.00000000 0.44809215 0.30927551 0.11415550 0.04250869 0.03334017 0.01739307 0.03523491 
283.00000000 0.44937571 0.30720936 0.11471839 0.04263529 0.03334761 0.01740471 0.03530893 
284.00000000 0.45066513 0.30513691 0.11527763 0.04275884 0.03334883 0.01742899 0.03538366 
285.00000000 0.45195447 0.30306413 0.11583303 0.04287930 0.03334415 0.01746578 0.03545914 
286.00000000 0.45323804 0.30099670 0.11638440 0.04299662 0.03333392 0.01751490 0.03553541 
287.00000000 0.45451049 0.29894005 0.11693153 0.04311077 0.03331851 0.01757616 0.03561249 
288.00000000 0.45576676 0.29689931 0.11747425 0.04322170 0.03329830 0.01764930 0.03569039 
289.00000000 0.45700212 0.29487930 0.11801236 0.04332937 0.03327368 0.01773405 0.03576913 
290.00000000 0.45821221 0.29288452 0.11854570 0.04343373 0.03324506 0.01783009 0.03584870 
291.00000000 0.45939299 0.29091914 0.11907410 0.04353474 0.03321286 0.01793706 0.03592910 
292.00000000 0.46054082 0.28898698 0.11959743 0.04363235 0.03317751 0.01805460 0.03601031 
293.00000000 0.46165240 0.28709150 0.12011555 0.04372651 0.03313944 0.01818229 0.03609231 
294.00000000 0.46272482 0.28523579 0.12062836 0.04381718 0.03309908 0.01831970 0.03617508 
295.00000000 0.46375555 0.28342258 0.12113575 0.04390431 0.03305687 0.01846637 0.03625857 
296.00000000 0.46474242 0.28165423 0.12163765 0.04398785 0.03301325 0.01862184 0.03634276 
297.00000000 0.46568366 0.27993271 0.12213402 0.04406776 0.03296866 0.01878559 0.03642760 
298.00000000 0.46657787 0.27825962 0.12262481 0.04414400 0.03292352 0.01895714 0.03651304 
299.00000000 0.46742401 0.27663620 0.12311003 0.04421653 0.03287825 0.01913595 0.03659903 
300.00000000 0.46822142 0.27506329 0.12358969 0.04428531 0.03283328 0.01932150 0.03668551 
301.00000000 0.46896979 0.27354139 0.12406383 0.04435031 0.03278900 0.01951325 0.03677243 
302.00000000 0.46966917 0.27207062 0.12453251 0.04441149 0.03274580 0.01971068 0.03685973 
303.00000000 0.47031992 0.27065079 0.12499582 0.04446885 0.03270404 0.01991325 0.03694733 
304.00000000 0.47092276 0.26928132 0.12545388 0.04452235 0.03266409 0.02012042 0.03703519 
305.00000000 0.47147871 0.26796133 0.12590680 0.04457198 0.03262627 0.02033167 0.03712324 
306.00000000 0.47198907 0.26668964 0.12635476 0.04461774 0.03259088 0.02054650 0.03721141 
307.00000000 0.47245543 0.26546475 0.12679791 0.04465964 0.03255822 0.02076440 0.03729964 
308.00000000 0.47287966 0.26428489 0.12723647 0.04469769 0.03252855 0.02098488 0.03738786 
309.00000000 0.47326386 0.26314803 0.12767063 0.04473190 0.03250208 0.02120748 0.03747602 
310.00000000 0.47361035 0.26205188 0.12810063 0.04476231 0.03247902 0.02143175 0.03756406 
311.00000000 0.47392165 0.26099394 0.12852671 0.04478896 0.03245953 0.02165727 0.03765192 
312.00000000 0.47420050 0.25997152 0.12894912 0.04481192 0.03244376 0.02188365 0.03773954 
313.00000000 0.47444977 0.25898171 0.12936812 0.04483123 0.03243180 0.02211049 0.03782687 
314.00000000 0.47467248 0.25802148 0.12978400 0.04484700 0.03242371 0.02233747 0.03791386 
315.00000000 0.47487177 0.25708764 0.13019702 0.04485930 0.03241953 0.02256427 0.03800046 
316.00000000 0.47505088 0.25617690 0.13060747 0.04486826 0.03241925 0.02279061 0.03808664 
317.00000000 0.47521311 0.25528589 0.13101562 0.04487399 0.03242283 0.02301622 0.03817233 
318.00000000 0.47536183 0.25441115 0.13142176 0.04487664 0.03243019 0.02324091 0.03825752 
319.00000000 0.47550044 0.25354920 0.13182616 0.04487636 0.03244121 0.02346447 0.03834217 
320.00000000 0.47563232 0.25269653 0.13222908 0.04487333 0.03245575 0.02368677 0.03842623 
321.00000000 0.47576086 0.25184965 0.13263079 0.04486774 0.03247361 0.02390767 0.03850969 
322.00000000 0.47588940 0.25100509 0.13303153 0.04485978 0.03249457 0.02412711 0.03859253 
323.00000000 0.47602123 0.25015944 0.13343154 0.04484970 0.03251837 0.02434502 0.03867471 
324.00000000 0.47615957 0.24930935 0.13383103 0.04483771 0.03254473 0.02456139 0.03875622 
325.00000000 0.47630751 0.24845160 0.13423021 0.04482409 0.03257331 0.02477624 0.03883704 
326.00000000 0.47646805 0.24758305 0.13462925 0.04480910 0.03260378 0.02498960 0.03891717 
327.00000000 0.47664404 0.24670071 0.13502833 0.04479303 0.03263575 0.02520156 0.03899658 
328.00000000 0.47683819 0.24580176 0.13542757 0.04477618 0.03266882 0.02541222 0.03907527 
329.00000000 0.47705304 0.24488354 0.13582709 0.04475886 0.03270255 0.02562169 0.03915323 
330.00000000 0.47729093 0.24394357 0.13622700 0.04474141 0.03273650 0.02583014 0.03923046 
331.00000000 0.47755401 0.24297959 0.13662734 0.04472415 0.03277021 0.02603775 0.03930695 
332.00000000 0.47784423 0.24198957 0.13702818 0.04470745 0.03280318 0.02624469 0.03938270 
333.00000000 0.47816330 0.24097167 0.13742952 0.04469166 0.03283492 0.02645120 0.03945772 
334.00000000 0.47851271 0.23992435 0.13783136 0.04467715 0.03286494 0.02665750 0.03953199 
335.00000000 0.47889372 0.23884627 0.13823367 0.04466429 0.03289272 0.02686382 0.03960552 
336.00000000 0.47930730 0.23773638 0.13863639 0.04465345 0.03291774 0.02707043 0.03967831 
337.00000000 0.47975420 0.23659388 0.13903945 0.04464502 0.03293950 0.02727758 0.03975037 
338.00000000 0.48023491 0.23541826 0.13944275 0.04463937 0.03295749 0.02748553 0.03982169 
339.00000000 0.48074963 0.23420927 0.13984615 0.04463689 0.03297120 0.02769456 0.03989229 
340.00000000 0.48129833 0.23296695 0.14024953 0.04463795 0.03298017 0.02790492 0.03996216 
341.00000000 0.48188068 0.23169160 0.14065273 0.04464292 0.03298390 0.02811688 0.04003130 
342.00000000 0.48249609 0.23038381 0.14105557 0.04465216 0.03298195 0.02833070 0.04009972 
343.00000000 0.48314374 0.22904444 0.14145786 0.04466602 0.03297389 0.02854662 0.04016743 
344.00000000 0.48382250 0.22767463 0.14185941 0.04468485 0.03295931 0.02876487 0.04023442 
345.00000000 0.48453101 0.22627578 0.14226001 0.04470897 0.03293784 0.02898568 0.04030071 
346.00000000 0.48526767 0.22484953 0.14265944 0.04473870 0.03290913 0.02920924 0.04036630 
347.00000000 0.48603060 0.22339780 0.14305747 0.04477433 0.03287288 0.02943574 0.04043119 
348.00000000 0.48681771 0.22192273 0.14345390 0.04481613 0.03282880 0.02966534 0.04049539 
349.00000000 0.48762669 0.22042671 0.14384850 0.04486436 0.03277669 0.02989816 0.04055890 
350.00000000 0.48845499 0.21891232 0.14424104 0.04491925 0.03271634 0.03013432 0.04062174 
351.00000000 0.48929987 0.21738240 0.14463132 0.04498100 0.03264761 0.03037390 0.04068390 
352.00000000 0.49015839 0.21583992 0.14501912 0.04504980 0.03257042 0.03061693 0.04074541 
353.00000000 0.49102743 0.21428808 0.14540426 0.04512580 0.03248471 0.03086345 0.04080628 
354.00000000 0.49190370 0.21273023 0.14578654 0.04520912 0.03239049 0.03111341 0.04086650 
355.00000000 0.49278376 0.21116986 0.14616580 0.04529987 0.03228782 0.03136677 0.04092611 
356.00000000 0.49366404 0.20961062 0.14654188 0.04539810 0.03217681 0.03162344 0.04098512 
357.00000000 0.49454082 0.20805624 0.14691465 0.04550386 0.03205761 0.03188328 0.04104353 
358.00000000 0.49541032 0.20651060 0.14728400 0.04561714 0.03193045 0.03214612 0.04110139 
359.00000000 0.49626861 0.20497761 0.14764981 0.04573792 0.03179559 0.03241175 0.04115870 
360.00000000 0.49711174 0.20346130 0.14801203 0.04586615 0.03165334 0.03267993 0.04121550 
361.00000000 0.49793568 0.20196571 0.14837061 0.04600173 0.03150409 0.03295037 0.04127181 
362.00000000 0.49873635 0.20049493 0.14872551 0.04614456 0.03134826 0.03322274 0.04132767 
363.00000000 0.49950966 0.19905306 0.14907673 0.04629447 0.03118631 0.03349667 0.04138311 
364.00000000 0.50025152 0.19764419 0.14942431 0.04645129 0.03101876 0.03377175 0.04143817 
365.00000000 0.50095785 0.19627240 0.14976829 0.04661482 0.03084619 0.03404755 0.04149289 
366.00000000 0.50162459 0.19494174 0.15010874 0.04678483 0.03066920 0.03432359 0.04154732 
367.00000000 0.50224773 0.19365618 0.15044576 0.04696105 0.03048843 0.03459934 0.04160151 
368.00000000 0.50282333 0.19241965 0.15077948 0.04714320 0.03030458 0.03487427 0.04165550 
369.00000000 0.50334751 0.19123596 0.15111004 0.04733098 0.03011836 0.03514779 0.04170936 
370.00000000 0.50381652 0.19010884 0.15143760 0.04752406 0.02993053 0.03541930 0.04176315 
371.00000000 0.50422669 0.18904191 0.15176236 0.04772209 0.02974188 0.03568815 0.04181692 
372.00000000 0.50457447 0.18803865 0.15208453 0.04792472 0.02955320 0.03595368 0.04187074 
373.00000000 0.50485649 0.18710239 0.15240432 0.04813156 0.02936534 0.03621522 0.04192469 
374.00000000 0.50506950 0.18623631 0.15272198 0.04834222 0.02917912 0.03647204 0.04197883 
375.00000000 0.50521043 0.18544341 0.15303777 0.04855630 0.02899541 0.03672343 0.04203325 
376.00000000 0.50527639 0.18472653 0.15335194 0.04877338 0.02881508 0.03696865 0.04208801 
377.00000000 0.50526468 0.18408831 0.15366479 0.04899305 0.02863900 0.03720696 0.04214321 
378.00000000 0.50517280 0.18353118 0.15397660 0.04921488 0.02846804 0.03743760 0.04219892 
379.00000000 0.50499846 0.18305736 0.15428765 0.04943844 0.02830306 0.03765980 0.04225522 
380.00000000 0.50473962 0.18266887 0.15459824 0.04966332 0.02814493 0.03787280 0.04231222 
381.00000000 0.50439444 0.18236748 0.15490866 0.04988908 0.02799450 0.03807586 0.04236998 
382.00000000 0.50396133 0.18215474 0.15521921 0.05011530 0.02785260 0.03826821 0.04242861 
383.00000000 0.50343896 0.18203196 0.15553018 0.05034157 0.02772004 0.03844911 0.04248819 
384.00000000 0.50282622 0.18200021 0.15584184 0.05056748 0.02759761 0.03861783 0.04254881 
385.00000000 0.50212230 0.18206031 0.15615449 0.05079263 0.02748607 0.03877366 0.04261056 
386.00000000 0.50132661 0.18221281 0.15646837 0.05101663 0.02738614 0.03891590 0.04267353 
387.00000000 0.50043885 0.18245805 0.15678375 0.05123912 0.02729853 0.03904389 0.04273781 
388.00000000 0.49945898 0.18279607 0.15710087 0.05145973 0.02722388 0.03915699 0.04280348 
389.00000000 0.49838722 0.18322668 0.15741995 0.05167812 0.02716281 0.03925459 0.04287063 
390.00000000 0.49722408 0.18374943 0.15774119 0.05189397 0.02711589 0.03933610 0.04293934 
391.00000000 0.49597032 0.18436362 0.15806479 0.05210697 0.02708364 0.03940099 0.04300969 
392.00000000 0.49462695 0.18506828 0.15839092 0.05231683 0.02706652 0.03944876 0.04308175 
393.00000000 0.49319529 0.18586220 0.15871972 0.05252329 0.02706497 0.03947894 0.04315559 
394.00000000 0.49167687 0.18674393 0.15905133 0.05272611 0.02707934 0.03949114 0.04323129 
395.00000000 0.49007352 0.18771176 0.15938584 0.05292506 0.02710994 0.03948498 0.04330890 
396.00000000 0.48838728 0.18876376 0.15972335 0.05311995 0.02715704 0.03946015 0.04338848 
397.00000000 0.48662046 0.18989775 0.16006391 0.05331061 0.02722082 0.03941638 0.04347008 
398.00000000 0.48477560 0.19111132 0.16040757 0.05349688 0.02730141 0.03935347 0.04355375 
399.00000000 0.48285548 0.19240186 0.16075434 0.05367865 0.02739890 0.03927125 0.04363952 
400.00000000 0.48086308 0.19376653 0.16110421 0.05385581 0.02751330 0.03916964 0.04372742 
401.00000000 0.47880162 0.19520228 0.16145717 0.05402829 0.02764456 0.03904858 0.04381749 
402.00000000 0.47667451 0.19670588 0.16181316 0.05419604 0.02779258 0.03890810 0.04390972 
403.00000000 0.47448535 0.19827389 0.16217212 0.05435903 0.02795720 0.03874827 0.04400414 
404.00000000 0.47223793 0.19990270 0.16253397 0.05451726 0.02813819 0.03856922 0.04410074 
405.00000000 0.46993620 0.20158854 0.16289860 0.05467076 0.02833527 0.03837114 0.04419951 
406.00000000 0.46758427 0.20332747 0.16326590 0.05481957 0.02854810 0.03815427 0.04430042 
407.00000000 0.46518641 0.20511541 0.16363573 0.05496376 0.02877628 0.03791893 0.04440347 
408.00000000 0.46274701 0.20694815 0.16400795 0.05510343 0.02901938 0.03766548 0.04450859 
409.00000000 0.46027058 0.20882134 0.16438242 0.05523869 0.02927689 0.03739432 0.04461576 
410.00000000 0.45776174 0.21073052 0.16475895 0.05536968 0.02954827 0.03710593 0.04472491 
411.00000000 0.45522519 0.21267116 0.16513738 0.05549655 0.02983291 0.03680084 0.04483598 
412.00000000 0.45266572 0.21463860 0.16551753 0.05561948 0.03013018 0.03647960 0.04494888 
413.00000000 0.45008818 0.21662815 0.16589922 0.05573867 0.03043940 0.03614283 0.04506355 
414.00000000 0.44749745 0.21863504 0.16628226 0.05585433 0.03075984 0.03579121 0.04517987 
415.00000000 0.44489847 0.22065446 0.16666646 0.05596668 0.03109075 0.03542543 0.04529775 
416.00000000 0.44229618 0.22268156 0.16705165 0.05607597 0.03143134 0.03504623 0.04541707 
417.00000000 0.43969552 0.22471149 0.16743762 0.05618247 0.03178078 0.03465440 0.04553771 
418.00000000 0.43710143 0.22673939 0.16782421 0.05628643 0.03213824 0.03425075 0.04565954 
419.00000000 0.43451880 0.22876040 0.16821124 0.05638815 0.03250285 0.03383613 0.04578243 
420.00000000 0.43195250 0.23076972 0.16859854 0.05648792 0.03287370 0.03341140 0.04590622 
421.00000000 0.42940734 0.23276256 0.16898594 0.05658603 0.03324991 0.03297746 0.04603076 
422.00000000 0.42688804 0.23473419 0.16937330 0.05668280 0.03363056 0.03253522 0.04615589 
423.00000000 0.42439925 0.23667995 0.16976048 0.05677854 0.03401472 0.03208562 0.04628144 
424.00000000 0.42194552 0.23859529 0.17014733 0.05687357 0.03440146 0.03162959 0.04640724 
425.00000000 0.41953127 0.24047571 0.17053374 0.05696822 0.03478985 0.03116810 0.04653312 
426.00000000 0.41716082 0.24231686 0.17091959 0.05706279 0.03517897 0.03070209 0.04665888 
427.00000000 0.41483833 0.24411449 0.17130479 0.05715762 0.03556790 0.03023253 0.04678434 
428.00000000 0.41256781 0.24586449 0.17168925 0.05725302 0.03595572 0.02976038 0.04690932 
429.00000000 0.41035312 0.24756292 0.17207290 0.05734931 0.03634154 0.02928659 0.04703362 
430.00000000 0.40819794 0.24920598 0.17245566 0.05744679 0.03672448 0.02881211 0.04715704 
431.00000000 0.40610575 0.25079004 0.17283750 0.05754577 0.03710367 0.02833787 0.04727941 
432.00000000 0.40407985 0.25231166 0.17321835 0.05764654 0.03747829 0.02786480 0.04740051 
433.00000000 0.40212334 0.25376760 0.17359821 0.05774937 0.03784751 0.02739380 0.04752017 
434.00000000 0.40023911 0.25515482 0.17397703 0.05785455 0.03821056 0.02692575 0.04763819 
435.00000000 0.39842981 0.25647048 0.17435482 0.05796231 0.03856669 0.02646151 0.04775438 
436.00000000 0.39669789 0.25771198 0.17473156 0.05807290 0.03891519 0.02600193 0.04786856 
437.00000000 0.39504554 0.25887693 0.17510727 0.05818654 0.03925537 0.02554780 0.04798056 
438.00000000 0.39347473 0.25996319 0.17548194 0.05830343 0.03958660 0.02509991 0.04809019 
439.00000000 0.39198719 0.26096885 0.17585560 0.05842376 0.03990829 0.02465901 0.04819730 
