0.00000000 0.00000000 0.00000000 0.00000000 0.00000000 0.00000000 1.00000000 0.00000000 
1.00000000 0.00000666 0.00000494 0.00000327 0.00001027 0.00023330 0.99968566 0.00005590 
2.00000000 0.00002660 0.00001975 0.00001307 0.00004120 0.00093241 0.99874362 0.00022335 
3.00000000 0.00005974 0.00004442 0.00002939 0.00009324 0.00209487 0.99717679 0.00050155 
4.00000000 0.00010594 0.00007890 0.00005219 0.00016707 0.00371661 0.99499007 0.00088923 
5.00000000 0.00016499 0.00012315 0.00008143 0.00026367 0.00579192 0.99219026 0.00138458 
6.00000000 0.00023665 0.00017712 0.00011705 0.00038429 0.00831351 0.98878608 0.00198530 
7.00000000 0.00032060 0.00024073 0.00015899 0.00053046 0.01127262 0.98478795 0.00268865 
8.00000000 0.00041650 0.00031388 0.00020718 0.00070392 0.01465910 0.98020796 0.00349145 
9.00000000 0.00052395 0.00039649 0.00026153 0.00090663 0.01846151 0.97505977 0.00439012 
10.00000000 0.00064247 0.00048847 0.00032195 0.00114078 0.02266705 0.96935862 0.00538067 
11.00000000 0.00077158 0.00058972 0.00038833 0.00140872 0.02726156 0.96312137 0.00645872 
12.00000000 0.00091073 0.00070015 0.00046056 0.00171300 0.03222954 0.95636646 0.00761955 
13.00000000 0.00105935 0.00081965 0.00053854 0.00205633 0.03755434 0.94911369 0.00885811 
14.00000000 0.00121684 0.00094808 0.00062214 0.00244157 0.04321839 0.94138382 0.01016914 
15.00000000 0.00138262 0.00108532 0.00071126 0.00287168 0.04920352 0.93319837 0.01154723 
16.00000000 0.00155604 0.00123119 0.00080577 0.00334966 0.05549109 0.92457935 0.01298690 
17.00000000 0.00173647 0.00138556 0.00090555 0.00387850 0.06206203 0.91554936 0.01448254 
18.00000000 0.00192321 0.00154829 0.00101047 0.00446118 0.06889672 0.90613173 0.01602841 
19.00000000 0.00211557 0.00171926 0.00112039 0.00510062 0.07597483 0.89635073 0.01761860 
20.00000000 0.00231284 0.00189836 0.00123517 0.00579974 0.08327539 0.88623144 0.01924705 
21.00000000 0.00251434 0.00208543 0.00135469 0.00656147 0.09077709 0.87579931 0.02090767 
22.00000000 0.00271940 0.00228028 0.00147880 0.00738868 0.09845878 0.86507959 0.02259447 
23.00000000 0.00292739 0.00248271 0.00160737 0.00828414 0.10629981 0.85409689 0.02430170 
24.00000000 0.00313769 0.00269248 0.00174024 0.00925039 0.11428022 0.84287521 0.02602377 
25.00000000 0.00334967 0.00290940 0.00187726 0.01028969 0.12238046 0.83143825 0.02775527 
26.00000000 0.00356267 0.00313329 0.00201826 0.01140397 0.13058108 0.81980992 0.02949082 
27.00000000 0.00377603 0.00336401 0.00216306 0.01259486 0.13886226 0.80801479 0.03122500 
28.00000000 0.00398910 0.00360141 0.00231150 0.01386380 0.14720380 0.79607794 0.03295244 
29.00000000 0.00420129 0.00384533 0.00246342 0.01521209 0.15558543 0.78402446 0.03466797 
30.00000000 0.00441208 0.00409554 0.00261866 0.01664088 0.16398738 0.77187867 0.03636679 
31.00000000 0.00462098 0.00435180 0.00277705 0.01815105 0.17239079 0.75966377 0.03804457 
32.00000000 0.00482753 0.00461383 0.00293839 0.01974307 0.18077782 0.74740190 0.03969745 
33.00000000 0.00503129 0.00488139 0.00310250 0.02141686 0.18913131 0.73511471 0.04132195 
34.00000000 0.00523177 0.00515427 0.00326917 0.02317176 0.19743427 0.72282395 0.04291481 
35.00000000 0.00542849 0.00543234 0.00343824 0.02500665 0.20566951 0.71055190 0.04447288 
36.00000000 0.00562102 0.00571546 0.00360954 0.02692013 0.21381950 0.69832113 0.04599322 
37.00000000 0.00580897 0.00600347 0.00378292 0.02891066 0.22186691 0.68615385 0.04747323 
38.00000000 0.00599204 0.00629615 0.00395826 0.03097658 0.22979522 0.67407097 0.04891078 
39.00000000 0.00617000 0.00659322 0.00413536 0.03311599 0.23758948 0.66209157 0.05030438 
40.00000000 0.00634264 0.00689437 0.00431404 0.03532651 0.24523648 0.65023290 0.05165306 
41.00000000 0.00650979 0.00719929 0.00449407 0.03760513 0.25272460 0.63851091 0.05295622 
42.00000000 0.00667123 0.00750771 0.00467523 0.03994816 0.26004327 0.62694092 0.05421349 
43.00000000 0.00682676 0.00781945 0.00485735 0.04235141 0.26718228 0.61553820 0.05542455 
44.00000000 0.00697621 0.00813434 0.00504028 0.04481046 0.27413153 0.60431800 0.05658918 
45.00000000 0.00711944 0.00845220 0.00522390 0.04732095 0.28088108 0.59329500 0.05770742 
46.00000000 0.00725640 0.00877278 0.00540809 0.04987861 0.28742185 0.58248251 0.05877976 
47.00000000 0.00738712 0.00909575 0.00559268 0.05247921 0.29374622 0.57189188 0.05980714 
48.00000000 0.00751170 0.00942071 0.00577747 0.05511823 0.29984835 0.56153257 0.06079098 
49.00000000 0.00763023 0.00974727 0.00596223 0.05779064 0.30572391 0.55141283 0.06173291 
50.00000000 0.00774279 0.01007509 0.00614678 0.06049078 0.31136933 0.54154060 0.06263463 
51.00000000 0.00784945 0.01040393 0.00633102 0.06321263 0.31678099 0.53192421 0.06349777 
52.00000000 0.00795024 0.01073358 0.00651490 0.06595015 0.32195465 0.52257253 0.06432394 
53.00000000 0.00804522 0.01106385 0.00669845 0.06869772 0.32688560 0.51349430 0.06511486 
54.00000000 0.00813451 0.01139450 0.00688167 0.07145031 0.33156917 0.50469731 0.06587253 
55.00000000 0.00821833 0.01172519 0.00706456 0.07420335 0.33600156 0.49618775 0.06659925 
56.00000000 0.00829696 0.01205555 0.00724709 0.07695231 0.34018021 0.48797027 0.06729761 
57.00000000 0.00837068 0.01238516 0.00742921 0.07969231 0.34410384 0.48004856 0.06797024 
58.00000000 0.00843972 0.01271370 0.00761094 0.08241801 0.34777198 0.47242599 0.06861966 
59.00000000 0.00850427 0.01304094 0.00779234 0.08512384 0.35118442 0.46510606 0.06924813 
60.00000000 0.00856442 0.01336676 0.00797355 0.08780448 0.35434085 0.45809229 0.06985766 
61.00000000 0.00862028 0.01369107 0.00815470 0.09045540 0.35724083 0.45138756 0.07045016 
62.00000000 0.00867198 0.01401378 0.00833594 0.09307302 0.35988426 0.44499341 0.07102762 
63.00000000 0.00871974 0.01433470 0.00851735 0.09565442 0.36227190 0.43890967 0.07159222 
64.00000000 0.00876388 0.01465358 0.00869897 0.09819682 0.36440586 0.43313455 0.07214634 
65.00000000 0.00880474 0.01497013 0.00888086 0.10069694 0.36628979 0.42766514 0.07269240 
66.00000000 0.00884262 0.01528413 0.00906309 0.10315089 0.36792858 0.42249798 0.07323270 
67.00000000 0.00887775 0.01559545 0.00924579 0.10555441 0.36932795 0.41762947 0.07376918 
68.00000000 0.00891026 0.01590409 0.00942910 0.10790346 0.37049385 0.41305580 0.07430344 
69.00000000 0.00894025 0.01621016 0.00961316 0.11019477 0.37143215 0.40877272 0.07483680 
70.00000000 0.00896787 0.01651372 0.00979808 0.11242600 0.37214861 0.40477518 0.07537053 
71.00000000 0.00899336 0.01681479 0.00998397 0.11459550 0.37264908 0.40105724 0.07590606 
72.00000000 0.00901707 0.01711324 0.01017089 0.11670156 0.37293985 0.39761235 0.07644504 
73.00000000 0.00903944 0.01740887 0.01035900 0.11874188 0.37302774 0.39443388 0.07698919 
74.00000000 0.00906089 0.01770150 0.01054847 0.12071340 0.37292003 0.39151558 0.07754012 
75.00000000 0.00908178 0.01799101 0.01073953 0.12261271 0.37262415 0.38885176 0.07809907 
76.00000000 0.00910234 0.01827742 0.01093238 0.12443673 0.37214725 0.38643712 0.07866676 
77.00000000 0.00912274 0.01856086 0.01112716 0.12618341 0.37149598 0.38426633 0.07924352 
78.00000000 0.00914315 0.01884145 0.01132393 0.12785194 0.37067634 0.38233376 0.07982943 
79.00000000 0.00916379 0.01911923 0.01152272 0.12944233 0.36969385 0.38063338 0.08042470 
80.00000000 0.00918505 0.01939409 0.01172355 0.13095464 0.36855384 0.37915908 0.08102974 
81.00000000 0.00920738 0.01966578 0.01192651 0.13238829 0.36726184 0.37790499 0.08164520 
82.00000000 0.00923123 0.01993404 0.01213171 0.13374189 0.36582374 0.37686563 0.08227176 
83.00000000 0.00925702 0.02019864 0.01233925 0.13501357 0.36424589 0.37603574 0.08290990 
84.00000000 0.00928503 0.02045953 0.01254911 0.13620187 0.36253485 0.37540988 0.08355973 
85.00000000 0.00931543 0.02071679 0.01276116 0.13730636 0.36069714 0.37498209 0.08422103 
86.00000000 0.00934836 0.02097054 0.01297515 0.13832779 0.35873895 0.37474572 0.08489348 
87.00000000 0.00938398 0.02122086 0.01319077 0.13926761 0.35666620 0.37469357 0.08557702 
88.00000000 0.00942254 0.02146768 0.01340774 0.14012704 0.35448472 0.37481825 0.08627202 
89.00000000 0.00946442 0.02171076 0.01362587 0.14090643 0.35220065 0.37511253 0.08697934 
90.00000000 0.00951003 0.02194984 0.01384500 0.14160505 0.34982059 0.37556941 0.08770008 
91.00000000 0.00955977 0.02218466 0.01406502 0.14222175 0.34735145 0.37618207 0.08843529 
92.00000000 0.00961392 0.02241516 0.01428574 0.14275582 0.34480006 0.37694364 0.08918567 
93.00000000 0.00967264 0.02264142 0.01450690 0.14320777 0.34217265 0.37784705 0.08995156 
94.00000000 0.00973600 0.02286364 0.01472814 0.14357943 0.33947450 0.37888518 0.09073311 
95.00000000 0.00980405 0.02308199 0.01494910 0.14387339 0.33670997 0.38005099 0.09153051 
96.00000000 0.00987692 0.02329651 0.01516948 0.14409207 0.33388293 0.38133790 0.09234420 
97.00000000 0.00995484 0.02350703 0.01538911 0.14423708 0.33099716 0.38273995 0.09317482 
98.00000000 0.01003813 0.02371331 0.01560793 0.14430911 0.32805664 0.38425188 0.09402299 
99.00000000 0.01012711 0.02391510 0.01582595 0.14430854 0.32506540 0.38586891 0.09488899 
100.00000000 0.01022202 0.02411229 0.01604314 0.14423624 0.32202717 0.38758657 0.09577257 
101.00000000 0.01032296 0.02430495 0.01625935 0.14409419 0.31894494 0.38940060 0.09667301 
102.00000000 0.01042995 0.02449329 0.01647432 0.14388542 0.31582092 0.39130681 0.09758928 
103.00000000 0.01054294 0.02467752 0.01668771 0.14361332 0.31265695 0.39330112 0.09852044 
104.00000000 0.01066193 0.02485771 0.01689920 0.14328080 0.30945524 0.39537938 0.09946574 
105.00000000 0.01078701 0.02503380 0.01710856 0.14288967 0.30621911 0.39753723 0.10042462 
106.00000000 0.01091834 0.02520559 0.01731567 0.14244059 0.30295320 0.39977003 0.10139657 
107.00000000 0.01105612 0.02537293 0.01752043 0.14193372 0.29966308 0.40207283 0.10238088 
108.00000000 0.01120049 0.02553583 0.01772271 0.14136946 0.29635435 0.40444061 0.10337656 
109.00000000 0.01135145 0.02569449 0.01792228 0.14074905 0.29303189 0.40686846 0.10438238 
110.00000000 0.01150892 0.02584929 0.01811879 0.14007466 0.28969958 0.40935172 0.10539703 
111.00000000 0.01167274 0.02600066 0.01831184 0.13934888 0.28636083 0.41188570 0.10641935 
112.00000000 0.01184274 0.02614898 0.01850106 0.13857411 0.28301953 0.41446519 0.10744839 
113.00000000 0.01201883 0.02629449 0.01868619 0.13775200 0.27968092 0.41708414 0.10848344 
114.00000000 0.01220100 0.02643732 0.01886711 0.13688350 0.27635164 0.41973560 0.10952383 
115.00000000 0.01238925 0.02657763 0.01904384 0.13596922 0.27303890 0.42241234 0.11056883 
116.00000000 0.01258353 0.02671565 0.01921646 0.13501012 0.26974915 0.42510761 0.11161749 
117.00000000 0.01278369 0.02685182 0.01938503 0.13400802 0.26648700 0.42781584 0.11266860 
118.00000000 0.01298946 0.02698671 0.01954961 0.13296574 0.26325506 0.43053264 0.11372078 
119.00000000 0.01320053 0.02712090 0.01971021 0.13188673 0.26005484 0.43325424 0.11477255 
120.00000000 0.01341654 0.02725491 0.01986689 0.13077456 0.25688828 0.43597636 0.11582247 
121.00000000 0.01363721 0.02738904 0.02001980 0.12963239 0.25375897 0.43869343 0.11686915 
122.00000000 0.01386231 0.02752345 0.02016923 0.12846279 0.25067242 0.44139854 0.11791126 
123.00000000 0.01409163 0.02765822 0.02031558 0.12726794 0.24763502 0.44408418 0.11894744 
124.00000000 0.01432491 0.02779348 0.02045933 0.12605004 0.24465240 0.44674359 0.11997625 
125.00000000 0.01456182 0.02792952 0.02060097 0.12481181 0.24172803 0.44937176 0.12099608 
126.00000000 0.01480193 0.02806677 0.02074090 0.12355667 0.23886290 0.45196563 0.12200520 
127.00000000 0.01504475 0.02820568 0.02087945 0.12228861 0.23605648 0.45452324 0.12300179 
128.00000000 0.01528977 0.02834664 0.02101685 0.12101187 0.23330847 0.45704232 0.12398408 
129.00000000 0.01553659 0.02848986 0.02115331 0.11973055 0.23062032 0.45951901 0.12495036 
130.00000000 0.01578484 0.02863543 0.02128909 0.11844834 0.22799560 0.46194756 0.12589915 
131.00000000 0.01603423 0.02878335 0.02142448 0.11716852 0.22543898 0.46432128 0.12682916 
132.00000000 0.01628447 0.02893374 0.02155985 0.11589417 0.22295433 0.46663419 0.12773924 
133.00000000 0.01653523 0.02908685 0.02169551 0.11462849 0.22054300 0.46888255 0.12862837 
134.00000000 0.01678609 0.02924313 0.02183170 0.11337509 0.21820329 0.47106524 0.12949545 
135.00000000 0.01703657 0.02940310 0.02196852 0.11213807 0.21593147 0.47318292 0.13033935 
136.00000000 0.01728615 0.02956727 0.02210591 0.11092191 0.21372377 0.47523619 0.13115880 
137.00000000 0.01753438 0.02973598 0.02224376 0.10973119 0.21157831 0.47722389 0.13195249 
138.00000000 0.01778087 0.02990939 0.02238199 0.10857022 0.20949590 0.47914248 0.13271915 
139.00000000 0.01802536 0.03008758 0.02252061 0.10744270 0.20747915 0.48098691 0.13345769 
140.00000000 0.01826763 0.03027061 0.02265976 0.10635174 0.20553063 0.48275246 0.13416717 
141.00000000 0.01850743 0.03045869 0.02279963 0.10529999 0.20365092 0.48443654 0.13484680 
142.00000000 0.01874444 0.03065214 0.02294037 0.10429005 0.20183797 0.48603922 0.13549581 
143.00000000 0.01897823 0.03085137 0.02308203 0.10332469 0.20008788 0.48756245 0.13611335 
144.00000000 0.01920827 0.03105675 0.02322452 0.10240700 0.19839688 0.48900819 0.13669838 
145.00000000 0.01943405 0.03126847 0.02336773 0.10154019 0.19676315 0.49037670 0.13724971 
146.00000000 0.01965513 0.03148649 0.02351157 0.10072722 0.19518762 0.49166590 0.13776607 
147.00000000 0.01987122 0.03171062 0.02365610 0.09997046 0.19367315 0.49287216 0.13824629 
148.00000000 0.02008214 0.03194065 0.02380148 0.09927148 0.19222259 0.49399226 0.13868940 
149.00000000 0.02028775 0.03217647 0.02394789 0.09863127 0.19083684 0.49502506 0.13909472 
150.00000000 0.02048783 0.03241812 0.02409540 0.09805059 0.18951404 0.49597217 0.13946185 
151.00000000 0.02068204 0.03266581 0.02424393 0.09753030 0.18825024 0.49683713 0.13979054 
152.00000000 0.02086992 0.03291971 0.02439319 0.09707163 0.18704118 0.49762377 0.14008059 
153.00000000 0.02105100 0.03317990 0.02454279 0.09667611 0.18588407 0.49833442 0.14033172 
154.00000000 0.02122490 0.03344622 0.02469231 0.09634524 0.18477845 0.49896933 0.14054356 
155.00000000 0.02139147 0.03371834 0.02484144 0.09608016 0.18372557 0.49952726 0.14071575 
156.00000000 0.02155079 0.03399591 0.02498993 0.09588137 0.18272680 0.50000709 0.14084810 
157.00000000 0.02170305 0.03427867 0.02513753 0.09574874 0.18178196 0.50040927 0.14094079 
158.00000000 0.02184844 0.03456654 0.02528392 0.09568164 0.18088872 0.50073625 0.14099448 
159.00000000 0.02198699 0.03485964 0.02542867 0.09567922 0.18004337 0.50099172 0.14101039 
160.00000000 0.02211860 0.03515812 0.02557125 0.09574054 0.17924238 0.50117907 0.14099004 
161.00000000 0.02224305 0.03546203 0.02571114 0.09586457 0.17848402 0.50130008 0.14093510 
162.00000000 0.02236024 0.03577125 0.02584795 0.09605001 0.17776892 0.50135460 0.14084704 
163.00000000 0.02247022 0.03608545 0.02598143 0.09629508 0.17709942 0.50134127 0.14072713 
164.00000000 0.02257332 0.03640430 0.02611147 0.09659739 0.17647813 0.50125893 0.14057645 
165.00000000 0.02266997 0.03672756 0.02623802 0.09695397 0.17590660 0.50110772 0.14039616 
166.00000000 0.02276060 0.03705522 0.02636098 0.09736142 0.17538481 0.50088922 0.14018774 
167.00000000 0.02284549 0.03738741 0.02648020 0.09781607 0.17491190 0.50060572 0.13995321 
168.00000000 0.02292471 0.03772431 0.02659552 0.09831415 0.17448732 0.50025904 0.13969496 
169.00000000 0.02299823 0.03806597 0.02670688 0.09885185 0.17411187 0.49984971 0.13941549 
170.00000000 0.02306606 0.03841221 0.02681434 0.09942533 0.17378801 0.49937701 0.13911705 
171.00000000 0.02312839 0.03876265 0.02691811 0.10003074 0.17351911 0.49883959 0.13880141 
172.00000000 0.02318566 0.03911684 0.02701848 0.10066437 0.17330837 0.49823648 0.13846980 
173.00000000 0.02323853 0.03947438 0.02711566 0.10132271 0.17315785 0.49756767 0.13812319 
174.00000000 0.02328769 0.03983503 0.02720977 0.10200253 0.17306827 0.49683404 0.13776267 
175.00000000 0.02333378 0.04019859 0.02730081 0.10270080 0.17303946 0.49603675 0.13738980 
176.00000000 0.02337728 0.04056485 0.02738880 0.10341468 0.17307125 0.49517650 0.13700663 
177.00000000 0.02341857 0.04093342 0.02747386 0.10414135 0.17316422 0.49425309 0.13661550 
178.00000000 0.02345801 0.04130371 0.02755623 0.10487802 0.17331989 0.49326544 0.13621869 
179.00000000 0.02349608 0.04167497 0.02763632 0.10562203 0.17354039 0.49221221 0.13581800 
180.00000000 0.02353346 0.04204645 0.02771452 0.10637093 0.17382776 0.49109228 0.13541460 
181.00000000 0.02357093 0.04241754 0.02779110 0.10712266 0.17418341 0.48990522 0.13500913 
182.00000000 0.02360928 0.04278779 0.02786621 0.10787550 0.17460799 0.48865115 0.13460208 
183.00000000 0.02364920 0.04315689 0.02793985 0.10862783 0.17510165 0.48733040 0.13419418 
184.00000000 0.02369115 0.04352454 0.02801201 0.10937796 0.17566465 0.48594298 0.13378670 
185.00000000 0.02373542 0.04389036 0.02808281 0.11012387 0.17629780 0.48448840 0.13338135 
186.00000000 0.02378219 0.04425382 0.02815247 0.11086312 0.17700265 0.48296569 0.13298006 
187.00000000 0.02383165 0.04461436 0.02822131 0.11159302 0.17778125 0.48137386 0.13258457 
188.00000000 0.02388405 0.04497143 0.02828962 0.11231095 0.17863566 0.47971224 0.13219606 
189.00000000 0.02393972 0.04532459 0.02835755 0.11301471 0.17956752 0.47798079 0.13181512 
190.00000000 0.02399897 0.04567354 0.02842509 0.11370273 0.18057772 0.47618002 0.13144193 
191.00000000 0.02406206 0.04601799 0.02849214 0.11437398 0.18166637 0.47431080 0.13107666 
192.00000000 0.02412915 0.04635763 0.02855860 0.11502771 0.18283296 0.47237412 0.13071984 
193.00000000 0.02420033 0.04669201 0.02862445 0.11566316 0.18407663 0.47037093 0.13037249 
194.00000000 0.02427565 0.04702052 0.02868983 0.11627929 0.18539644 0.46830220 0.13003607 
195.00000000 0.02435526 0.04734251 0.02875494 0.11687485 0.18679146 0.46616893 0.12971204 
196.00000000 0.02443940 0.04765728 0.02881997 0.11744868 0.18826074 0.46397237 0.12940157 
197.00000000 0.02452841 0.04796420 0.02888504 0.11800004 0.18980308 0.46171400 0.12910523 
198.00000000 0.02462263 0.04826278 0.02895016 0.11852889 0.19141685 0.45939561 0.12882309 
199.00000000 0.02472237 0.04855264 0.02901528 0.11903581 0.19309968 0.45701925 0.12855496 
200.00000000 0.02482784 0.04883352 0.02908036 0.11952175 0.19484851 0.45458719 0.12830084 
201.00000000 0.02493916 0.04910524 0.02914537 0.11998753 0.19665974 0.45210180 0.12806116 
202.00000000 0.02505646 0.04936761 0.02921037 0.12043356 0.19852967 0.44956542 0.12783691 
203.00000000 0.02517987 0.04962049 0.02927545 0.12085962 0.20045492 0.44698026 0.12762939 
204.00000000 0.02530957 0.04986372 0.02934072 0.12126494 0.20243266 0.44434841 0.12743998 
205.00000000 0.02544567 0.05009725 0.02940624 0.12164858 0.20446066 0.44167185 0.12726975 
206.00000000 0.02558821 0.05032119 0.02947201 0.12200969 0.20653693 0.43895262 0.12711936 
207.00000000 0.02573701 0.05053584 0.02953803 0.12234777 0.20865928 0.43619299 0.12698908 
208.00000000 0.02589180 0.05074168 0.02960428 0.12266276 0.21082482 0.43339565 0.12687901 
209.00000000 0.02605218 0.05093926 0.02967073 0.12295489 0.21302980 0.43056373 0.12678942 
210.00000000 0.02621784 0.05112909 0.02973740 0.12322437 0.21526969 0.42770071 0.12672090 
211.00000000 0.02638855 0.05131152 0.02980432 0.12347124 0.21753970 0.42481029 0.12667438 
212.00000000 0.02656417 0.05148675 0.02987157 0.12369519 0.21983523 0.42189618 0.12665092 
213.00000000 0.02674461 0.05165494 0.02993920 0.12389568 0.22215215 0.41896207 0.12665135 
214.00000000 0.02692963 0.05181632 0.03000730 0.12407224 0.22448666 0.41601176 0.12667608 
215.00000000 0.02711889 0.05197130 0.03007595 0.12422479 0.22683470 0.41304947 0.12672490 
216.00000000 0.02731189 0.05212044 0.03014522 0.12435390 0.22919127 0.41008012 0.12679715 
217.00000000 0.02750814 0.05226436 0.03021518 0.12446094 0.23155001 0.40710941 0.12689196 
218.00000000 0.02770727 0.05240352 0.03028591 0.12454785 0.23390337 0.40414348 0.12700860 
219.00000000 0.02790908 0.05253818 0.03035754 0.12461680 0.23624335 0.40118849 0.12714656 
220.00000000 0.02811352 0.05266838 0.03043022 0.12466974 0.23856242 0.39825016 0.12730555 
221.00000000 0.02832054 0.05279413 0.03050411 0.12470816 0.24085415 0.39533363 0.12748528 
222.00000000 0.02852992 0.05291555 0.03057943 0.12473306 0.24311331 0.39244362 0.12768512 
223.00000000 0.02874118 0.05303302 0.03065637 0.12474529 0.24533537 0.38958478 0.12790399 
224.00000000 0.02895366 0.05314712 0.03073514 0.12474607 0.24751569 0.38676200 0.12814031 
225.00000000 0.02916664 0.05325848 0.03081594 0.12473738 0.24964892 0.38398034 0.12839230 
226.00000000 0.02937949 0.05336757 0.03089897 0.12472201 0.25172904 0.38124471 0.12865821 
227.00000000 0.02959182 0.05347460 0.03098442 0.12470328 0.25374991 0.37855939 0.12893657 
228.00000000 0.02980338 0.05357959 0.03107246 0.12468450 0.25570608 0.37592781 0.12922618 
229.00000000 0.03001397 0.05368251 0.03116321 0.12466841 0.25759345 0.37335251 0.12952593 
230.00000000 0.03022324 0.05378353 0.03125683 0.12465704 0.25940938 0.37083545 0.12983453 
231.00000000 0.03043058 0.05388311 0.03135343 0.12465190 0.26115206 0.36837859 0.13015034 
232.00000000 0.03063520 0.05398194 0.03145313 0.12465453 0.26281952 0.36598428 0.13047139 
233.00000000 0.03083629 0.05408077 0.03155608 0.12466701 0.26440886 0.36365542 0.13079558 
234.00000000 0.03103318 0.05418013 0.03166241 0.12469219 0.26591604 0.36139514 0.13112092 
235.00000000 0.03122549 0.05428025 0.03177227 0.12473345 0.26733645 0.35920638 0.13144571 
236.00000000 0.03141309 0.05438105 0.03188582 0.12479418 0.26866595 0.35709138 0.13176853 
237.00000000 0.03159591 0.05448235 0.03200324 0.12487717 0.26990162 0.35505161 0.13208809 
238.00000000 0.03177379 0.05458410 0.03212472 0.12498427 0.27104200 0.35308809 0.13240303 
239.00000000 0.03194634 0.05468653 0.03225044 0.12511641 0.27208647 0.35120196 0.13271185 
240.00000000 0.03211298 0.05479009 0.03238062 0.12527402 0.27303424 0.34939501 0.13301305 
241.00000000 0.03227308 0.05489527 0.03251547 0.12545753 0.27388357 0.34766981 0.13330527 
242.00000000 0.03242614 0.05500237 0.03265519 0.12566766 0.27463181 0.34602923 0.13358759 
243.00000000 0.03257189 0.05511136 0.03279999 0.12590541 0.27527613 0.34447570 0.13385953 
244.00000000 0.03271025 0.05522194 0.03295004 0.12617171 0.27581458 0.34301050 0.13412099 
245.00000000 0.03284126 0.05533371 0.03310545 0.12646704 0.27624686 0.34163366 0.13437202 
246.00000000 0.03296484 0.05544644 0.03326629 0.12679109 0.27657433 0.34034431 0.13461271 
247.00000000 0.03308077 0.05556020 0.03343250 0.12714270 0.27679918 0.33914143 0.13484322 
248.00000000 0.03318865 0.05567539 0.03360397 0.12752005 0.27692347 0.33802458 0.13506390 
249.00000000 0.03328808 0.05579247 0.03378046 0.12792091 0.27694833 0.33699414 0.13527562 
250.00000000 0.03337875 0.05591184 0.03396168 0.12834285 0.27687401 0.33605104 0.13547984 
251.00000000 0.03346060 0.05603357 0.03414732 0.12878327 0.27670065 0.33519599 0.13567859 
252.00000000 0.03353378 0.05615751 0.03433704 0.12923944 0.27642921 0.33442884 0.13587418 
253.00000000 0.03359858 0.05628336 0.03453051 0.12970828 0.27606212 0.33374827 0.13606887 
254.00000000 0.03365533 0.05641088 0.03472737 0.13018635 0.27560318 0.33315215 0.13626473 
255.00000000 0.03370429 0.05654008 0.03492723 0.13066974 0.27505672 0.33263828 0.13646367 
256.00000000 0.03374565 0.05667116 0.03512962 0.13115401 0.27442661 0.33220530 0.13666764 
257.00000000 0.03377961 0.05680441 0.03533407 0.13163432 0.27371561 0.33185302 0.13687895 
258.00000000 0.03380642 0.05694007 0.03554006 0.13210543 0.27292559 0.33158219 0.13710024 
259.00000000 0.03382646 0.05707815 0.03574711 0.13256187 0.27205842 0.33139359 0.13733440 
260.00000000 0.03384027 0.05721847 0.03595478 0.13299820 0.27111700 0.33128712 0.13758416 
261.00000000 0.03384844 0.05736073 0.03616267 0.13340916 0.27010582 0.33126130 0.13785186 
262.00000000 0.03385164 0.05750467 0.03637041 0.13378992 0.26903065 0.33131351 0.13813920 
263.00000000 0.03385048 0.05765017 0.03657759 0.13413602 0.26789762 0.33144077 0.13844735 
264.00000000 0.03384549 0.05779734 0.03678378 0.13444326 0.26671227 0.33164070 0.13877717 
265.00000000 0.03383714 0.05794644 0.03698851 0.13470756 0.26547903 0.33191190 0.13912942 
266.00000000 0.03382582 0.05809782 0.03719129 0.13492488 0.26420156 0.33225378 0.13950486 
267.00000000 0.03381190 0.05825179 0.03739164 0.13509128 0.26288355 0.33266572 0.13990412 
268.00000000 0.03379581 0.05840856 0.03758907 0.13520322 0.26152960 0.33314629 0.14032745 
269.00000000 0.03377810 0.05856820 0.03778313 0.13525785 0.26014547 0.33369272 0.14077453 
270.00000000 0.03375936 0.05873071 0.03797341 0.13525325 0.25873775 0.33430114 0.14124438 
271.00000000 0.03374026 0.05889607 0.03815952 0.13518835 0.25731303 0.33496724 0.14173554 
272.00000000 0.03372142 0.05906432 0.03834112 0.13506271 0.25587716 0.33568704 0.14224623 
273.00000000 0.03370340 0.05923559 0.03851793 0.13487621 0.25443496 0.33645734 0.14277457 
274.00000000 0.03368662 0.05941010 0.03868969 0.13462890 0.25299047 0.33727558 0.14331864 
275.00000000 0.03367147 0.05958804 0.03885621 0.13432102 0.25154772 0.33813914 0.14387639 
276.00000000 0.03365838 0.05976946 0.03901732 0.13395326 0.25011137 0.33904466 0.14444555 
277.00000000 0.03364786 0.05995426 0.03917290 0.13352701 0.24868694 0.33998743 0.14502360 
278.00000000 0.03364058 0.06014215 0.03932288 0.13304449 0.24728047 0.34096155 0.14560787 
279.00000000 0.03363723 0.06033271 0.03946729 0.13250870 0.24589786 0.34196052 0.14619569 
280.00000000 0.03363847 0.06052555 0.03960624 0.13192318 0.24454416 0.34297792 0.14678449 
281.00000000 0.03364476 0.06072042 0.03973988 0.13129177 0.24322334 0.34400802 0.14737180 
282.00000000 0.03365638 0.06091727 0.03986844 0.13061854 0.24193853 0.34504573 0.14795512 
283.00000000 0.03367342 0.06111621 0.03999208 0.12990775 0.24069245 0.34608624 0.14853185 
284.00000000 0.03369594 0.06131743 0.04011093 0.12916394 0.23948793 0.34712453 0.14909930 
285.00000000 0.03372406 0.06152099 0.04022502 0.12839199 0.23832796 0.34815510 0.14965488 
286.00000000 0.03375802 0.06172685 0.04033431 0.12759708 0.23721534 0.34917219 0.15019621 
287.00000000 0.03379810 0.06193482 0.04043875 0.12678460 0.23615222 0.35017024 0.15072127 
288.00000000 0.03384448 0.06214475 0.04053828 0.12596007 0.23513961 0.35114449 0.15122832 
289.00000000 0.03389712 0.06235666 0.04063290 0.12512907 0.23417732 0.35209123 0.15171569 
290.00000000 0.03395579 0.06257075 0.04072268 0.12429722 0.23326426 0.35300771 0.15218159 
291.00000000 0.03402013 0.06278742 0.04080767 0.12347020 0.23239883 0.35389171 0.15262404 
292.00000000 0.03408981 0.06300703 0.04088794 0.12265362 0.23157941 0.35474115 0.15304103 
293.00000000 0.03416470 0.06322976 0.04096350 0.12185285 0.23080462 0.35555385 0.15343072 
294.00000000 0.03424490 0.06345550 0.04103435 0.12107281 0.23007321 0.35632752 0.15379171 
295.00000000 0.03433060 0.06368386 0.04110053 0.12031790 0.22938394 0.35706007 0.15412309 
296.00000000 0.03442198 0.06391432 0.04116219 0.11959207 0.22873527 0.35774984 0.15442433 
297.00000000 0.03451909 0.06414643 0.04121957 0.11889906 0.22812518 0.35839568 0.15469499 
298.00000000 0.03462181 0.06437986 0.04127305 0.11824262 0.22755135 0.35899679 0.15493451 
299.00000000 0.03472993 0.06461447 0.04132306 0.11762652 0.22701144 0.35955246 0.15514211 
300.00000000 0.03484335 0.06485012 0.04137001 0.11705426 0.22650350 0.36006182 0.15531695 
301.00000000 0.03496206 0.06508654 0.04141428 0.11652868 0.22602628 0.36052380 0.15545836 
302.00000000 0.03508623 0.06532330 0.04145616 0.11605159 0.22557921 0.36093742 0.15556610 
303.00000000 0.03521603 0.06555976 0.04149589 0.11562374 0.22516208 0.36130207 0.15564044 
304.00000000 0.03535150 0.06579531 0.04153366 0.11524524 0.22477449 0.36161777 0.15568202 
305.00000000 0.03549242 0.06602954 0.04156965 0.11491606 0.22441542 0.36188527 0.15569164 
306.00000000 0.03563829 0.06626237 0.04160399 0.11463645 0.22408313 0.36210576 0.15567000 
307.00000000 0.03578847 0.06649405 0.04163675 0.11440690 0.22377552 0.36228065 0.15561765 
308.00000000 0.03594232 0.06672500 0.04166793 0.11422768 0.22349056 0.36241137 0.15553514 
309.00000000 0.03609932 0.06695565 0.04169741 0.11409812 0.22322677 0.36249943 0.15542330 
310.00000000 0.03625913 0.06718624 0.04172499 0.11401620 0.22298339 0.36254662 0.15528342 
311.00000000 0.03642148 0.06741686 0.04175040 0.11397862 0.22276006 0.36255519 0.15511738 
312.00000000 0.03658607 0.06764754 0.04177331 0.11398136 0.22255628 0.36252797 0.15492747 
313.00000000 0.03675238 0.06787842 0.04179342 0.11402049 0.22237085 0.36246829 0.15471614 
314.00000000 0.03691975 0.06810992 0.04181043 0.11409271 0.22220169 0.36237974 0.15448576 
315.00000000 0.03708741 0.06834267 0.04182408 0.11419535 0.22204611 0.36226582 0.15423856 
316.00000000 0.03725469 0.06857739 0.04183418 0.11432581 0.22190147 0.36212977 0.15397670 
317.00000000 0.03742118 0.06881459 0.04184062 0.11448081 0.22176582 0.36197447 0.15370252 
318.00000000 0.03758677 0.06905447 0.04184335 0.11465596 0.22163830 0.36180253 0.15341862 
319.00000000 0.03775160 0.06929682 0.04184243 0.11484580 0.22151898 0.36161640 0.15312798 
320.00000000 0.03791581 0.06954125 0.04183798 0.11504454 0.22140814 0.36141855 0.15283373 
321.00000000 0.03807940 0.06978736 0.04183024 0.11524689 0.22130545 0.36121164 0.15253902 
322.00000000 0.03824210 0.07003498 0.04181951 0.11544870 0.22120951 0.36099841 0.15224680 
323.00000000 0.03840341 0.07028417 0.04180623 0.11564699 0.22111787 0.36078154 0.15195978 
324.00000000 0.03856285 0.07053511 0.04179097 0.11583949 0.22102770 0.36056341 0.15168047 
325.00000000 0.03872011 0.07078785 0.04177436 0.11602389 0.22093654 0.36034592 0.15141133 
326.00000000 0.03887523 0.07104207 0.04175709 0.11619736 0.22084288 0.36013045 0.15115493 
327.00000000 0.03902851 0.07129715 0.04173979 0.11635651 0.22074620 0.35991790 0.15091393 
328.00000000 0.03918035 0.07155228 0.04172302 0.11649785 0.22064639 0.35970895 0.15069117 
329.00000000 0.03933095 0.07180672 0.04170722 0.11661852 0.22054292 0.35950419 0.15048948 
330.00000000 0.03948019 0.07206006 0.04169279 0.11671679 0.22043422 0.35930434 0.15031161 
331.00000000 0.03962767 0.07231220 0.04168012 0.11679219 0.22031758 0.35911016 0.15016008 
332.00000000 0.03977292 0.07256320 0.04166965 0.11684517 0.22018962 0.35892226 0.15003719 
333.00000000 0.03991573 0.07281302 0.04166183 0.11687641 0.22004716 0.35874081 0.14994504 
334.00000000 0.04005630 0.07306129 0.04165703 0.11688635 0.21988808 0.35856521 0.14988574 
335.00000000 0.04019528 0.07330726 0.04165551 0.11687489 0.21971162 0.35839391 0.14986153 
336.00000000 0.04033354 0.07354997 0.04165734 0.11684163 0.21951810 0.35822453 0.14987490 
337.00000000 0.04047186 0.07378856 0.04166248 0.11678622 0.21930810 0.35805434 0.14992843 
338.00000000 0.04061074 0.07402242 0.04167094 0.11670885 0.21908157 0.35788086 0.15002463 
339.00000000 0.04075034 0.07425124 0.04168287 0.11661036 0.21883740 0.35770219 0.15016560 
340.00000000 0.04089075 0.07447490 0.04169863 0.11649213 0.21857361 0.35751710 0.15035289 
341.00000000 0.04103221 0.07469314 0.04171876 0.11635566 0.21828815 0.35732456 0.15058752 
342.00000000 0.04117538 0.07490543 0.04174384 0.11620225 0.21797971 0.35712320 0.15087020 
343.00000000 0.04132129 0.07511092 0.04177435 0.11603268 0.21764829 0.35691096 0.15120151 
344.00000000 0.04147116 0.07530866 0.04181058 0.11584734 0.21729492 0.35668523 0.15158211 
345.00000000 0.04162610 0.07549785 0.04185268 0.11564633 0.21692098 0.35644344 0.15201261 
346.00000000 0.04178679 0.07567807 0.04190083 0.11542986 0.21652731 0.35618384 0.15249329 
347.00000000 0.04195350 0.07584932 0.04195531 0.11519839 0.21611373 0.35590598 0.15302377 
348.00000000 0.04212620 0.07601187 0.04201657 0.11495278 0.21567914 0.35561064 0.15360280 
349.00000000 0.04230484 0.07616603 0.04208517 0.11469421 0.21522220 0.35529917 0.15422838 
350.00000000 0.04248958 0.07631200 0.04216157 0.11442406 0.21474210 0.35497265 0.15489805 
351.00000000 0.04268076 0.07644984 0.04224596 0.11414381 0.21423903 0.35463136 0.15560925 
352.00000000 0.04287881 0.07657960 0.04233819 0.11385495 0.21371417 0.35427472 0.15635956 
353.00000000 0.04308399 0.07670154 0.04243786 0.11355900 0.21316913 0.35390186 0.15714662 
354.00000000 0.04329623 0.07681622 0.04254446 0.11325753 0.21260537 0.35351235 0.15796784 
355.00000000 0.04351510 0.07692455 0.04265759 0.11295223 0.21202378 0.35310669 0.15882006 
356.00000000 0.04373991 0.07702765 0.04277701 0.11264493 0.21142478 0.35268629 0.15969944 
357.00000000 0.04396998 0.07712664 0.04290264 0.11233765 0.21080877 0.35225278 0.16060154 
358.00000000 0.04420477 0.07722250 0.04303439 0.11203264 0.21017680 0.35180717 0.16152174 
359.00000000 0.04444389 0.07731608 0.04317196 0.11173244 0.20953086 0.35134923 0.16245555 
360.00000000 0.04468706 0.07740811 0.04331478 0.11143978 0.20887395 0.35087751 0.16339881 
361.00000000 0.04493398 0.07749940 0.04346202 0.11115741 0.20820965 0.35038991 0.16434762 
362.00000000 0.04518424 0.07759083 0.04361283 0.11088787 0.20754164 0.34988456 0.16529803 
363.00000000 0.04543736 0.07768340 0.04376647 0.11063322 0.20687333 0.34936044 0.16624578 
364.00000000 0.04569283 0.07777809 0.04392248 0.11039505 0.20620787 0.34881744 0.16718624 
365.00000000 0.04595026 0.07787576 0.04408064 0.11017455 0.20554836 0.34825587 0.16811456 
366.00000000 0.04620942 0.07797707 0.04424081 0.10997287 0.20489813 0.34767576 0.16902594 
367.00000000 0.04647018 0.07808251 0.04440270 0.10979141 0.20426091 0.34707636 0.16991593 
368.00000000 0.04673247 0.07819245 0.04456579 0.10963189 0.20364070 0.34645618 0.17078052 
369.00000000 0.04699617 0.07830726 0.04472930 0.10949609 0.20304144 0.34581359 0.17161614 
370.00000000 0.04726115 0.07842729 0.04489239 0.10938547 0.20246670 0.34514753 0.17241947 
371.00000000 0.04752728 0.07855287 0.04505432 0.10930067 0.20191951 0.34445803 0.17318732 
372.00000000 0.04779455 0.07868424 0.04521467 0.10924129 0.20140235 0.34374619 0.17391670 
373.00000000 0.04806304 0.07882149 0.04537328 0.10920617 0.20091737 0.34301373 0.17460490 
374.00000000 0.04833289 0.07896459 0.04553017 0.10919381 0.20046655 0.34226226 0.17524972 
375.00000000 0.04860420 0.07911335 0.04568532 0.10920295 0.20005184 0.34149277 0.17584955 
376.00000000 0.04887694 0.07926756 0.04583855 0.10923281 0.19967516 0.34070551 0.17640348 
377.00000000 0.04915094 0.07942694 0.04598954 0.10928278 0.19933831 0.33990034 0.17691115 
378.00000000 0.04942599 0.07959119 0.04613794 0.10935194 0.19904298 0.33907723 0.17737272 
379.00000000 0.04970190 0.07975993 0.04628359 0.10943846 0.19879069 0.33823666 0.17778876 
380.00000000 0.04997863 0.07993267 0.04642660 0.10953938 0.19858288 0.33737963 0.17816021 
381.00000000 0.05025627 0.08010876 0.04656745 0.10965089 0.19842095 0.33650726 0.17848841 
382.00000000 0.05053496 0.08028740 0.04670680 0.10976911 0.19830635 0.33562034 0.17877504 
383.00000000 0.05081484 0.08046766 0.04684540 0.10989074 0.19824049 0.33471881 0.17902207 
384.00000000 0.05109591 0.08064852 0.04698391 0.11001343 0.19822475 0.33380183 0.17923164 
385.00000000 0.05137807 0.08082889 0.04712294 0.11013560 0.19826040 0.33286810 0.17940600 
386.00000000 0.05166120 0.08100763 0.04726304 0.11025583 0.19834849 0.33191641 0.17954740 
387.00000000 0.05194525 0.08118359 0.04740486 0.11037233 0.19848985 0.33094612 0.17965800 
388.00000000 0.05223036 0.08135561 0.04754915 0.11048268 0.19868500 0.32995728 0.17973992 
389.00000000 0.05251681 0.08152258 0.04769683 0.11058406 0.19893408 0.32895049 0.17979514 
390.00000000 0.05280498 0.08168341 0.04784884 0.11067395 0.19923682 0.32792646 0.17982554 
391.00000000 0.05309522 0.08183705 0.04800606 0.11075071 0.19959251 0.32688566 0.17983279 
392.00000000 0.05338781 0.08198247 0.04816927 0.11081391 0.19999992 0.32582831 0.17981831 
393.00000000 0.05368294 0.08211867 0.04833907 0.11086413 0.20045739 0.32475456 0.17978324 
394.00000000 0.05398072 0.08224475 0.04851598 0.11090242 0.20096272 0.32366504 0.17972837 
395.00000000 0.05428125 0.08236002 0.04870042 0.11092975 0.20151319 0.32256119 0.17965418 
396.00000000 0.05458462 0.08246409 0.04889273 0.11094672 0.20210551 0.32144543 0.17956090 
397.00000000 0.05489090 0.08255688 0.04909318 0.11095373 0.20273590 0.32032083 0.17944859 
398.00000000 0.05520012 0.08263858 0.04930192 0.11095135 0.20340020 0.31919060 0.17931722 
399.00000000 0.05551224 0.08270950 0.04951902 0.11094078 0.20409411 0.31805761 0.17916674 
400.00000000 0.05582718 0.08276990 0.04974447 0.11092402 0.20481323 0.31692417 0.17899704 
401.00000000 0.05614478 0.08281996 0.04997820 0.11090372 0.20555310 0.31579226 0.17880798 
402.00000000 0.05646486 0.08285990 0.05022007 0.11088284 0.20630902 0.31466397 0.17859934 
403.00000000 0.05678711 0.08289011 0.05046990 0.11086427 0.20707587 0.31354194 0.17837081 
404.00000000 0.05711115 0.08291130 0.05072734 0.11085074 0.20784804 0.31242943 0.17812200 
405.00000000 0.05743651 0.08292454 0.05099195 0.11084488 0.20861961 0.31132998 0.17785254 
406.00000000 0.05776268 0.08293107 0.05126313 0.11084945 0.20938472 0.31024681 0.17756216 
407.00000000 0.05808920 0.08293209 0.05154025 0.11086750 0.21013796 0.30918229 0.17725071 
408.00000000 0.05841574 0.08292861 0.05182267 0.11090242 0.21087455 0.30813775 0.17691826 
409.00000000 0.05874201 0.08292140 0.05210978 0.11095788 0.21159018 0.30711383 0.17656492 
410.00000000 0.05906781 0.08291113 0.05240099 0.11103762 0.21228070 0.30611098 0.17619077 
411.00000000 0.05939282 0.08289862 0.05269563 0.11114542 0.21294183 0.30513001 0.17579567 
412.00000000 0.05971662 0.08288500 0.05299295 0.11128497 0.21356906 0.30417220 0.17537919 
413.00000000 0.06003862 0.08287174 0.05329209 0.11145983 0.21415805 0.30323898 0.17494069 
414.00000000 0.06035814 0.08286050 0.05359214 0.11167324 0.21470513 0.30233135 0.17447949 
415.00000000 0.06067456 0.08285287 0.05389226 0.11192800 0.21520787 0.30144939 0.17399507 
416.00000000 0.06098734 0.08285016 0.05419165 0.11222624 0.21566527 0.30059209 0.17348725 
417.00000000 0.06129615 0.08285334 0.05448965 0.11256929 0.21607759 0.29975778 0.17295620 
418.00000000 0.06160076 0.08286314 0.05478561 0.11295772 0.21644572 0.29894480 0.17240226 
419.00000000 0.06190094 0.08288024 0.05507888 0.11339143 0.21677060 0.29815218 0.17182573 
420.00000000 0.06219631 0.08290546 0.05536880 0.11386979 0.21705283 0.29738006 0.17122674 
421.00000000 0.06248632 0.08293981 0.05565469 0.11439172 0.21729273 0.29662950 0.17060524 
422.00000000 0.06277028 0.08298431 0.05593595 0.11495559 0.21749071 0.29590192 0.16996124 
423.00000000 0.06304754 0.08303980 0.05621208 0.11555907 0.21764784 0.29519852 0.16929515 
424.00000000 0.06331762 0.08310674 0.05648269 0.11619889 0.21776603 0.29451999 0.16860804 
425.00000000 0.06358032 0.08318512 0.05674748 0.11687088 0.21784793 0.29386666 0.16790160 
426.00000000 0.06383557 0.08327467 0.05700613 0.11757015 0.21789629 0.29323924 0.16717795 
427.00000000 0.06408335 0.08337501 0.05725828 0.11829153 0.21791321 0.29263945 0.16643918 
428.00000000 0.06432347 0.08348592 0.05750353 0.11903003 0.21789962 0.29207038 0.16568705 
429.00000000 0.06455549 0.08360738 0.05774154 0.11978118 0.21785533 0.29153625 0.16492284 
430.00000000 0.06477879 0.08373945 0.05797206 0.12054097 0.21777961 0.29104154 0.16414759 
431.00000000 0.06499274 0.08388212 0.05819503 0.12130559 0.21767202 0.29059006 0.16336244 
432.00000000 0.06519687 0.08403513 0.05841057 0.12207098 0.21753307 0.29018437 0.16256901 
433.00000000 0.06539094 0.08419791 0.05861888 0.12283262 0.21736440 0.28982577 0.16176948 
434.00000000 0.06557495 0.08436971 0.05882022 0.12358555 0.21716836 0.28951492 0.16096630 
435.00000000 0.06574893 0.08454973 0.05901487 0.12432479 0.21694733 0.28925252 0.16016182 
436.00000000 0.06591290 0.08473733 0.05920310 0.12504585 0.21670315 0.28903981 0.15935785 
437.00000000 0.06606671 0.08493202 0.05938532 0.12574502 0.21643702 0.28887835 0.15855557 
438.00000000 0.06621012 0.08513338 0.05956204 0.12641939 0.21614989 0.28876938 0.15775580 
439.00000000 0.06634295 0.08534084 0.05973400 0.12706644 0.21584323 0.28871304 0.15695950 
