0.00000000 1.00000000 0.00000000 0.00000000 0.00000000 0.00000000 0.00000000 0.00000000 
1.00000000 0.99971313 0.00027283 0.00000108 0.00000124 0.00000159 0.00000666 0.00000348 
2.00000000 0.99885336 0.00109049 0.00000434 0.00000495 0.00000638 0.00002660 0.00001389 
3.00000000 0.99742321 0.00245046 0.00000988 0.00001114 0.00001439 0.00005974 0.00003118 
4.00000000 0.99542685 0.00434859 0.00001786 0.00001985 0.00002565 0.00010594 0.00005527 
5.00000000 0.99287005 0.00677911 0.00002849 0.00003108 0.00004023 0.00016500 0.00008604 
6.00000000 0.98976018 0.00973468 0.00004207 0.00004489 0.00005818 0.00023667 0.00012334 
7.00000000 0.98610614 0.01320641 0.00005892 0.00006131 0.00007958 0.00032066 0.00016698 
8.00000000 0.98191837 0.01718390 0.00007942 0.00008040 0.00010453 0.00041663 0.00021676 
9.00000000 0.97720893 0.02165514 0.00010400 0.00010221 0.00013312 0.00052416 0.00027244 
10.00000000 0.97199148 0.02660653 0.00013315 0.00012681 0.00016546 0.00064282 0.00033376 
11.00000000 0.96628137 0.03202280 0.00016738 0.00015427 0.00020168 0.00077208 0.00040042 
12.00000000 0.96009552 0.03788713 0.00020725 0.00018469 0.00024190 0.00091138 0.00047213 
13.00000000 0.95345218 0.04418139 0.00025334 0.00021817 0.00028626 0.00106012 0.00054854 
14.00000000 0.94637060 0.05088646 0.00030627 0.00025480 0.00033489 0.00121769 0.00062930 
15.00000000 0.93887079 0.05798245 0.00036664 0.00029471 0.00038793 0.00138343 0.00071405 
16.00000000 0.93097340 0.06544890 0.00043508 0.00033801 0.00044552 0.00155667 0.00080242 
17.00000000 0.92269967 0.07326477 0.00051224 0.00038479 0.00050781 0.00173670 0.00089402 
18.00000000 0.91407148 0.08140838 0.00059877 0.00043518 0.00057499 0.00192274 0.00098846 
19.00000000 0.90511137 0.08985749 0.00069534 0.00048927 0.00064722 0.00211399 0.00108533 
20.00000000 0.89584214 0.09858958 0.00080257 0.00054720 0.00072467 0.00230964 0.00118420 
21.00000000 0.88628637 0.10758239 0.00092106 0.00060911 0.00080749 0.00250893 0.00128465 
22.00000000 0.87646615 0.11681416 0.00105137 0.00067511 0.00089583 0.00271113 0.00138626 
23.00000000 0.86640322 0.12626349 0.00119400 0.00074533 0.00098979 0.00291555 0.00148862 
24.00000000 0.85611949 0.13590883 0.00134950 0.00081986 0.00108950 0.00312149 0.00159134 
25.00000000 0.84563755 0.14572799 0.00151836 0.00089877 0.00119507 0.00332824 0.00169403 
26.00000000 0.83498087 0.15569799 0.00170107 0.00098215 0.00130660 0.00353502 0.00179630 
27.00000000 0.82417358 0.16579520 0.00189805 0.00107008 0.00142419 0.00374110 0.00189779 
28.00000000 0.81323992 0.17599593 0.00210966 0.00116264 0.00154791 0.00394579 0.00199814 
29.00000000 0.80220360 0.18627699 0.00233618 0.00125993 0.00167781 0.00414846 0.00209704 
30.00000000 0.79108753 0.19661603 0.00257783 0.00136199 0.00181389 0.00434854 0.00219419 
31.00000000 0.77991390 0.20699140 0.00283484 0.00146887 0.00195618 0.00454545 0.00228935 
32.00000000 0.76870447 0.21738196 0.00310740 0.00158058 0.00210471 0.00473860 0.00238228 
33.00000000 0.75748063 0.22776692 0.00339571 0.00169715 0.00225949 0.00492734 0.00247276 
34.00000000 0.74626281 0.23812652 0.00369988 0.00181859 0.00242055 0.00511107 0.00256058 
35.00000000 0.73506944 0.24844297 0.00401995 0.00194495 0.00258790 0.00528928 0.00264552 
36.00000000 0.72391620 0.25870118 0.00435588 0.00207624 0.00276150 0.00546159 0.00272741 
37.00000000 0.71281632 0.26888844 0.00470761 0.00221244 0.00294131 0.00562777 0.00280611 
38.00000000 0.70178193 0.27899314 0.00507510 0.00235345 0.00312726 0.00578764 0.00288148 
39.00000000 0.69082541 0.28900338 0.00545837 0.00249914 0.00331929 0.00594101 0.00295341 
40.00000000 0.67996016 0.29890628 0.00585744 0.00264935 0.00351736 0.00608763 0.00302178 
41.00000000 0.66920058 0.30868802 0.00627231 0.00280391 0.00372145 0.00622722 0.00308651 
42.00000000 0.65856137 0.31833454 0.00670287 0.00296269 0.00393150 0.00635953 0.00314750 
43.00000000 0.64805685 0.32783220 0.00714887 0.00312555 0.00414741 0.00648439 0.00320472 
44.00000000 0.63770051 0.33716824 0.00760996 0.00329234 0.00436903 0.00660172 0.00325818 
45.00000000 0.62750499 0.34633080 0.00808575 0.00346288 0.00459613 0.00671151 0.00330795 
46.00000000 0.61748211 0.35530889 0.00857583 0.00363690 0.00482844 0.00681374 0.00335409 
47.00000000 0.60764283 0.36409247 0.00907979 0.00381410 0.00506569 0.00690841 0.00339670 
48.00000000 0.59799693 0.37267282 0.00959712 0.00399415 0.00530766 0.00699546 0.00343587 
49.00000000 0.58855283 0.38104254 0.01012718 0.00417671 0.00555411 0.00707491 0.00347171 
50.00000000 0.57931791 0.38919534 0.01066915 0.00436149 0.00580486 0.00714690 0.00350434 
51.00000000 0.57029923 0.39712520 0.01122215 0.00454815 0.00605969 0.00721167 0.00353391 
52.00000000 0.56150422 0.40482562 0.01178526 0.00473637 0.00631833 0.00726963 0.00356058 
53.00000000 0.55294112 0.41228927 0.01235761 0.00492572 0.00658054 0.00732121 0.00358455 
54.00000000 0.54461863 0.41950829 0.01293845 0.00511573 0.00684605 0.00736683 0.00360603 
55.00000000 0.53654528 0.42647499 0.01352710 0.00530590 0.00711465 0.00740684 0.00362524 
56.00000000 0.52872880 0.43318254 0.01412289 0.00549571 0.00738612 0.00744154 0.00364240 
57.00000000 0.52117572 0.43962530 0.01472508 0.00568470 0.00766024 0.00747120 0.00365776 
58.00000000 0.51389147 0.44579871 0.01533287 0.00587249 0.00793671 0.00749617 0.00367157 
59.00000000 0.50688098 0.45169871 0.01594548 0.00605871 0.00821517 0.00751686 0.00368408 
60.00000000 0.50014948 0.45732090 0.01656215 0.00624298 0.00849523 0.00753371 0.00369555 
61.00000000 0.49370307 0.46266002 0.01718223 0.00642487 0.00877646 0.00754711 0.00370623 
62.00000000 0.48754880 0.46770997 0.01780501 0.00660391 0.00905854 0.00755741 0.00371636 
63.00000000 0.48169425 0.47246422 0.01842974 0.00677960 0.00934117 0.00756485 0.00372616 
64.00000000 0.47614677 0.47691653 0.01905548 0.00695153 0.00962414 0.00756969 0.00373586 
65.00000000 0.47091287 0.48106153 0.01968113 0.00711938 0.00990721 0.00757222 0.00374565 
66.00000000 0.46599763 0.48489523 0.02030542 0.00728293 0.01019016 0.00757284 0.00375579 
67.00000000 0.46140438 0.48841530 0.02092710 0.00744200 0.01047273 0.00757197 0.00376652 
68.00000000 0.45713438 0.49162142 0.02154492 0.00759639 0.01075468 0.00757008 0.00377814 
69.00000000 0.45318630 0.49451571 0.02215778 0.00774586 0.01103579 0.00756759 0.00379097 
70.00000000 0.44955551 0.49710352 0.02276472 0.00789011 0.01131592 0.00756488 0.00380532 
71.00000000 0.44623343 0.49939400 0.02336489 0.00802890 0.01159494 0.00756235 0.00382148 
72.00000000 0.44320771 0.50139987 0.02395756 0.00816207 0.01187268 0.00756041 0.00383970 
73.00000000 0.44046356 0.50313616 0.02454210 0.00828957 0.01214891 0.00755954 0.00386015 
74.00000000 0.43798612 0.50461778 0.02511806 0.00841142 0.01242332 0.00756032 0.00388299 
75.00000000 0.43576293 0.50585710 0.02568513 0.00852759 0.01269555 0.00756335 0.00390834 
76.00000000 0.43378545 0.50686256 0.02624316 0.00863806 0.01296518 0.00756926 0.00393633 
77.00000000 0.43204895 0.50763879 0.02679204 0.00874277 0.01323180 0.00757859 0.00396706 
78.00000000 0.43055097 0.50818829 0.02733158 0.00884177 0.01349493 0.00759184 0.00400062 
79.00000000 0.42928899 0.50851373 0.02786150 0.00893523 0.01375408 0.00760940 0.00403707 
80.00000000 0.42825853 0.50861988 0.02838134 0.00902347 0.01400874 0.00763159 0.00407645 
81.00000000 0.42745239 0.50851425 0.02889066 0.00910687 0.01425835 0.00765869 0.00411879 
82.00000000 0.42686119 0.50820642 0.02938905 0.00918581 0.01450243 0.00769095 0.00416414 
83.00000000 0.42647467 0.50770674 0.02987628 0.00926059 0.01474051 0.00772862 0.00421259 
84.00000000 0.42628289 0.50702501 0.03035228 0.00933148 0.01497220 0.00777190 0.00426424 
85.00000000 0.42627689 0.50616993 0.03081710 0.00939875 0.01519718 0.00782097 0.00431917 
86.00000000 0.42644870 0.50514923 0.03127085 0.00946272 0.01541516 0.00787593 0.00437741 
87.00000000 0.42679072 0.50397027 0.03171357 0.00952376 0.01562590 0.00793685 0.00443892 
88.00000000 0.42729519 0.50264068 0.03214525 0.00958221 0.01582920 0.00800382 0.00450364 
89.00000000 0.42795425 0.50116827 0.03256575 0.00963837 0.01602494 0.00807694 0.00457148 
90.00000000 0.42876052 0.49956031 0.03297491 0.00969250 0.01621303 0.00815636 0.00464237 
91.00000000 0.42970794 0.49782278 0.03337256 0.00974486 0.01639345 0.00824216 0.00471624 
92.00000000 0.43079218 0.49595997 0.03375845 0.00979584 0.01656614 0.00833438 0.00479303 
93.00000000 0.43201036 0.49397489 0.03413227 0.00984588 0.01673104 0.00843293 0.00487262 
94.00000000 0.43336019 0.49187011 0.03449368 0.00989552 0.01688803 0.00853763 0.00495484 
95.00000000 0.43483944 0.48964815 0.03484240 0.00994526 0.01703699 0.00864826 0.00503950 
96.00000000 0.43644603 0.48731118 0.03517847 0.00999550 0.01717784 0.00876461 0.00512638 
97.00000000 0.43817896 0.48485990 0.03550223 0.01004656 0.01731054 0.00888650 0.00521531 
98.00000000 0.44003927 0.48229267 0.03581427 0.01009876 0.01743512 0.00901378 0.00530614 
99.00000000 0.44203024 0.47960538 0.03611522 0.01015247 0.01755166 0.00914629 0.00539874 
100.00000000 0.44415652 0.47679274 0.03640548 0.01020816 0.01766021 0.00928389 0.00549299 
101.00000000 0.44642227 0.47385019 0.03668512 0.01026636 0.01776090 0.00942642 0.00558875 
102.00000000 0.44882925 0.47077580 0.03695394 0.01032750 0.01785389 0.00957374 0.00568587 
103.00000000 0.45137576 0.46757107 0.03721178 0.01039188 0.01793952 0.00972574 0.00578425 
104.00000000 0.45405684 0.46424047 0.03745868 0.01045964 0.01801827 0.00988230 0.00588380 
105.00000000 0.45686517 0.46079035 0.03769512 0.01053084 0.01809076 0.01004326 0.00598449 
106.00000000 0.45979215 0.45722795 0.03792192 0.01060562 0.01815763 0.01020843 0.00608630 
107.00000000 0.46282854 0.45356097 0.03814012 0.01068423 0.01821941 0.01037759 0.00618915 
108.00000000 0.46596463 0.44979751 0.03835084 0.01076700 0.01827649 0.01055059 0.00629293 
109.00000000 0.46919047 0.44594606 0.03855529 0.01085427 0.01832913 0.01072733 0.00639746 
110.00000000 0.47249610 0.44201510 0.03875470 0.01094620 0.01837751 0.01090784 0.00650255 
111.00000000 0.47587213 0.43801260 0.03895044 0.01104276 0.01842188 0.01109217 0.00660801 
112.00000000 0.47930991 0.43394579 0.03914384 0.01114382 0.01846257 0.01128039 0.00671368 
113.00000000 0.48280146 0.42982133 0.03933605 0.01124924 0.01850004 0.01147243 0.00681944 
114.00000000 0.48633884 0.42564605 0.03952789 0.01135907 0.01853477 0.01166818 0.00692520 
115.00000000 0.48991340 0.42142777 0.03971983 0.01147349 0.01856712 0.01186750 0.00703090 
116.00000000 0.49351531 0.41717565 0.03991215 0.01159268 0.01859733 0.01207028 0.00713659 
117.00000000 0.49713362 0.41290011 0.04010513 0.01171672 0.01862552 0.01227656 0.00724235 
118.00000000 0.50075660 0.40861224 0.04029921 0.01184543 0.01865176 0.01248640 0.00734836 
119.00000000 0.50437208 0.40432353 0.04049498 0.01197844 0.01867622 0.01269989 0.00745486 
120.00000000 0.50796740 0.40004580 0.04069314 0.01211534 0.01869922 0.01291704 0.00756206 
121.00000000 0.51152926 0.39579149 0.04089440 0.01225578 0.01872118 0.01313773 0.00767016 
122.00000000 0.51504414 0.39157325 0.04109941 0.01239958 0.01874256 0.01336182 0.00777924 
123.00000000 0.51849941 0.38740289 0.04130884 0.01254660 0.01876377 0.01358917 0.00788932 
124.00000000 0.52188477 0.38328999 0.04152335 0.01269670 0.01878516 0.01381969 0.00800034 
125.00000000 0.52519292 0.37924124 0.04174365 0.01284955 0.01880707 0.01405334 0.00811223 
126.00000000 0.52841885 0.37526120 0.04197041 0.01300470 0.01882992 0.01429000 0.00822492 
127.00000000 0.53155796 0.37135403 0.04220418 0.01316165 0.01885429 0.01452948 0.00833840 
128.00000000 0.53460413 0.36752550 0.04244531 0.01332002 0.01888086 0.01477146 0.00845273 
129.00000000 0.53754866 0.36378392 0.04269393 0.01347954 0.01891036 0.01501558 0.00856801 
130.00000000 0.54038058 0.36013995 0.04295001 0.01364009 0.01894339 0.01526165 0.00868433 
131.00000000 0.54308796 0.35660534 0.04321339 0.01380151 0.01898036 0.01550962 0.00880181 
132.00000000 0.54565928 0.35319166 0.04348386 0.01396351 0.01902147 0.01575972 0.00892050 
133.00000000 0.54808419 0.34990962 0.04376104 0.01412563 0.01906679 0.01601226 0.00904047 
134.00000000 0.55035327 0.34676930 0.04404436 0.01428736 0.01911648 0.01626750 0.00916174 
135.00000000 0.55245758 0.34378051 0.04433293 0.01444830 0.01917080 0.01652557 0.00928432 
136.00000000 0.55438866 0.34095284 0.04462555 0.01460821 0.01923011 0.01678640 0.00940823 
137.00000000 0.55613922 0.33829476 0.04492084 0.01476709 0.01929478 0.01704985 0.00953345 
138.00000000 0.55770418 0.33581254 0.04521745 0.01492500 0.01936504 0.01731586 0.00965993 
139.00000000 0.55908119 0.33350952 0.04551434 0.01508200 0.01944087 0.01758447 0.00978761 
140.00000000 0.56027030 0.33138648 0.04581086 0.01523806 0.01952206 0.01785584 0.00991641 
141.00000000 0.56127277 0.32944273 0.04610675 0.01539309 0.01960827 0.01813012 0.01004627 
142.00000000 0.56209001 0.32767724 0.04640197 0.01554707 0.01969919 0.01840739 0.01017713 
143.00000000 0.56272340 0.32608902 0.04669648 0.01570008 0.01979456 0.01868752 0.01030895 
144.00000000 0.56317494 0.32467647 0.04699015 0.01585237 0.01989419 0.01897027 0.01044160 
145.00000000 0.56344849 0.32343623 0.04728275 0.01600433 0.01999793 0.01925537 0.01057490 
146.00000000 0.56355042 0.32236241 0.04757408 0.01615635 0.02010556 0.01954259 0.01070859 
147.00000000 0.56348934 0.32144689 0.04786403 0.01630879 0.02021679 0.01983179 0.01084237 
148.00000000 0.56327479 0.32068056 0.04815252 0.01646195 0.02033134 0.02012282 0.01097601 
149.00000000 0.56291579 0.32005486 0.04843943 0.01661610 0.02044897 0.02041548 0.01110936 
150.00000000 0.56241991 0.31956276 0.04872437 0.01677157 0.02056955 0.02070944 0.01124240 
151.00000000 0.56179320 0.31919890 0.04900662 0.01692875 0.02069308 0.02100427 0.01137518 
152.00000000 0.56104073 0.31895897 0.04928525 0.01708811 0.02081962 0.02129954 0.01150778 
153.00000000 0.56016730 0.31883889 0.04955929 0.01725014 0.02094921 0.02159490 0.01164027 
154.00000000 0.55917784 0.31883438 0.04982792 0.01741526 0.02108178 0.02189012 0.01177270 
155.00000000 0.55807740 0.31894096 0.05009051 0.01758380 0.02121712 0.02218509 0.01190511 
156.00000000 0.55687072 0.31915442 0.05034664 0.01775604 0.02135492 0.02247971 0.01203754 
157.00000000 0.55556193 0.31947121 0.05059595 0.01793227 0.02149487 0.02277373 0.01217003 
158.00000000 0.55415466 0.31988830 0.05083810 0.01811289 0.02163672 0.02306677 0.01230256 
159.00000000 0.55265241 0.32040267 0.05107275 0.01829844 0.02178035 0.02335834 0.01243504 
160.00000000 0.55105909 0.32101075 0.05129970 0.01848957 0.02192571 0.02364787 0.01256731 
161.00000000 0.54937922 0.32170810 0.05151895 0.01868699 0.02207276 0.02393487 0.01269911 
162.00000000 0.54761776 0.32248963 0.05173079 0.01889133 0.02222139 0.02421888 0.01283022 
163.00000000 0.54577954 0.32335032 0.05193577 0.01910302 0.02237140 0.02449943 0.01296052 
164.00000000 0.54386848 0.32428613 0.05213455 0.01932222 0.02252263 0.02477600 0.01308998 
165.00000000 0.54188709 0.32529463 0.05232781 0.01954886 0.02267501 0.02504787 0.01321873 
166.00000000 0.53983666 0.32637479 0.05251606 0.01978273 0.02282865 0.02531417 0.01334692 
167.00000000 0.53771795 0.32752627 0.05269961 0.02002356 0.02298388 0.02557393 0.01347480 
168.00000000 0.53553212 0.32874838 0.05287857 0.02027100 0.02314113 0.02582620 0.01360260 
169.00000000 0.53328116 0.33003966 0.05305292 0.02052470 0.02330082 0.02607015 0.01373059 
170.00000000 0.53096760 0.33139809 0.05322256 0.02078416 0.02346330 0.02630518 0.01385911 
171.00000000 0.52859393 0.33282173 0.05338733 0.02104881 0.02362886 0.02653083 0.01398851 
172.00000000 0.52616210 0.33430912 0.05354705 0.02131804 0.02379779 0.02674677 0.01411914 
173.00000000 0.52367378 0.33585899 0.05370156 0.02159126 0.02397045 0.02695268 0.01425128 
174.00000000 0.52113093 0.33746963 0.05385075 0.02186802 0.02414732 0.02714825 0.01438510 
175.00000000 0.51853658 0.33913815 0.05399450 0.02214801 0.02432894 0.02733317 0.01452064 
176.00000000 0.51589544 0.34086007 0.05413259 0.02243096 0.02451582 0.02750719 0.01465793 
177.00000000 0.51321397 0.34262945 0.05426467 0.02271650 0.02470836 0.02767008 0.01479697 
178.00000000 0.51049994 0.34443948 0.05439021 0.02300408 0.02490683 0.02782157 0.01493790 
179.00000000 0.50776174 0.34628308 0.05450862 0.02329291 0.02511145 0.02796130 0.01508090 
180.00000000 0.50500780 0.34815326 0.05461944 0.02358210 0.02532240 0.02808884 0.01522616 
181.00000000 0.50224626 0.35004311 0.05472246 0.02387076 0.02553992 0.02820368 0.01537380 
182.00000000 0.49948489 0.35194567 0.05481777 0.02415812 0.02576437 0.02830536 0.01552382 
183.00000000 0.49673115 0.35385392 0.05490568 0.02444352 0.02599613 0.02839351 0.01567609 
184.00000000 0.49399197 0.35576104 0.05498664 0.02472638 0.02623563 0.02846790 0.01583044 
185.00000000 0.49127352 0.35766084 0.05506115 0.02500609 0.02648325 0.02852842 0.01598672 
186.00000000 0.48858088 0.35954822 0.05512977 0.02528197 0.02673934 0.02857502 0.01614482 
187.00000000 0.48591790 0.36141919 0.05519306 0.02555331 0.02700423 0.02860766 0.01630465 
188.00000000 0.48328747 0.36327072 0.05525171 0.02581941 0.02727827 0.02862629 0.01646612 
189.00000000 0.48069195 0.36510017 0.05530640 0.02607969 0.02756181 0.02863090 0.01662909 
190.00000000 0.47813377 0.36690473 0.05535783 0.02633358 0.02785515 0.02862154 0.01679340 
191.00000000 0.47561593 0.36868105 0.05540666 0.02658054 0.02815842 0.02859848 0.01695892 
192.00000000 0.47314204 0.37042508 0.05545358 0.02681997 0.02847148 0.02856222 0.01712562 
193.00000000 0.47071598 0.37213235 0.05549942 0.02705125 0.02879387 0.02851358 0.01729355 
194.00000000 0.46834120 0.37379844 0.05554528 0.02727385 0.02912481 0.02845364 0.01746277 
195.00000000 0.46601997 0.37541979 0.05559252 0.02748750 0.02946335 0.02838361 0.01763325 
196.00000000 0.46375280 0.37699423 0.05564264 0.02769224 0.02980850 0.02830476 0.01780483 
197.00000000 0.46153850 0.37852124 0.05569710 0.02788840 0.03015928 0.02821829 0.01797719 
198.00000000 0.45937475 0.38000161 0.05575716 0.02807645 0.03051479 0.02812527 0.01814997 
199.00000000 0.45725908 0.38143651 0.05582388 0.02825686 0.03087413 0.02802665 0.01832289 
200.00000000 0.45518980 0.38282656 0.05589820 0.02843008 0.03123635 0.02792320 0.01849580 
201.00000000 0.45316655 0.38417122 0.05598099 0.02859648 0.03160047 0.02781555 0.01866873 
202.00000000 0.45119012 0.38546882 0.05607318 0.02875642 0.03196554 0.02770413 0.01884180 
203.00000000 0.44926192 0.38671698 0.05617574 0.02891025 0.03233073 0.02758925 0.01901513 
204.00000000 0.44738340 0.38791325 0.05628970 0.02905828 0.03269538 0.02747118 0.01918880 
205.00000000 0.44555559 0.38905548 0.05641607 0.02920073 0.03305901 0.02735030 0.01936283 
206.00000000 0.44377904 0.39014174 0.05655594 0.02933776 0.03342120 0.02722716 0.01953715 
207.00000000 0.44205420 0.39117000 0.05671043 0.02946964 0.03378147 0.02710253 0.01971173 
208.00000000 0.44038188 0.39213751 0.05688071 0.02959685 0.03413928 0.02697732 0.01988645 
209.00000000 0.43876368 0.39304055 0.05706788 0.02972020 0.03449398 0.02685253 0.02006118 
210.00000000 0.43720212 0.39387450 0.05727287 0.02984084 0.03484492 0.02672913 0.02023562 
211.00000000 0.43570040 0.39463436 0.05749622 0.02996010 0.03519152 0.02660808 0.02040933 
212.00000000 0.43426195 0.39531541 0.05773804 0.03007925 0.03553336 0.02649024 0.02058176 
213.00000000 0.43288994 0.39591383 0.05799807 0.03019929 0.03587008 0.02637647 0.02075231 
214.00000000 0.43158688 0.39642696 0.05827585 0.03032085 0.03620135 0.02626763 0.02092048 
215.00000000 0.43035436 0.39685324 0.05857093 0.03044419 0.03652677 0.02616457 0.02108594 
216.00000000 0.42919311 0.39719197 0.05888305 0.03056935 0.03684589 0.02606808 0.02124855 
217.00000000 0.42810304 0.39744312 0.05921219 0.03069618 0.03715828 0.02597889 0.02140830 
218.00000000 0.42708330 0.39760733 0.05955846 0.03082443 0.03746361 0.02589761 0.02156525 
219.00000000 0.42613232 0.39768602 0.05992197 0.03095374 0.03776174 0.02582476 0.02171945 
220.00000000 0.42524783 0.39768152 0.06030269 0.03108367 0.03805264 0.02576073 0.02187092 
221.00000000 0.42442705 0.39759691 0.06070038 0.03121372 0.03833638 0.02570586 0.02201971 
222.00000000 0.42366707 0.39743557 0.06111462 0.03134344 0.03861304 0.02566039 0.02216587 
223.00000000 0.42296541 0.39720045 0.06154486 0.03147260 0.03888269 0.02562446 0.02230953 
224.00000000 0.42232036 0.39689370 0.06199046 0.03160115 0.03914547 0.02559807 0.02245078 
225.00000000 0.42173097 0.39651674 0.06245072 0.03172924 0.03940160 0.02558107 0.02258967 
226.00000000 0.42119660 0.39607086 0.06292474 0.03185705 0.03965142 0.02557316 0.02272617 
227.00000000 0.42071637 0.39555799 0.06341143 0.03198470 0.03989543 0.02557393 0.02286015 
228.00000000 0.42028862 0.39498124 0.06390945 0.03211216 0.04013418 0.02558286 0.02299149 
229.00000000 0.41991079 0.39434488 0.06441728 0.03223930 0.04036826 0.02559938 0.02312010 
230.00000000 0.41957971 0.39365384 0.06493336 0.03236599 0.04059826 0.02562288 0.02324596 
231.00000000 0.41929217 0.39291290 0.06545622 0.03249218 0.04082474 0.02565268 0.02336911 
232.00000000 0.41904563 0.39212601 0.06598455 0.03261789 0.04104817 0.02568812 0.02348963 
233.00000000 0.41883852 0.39129605 0.06651712 0.03274321 0.04126889 0.02572862 0.02360758 
234.00000000 0.41867024 0.39042506 0.06705260 0.03286832 0.04148707 0.02577378 0.02372294 
235.00000000 0.41854074 0.38951478 0.06758936 0.03299345 0.04170268 0.02582335 0.02383564 
236.00000000 0.41844997 0.38856721 0.06812551 0.03311893 0.04191556 0.02587724 0.02394558 
237.00000000 0.41839747 0.38758477 0.06865898 0.03324517 0.04212553 0.02593541 0.02405266 
238.00000000 0.41838223 0.38657028 0.06918781 0.03337262 0.04233240 0.02599781 0.02415686 
239.00000000 0.41840284 0.38552667 0.06971027 0.03350166 0.04253606 0.02606428 0.02425822 
240.00000000 0.41845760 0.38445684 0.07022497 0.03363258 0.04273641 0.02613473 0.02435686 
241.00000000 0.41854466 0.38336365 0.07073072 0.03376557 0.04293336 0.02620912 0.02445292 
242.00000000 0.41866209 0.38224991 0.07122636 0.03390079 0.04312678 0.02628757 0.02454651 
243.00000000 0.41880790 0.38111841 0.07171069 0.03403843 0.04331664 0.02637026 0.02463767 
244.00000000 0.41898001 0.37997192 0.07218244 0.03417882 0.04350308 0.02645728 0.02472646 
245.00000000 0.41917621 0.37881323 0.07264030 0.03432238 0.04368653 0.02654845 0.02481290 
246.00000000 0.41939405 0.37764528 0.07308305 0.03446962 0.04386766 0.02664330 0.02489705 
247.00000000 0.41963081 0.37647115 0.07350959 0.03462106 0.04404719 0.02674120 0.02497899 
248.00000000 0.41988356 0.37529421 0.07391896 0.03477723 0.04422573 0.02684146 0.02505884 
249.00000000 0.42014915 0.37411803 0.07431028 0.03493860 0.04440367 0.02694354 0.02513673 
250.00000000 0.42042419 0.37294646 0.07468279 0.03510556 0.04458118 0.02704697 0.02521285 
251.00000000 0.42070476 0.37178387 0.07503585 0.03527835 0.04475839 0.02715129 0.02528750 
252.00000000 0.42098613 0.37063531 0.07536911 0.03545704 0.04493545 0.02725586 0.02536110 
253.00000000 0.42126269 0.36950638 0.07568257 0.03564156 0.04511257 0.02735997 0.02543425 
254.00000000 0.42152847 0.36840273 0.07597660 0.03583173 0.04528989 0.02746292 0.02550765 
255.00000000 0.42177789 0.36732924 0.07625192 0.03602739 0.04546729 0.02756424 0.02558202 
256.00000000 0.42200669 0.36628918 0.07650947 0.03622850 0.04564430 0.02766379 0.02565806 
257.00000000 0.42221246 0.36528382 0.07675030 0.03643516 0.04582018 0.02776173 0.02573635 
258.00000000 0.42239444 0.36431272 0.07697547 0.03664761 0.04599413 0.02785828 0.02581736 
259.00000000 0.42255263 0.36337470 0.07718599 0.03686609 0.04616548 0.02795360 0.02590150 
260.00000000 0.42268670 0.36246906 0.07738276 0.03709084 0.04633385 0.02804773 0.02598907 
261.00000000 0.42279503 0.36159642 0.07756658 0.03732201 0.04649900 0.02814072 0.02608024 
262.00000000 0.42287468 0.36075886 0.07773818 0.03755968 0.04666073 0.02823281 0.02617505 
263.00000000 0.42292185 0.35995944 0.07789824 0.03780386 0.04681879 0.02832445 0.02627338 
264.00000000 0.42293250 0.35920151 0.07804746 0.03805445 0.04697294 0.02841616 0.02637498 
265.00000000 0.42290281 0.35848829 0.07818664 0.03831121 0.04712316 0.02850827 0.02647962 
266.00000000 0.42282907 0.35782289 0.07831666 0.03857373 0.04726987 0.02860068 0.02658710 
267.00000000 0.42270748 0.35720850 0.07843845 0.03884155 0.04741389 0.02869280 0.02669733 
268.00000000 0.42253398 0.35664855 0.07855285 0.03911427 0.04755631 0.02878373 0.02681031 
269.00000000 0.42230437 0.35614668 0.07866047 0.03939168 0.04769813 0.02887261 0.02692605 
270.00000000 0.42201471 0.35570642 0.07876165 0.03967377 0.04783997 0.02895890 0.02704456 
271.00000000 0.42166182 0.35533075 0.07885644 0.03996065 0.04798200 0.02904250 0.02716584 
272.00000000 0.42124352 0.35502184 0.07894469 0.04025233 0.04812400 0.02912369 0.02728992 
273.00000000 0.42075856 0.35478105 0.07902623 0.04054870 0.04826565 0.02920295 0.02741687 
274.00000000 0.42020615 0.35460928 0.07910091 0.04084942 0.04840662 0.02928085 0.02754676 
275.00000000 0.41958560 0.35450737 0.07916859 0.04115414 0.04854666 0.02935803 0.02767962 
276.00000000 0.41889627 0.35447601 0.07922917 0.04146249 0.04868547 0.02943520 0.02781538 
277.00000000 0.41813814 0.35451539 0.07928257 0.04177424 0.04882272 0.02951308 0.02795385 
278.00000000 0.41731234 0.35462460 0.07932882 0.04208914 0.04895802 0.02959230 0.02809477 
279.00000000 0.41642143 0.35480138 0.07936809 0.04240688 0.04909110 0.02967325 0.02823786 
280.00000000 0.41546908 0.35504232 0.07940085 0.04272702 0.04922188 0.02975599 0.02838286 
281.00000000 0.41445940 0.35534338 0.07942782 0.04304906 0.04935048 0.02984029 0.02852958 
282.00000000 0.41339637 0.35570039 0.07944987 0.04337261 0.04947707 0.02992585 0.02867785 
283.00000000 0.41228367 0.35610929 0.07946787 0.04369752 0.04960169 0.03001239 0.02882757 
284.00000000 0.41112510 0.35656585 0.07948254 0.04402385 0.04972414 0.03009988 0.02897863 
285.00000000 0.40992515 0.35706521 0.07949434 0.04435184 0.04984403 0.03018842 0.02913100 
286.00000000 0.40868941 0.35760155 0.07950356 0.04468165 0.04996105 0.03027815 0.02928464 
287.00000000 0.40742430 0.35816831 0.07951037 0.04501331 0.05007518 0.03036900 0.02943953 
288.00000000 0.40613642 0.35875895 0.07951485 0.04534674 0.05018683 0.03046056 0.02959564 
289.00000000 0.40483172 0.35936767 0.07951700 0.04568184 0.05029673 0.03055209 0.02975294 
290.00000000 0.40351512 0.35998987 0.07951670 0.04601860 0.05040572 0.03064260 0.02991139 
291.00000000 0.40219058 0.36062194 0.07951370 0.04635719 0.05051452 0.03073107 0.03007101 
292.00000000 0.40086164 0.36126079 0.07950767 0.04669774 0.05062360 0.03081663 0.03023193 
293.00000000 0.39953188 0.36190333 0.07949825 0.04704025 0.05073326 0.03089864 0.03039438 
294.00000000 0.39820527 0.36254610 0.07948516 0.04738433 0.05084372 0.03097672 0.03055870 
295.00000000 0.39688632 0.36318507 0.07946822 0.04772923 0.05095522 0.03105066 0.03072528 
296.00000000 0.39558027 0.36381544 0.07944747 0.04807386 0.05106794 0.03112050 0.03089451 
297.00000000 0.39429334 0.36443120 0.07942311 0.04841699 0.05118202 0.03118656 0.03106679 
298.00000000 0.39303285 0.36502491 0.07939556 0.04875734 0.05129749 0.03124939 0.03124246 
299.00000000 0.39180710 0.36558786 0.07936539 0.04909372 0.05141440 0.03130980 0.03142174 
300.00000000 0.39062461 0.36611085 0.07933320 0.04942496 0.05153304 0.03136861 0.03160473 
301.00000000 0.38949318 0.36658535 0.07929962 0.04974995 0.05165403 0.03142652 0.03179136 
302.00000000 0.38841912 0.36700448 0.07926520 0.05006753 0.05177837 0.03148390 0.03198139 
303.00000000 0.38740696 0.36736345 0.07923040 0.05037661 0.05190720 0.03154080 0.03217458 
304.00000000 0.38645969 0.36765925 0.07919558 0.05067624 0.05204149 0.03159706 0.03237069 
305.00000000 0.38557940 0.36788996 0.07916103 0.05096564 0.05218174 0.03165256 0.03256966 
306.00000000 0.38476779 0.36805402 0.07912701 0.05124424 0.05232791 0.03170748 0.03277155 
307.00000000 0.38402664 0.36814962 0.07909378 0.05151150 0.05247954 0.03176242 0.03297650 
308.00000000 0.38335803 0.36817450 0.07906162 0.05176676 0.05263611 0.03181833 0.03318465 
309.00000000 0.38276452 0.36812585 0.07903088 0.05200918 0.05279724 0.03187630 0.03339604 
310.00000000 0.38224910 0.36800043 0.07900198 0.05223776 0.05296287 0.03193728 0.03361058 
311.00000000 0.38181505 0.36779477 0.07897547 0.05245157 0.05313318 0.03200191 0.03382805 
312.00000000 0.38146528 0.36750575 0.07895194 0.05264999 0.05330844 0.03207045 0.03404815 
313.00000000 0.38120142 0.36713149 0.07893197 0.05283286 0.05348885 0.03214295 0.03427045 
314.00000000 0.38102289 0.36667234 0.07891593 0.05300057 0.05367442 0.03221942 0.03449441 
315.00000000 0.38092664 0.36613128 0.07890391 0.05315389 0.05386498 0.03229993 0.03471936 
316.00000000 0.38090770 0.36551338 0.07889573 0.05329382 0.05406020 0.03238461 0.03494456 
317.00000000 0.38096052 0.36482450 0.07889109 0.05342146 0.05425957 0.03247358 0.03516927 
318.00000000 0.38108032 0.36406980 0.07888981 0.05353806 0.05446223 0.03256687 0.03539291 
319.00000000 0.38126370 0.36325291 0.07889189 0.05364512 0.05466679 0.03266455 0.03561505 
320.00000000 0.38150852 0.36237596 0.07889753 0.05374451 0.05487118 0.03276687 0.03583542 
321.00000000 0.38181312 0.36144041 0.07890697 0.05383847 0.05507276 0.03287443 0.03605385 
322.00000000 0.38217545 0.36044800 0.07892027 0.05392943 0.05526857 0.03298820 0.03627008 
323.00000000 0.38259277 0.35940133 0.07893725 0.05401984 0.05545572 0.03310928 0.03648381 
324.00000000 0.38306170 0.35830391 0.07895744 0.05411193 0.05563185 0.03323855 0.03669463 
325.00000000 0.38357848 0.35716002 0.07898021 0.05420763 0.05579520 0.03337637 0.03690209 
326.00000000 0.38413884 0.35597473 0.07900490 0.05430871 0.05594458 0.03352246 0.03710579 
327.00000000 0.38473750 0.35475433 0.07903086 0.05441684 0.05607902 0.03367613 0.03730531 
328.00000000 0.38536759 0.35350676 0.07905749 0.05453374 0.05619751 0.03383667 0.03750025 
329.00000000 0.38602060 0.35224144 0.07908420 0.05466115 0.05629879 0.03400365 0.03769018 
330.00000000 0.38668715 0.35096842 0.07911048 0.05480062 0.05638153 0.03417717 0.03787464 
331.00000000 0.38735826 0.34969695 0.07913597 0.05495335 0.05644450 0.03435778 0.03805319 
332.00000000 0.38802661 0.34843423 0.07916055 0.05512003 0.05648684 0.03454621 0.03822553 
333.00000000 0.38868709 0.34718489 0.07918430 0.05530092 0.05650809 0.03474323 0.03839149 
334.00000000 0.38933659 0.34595150 0.07920729 0.05549602 0.05650801 0.03494947 0.03855113 
335.00000000 0.38997292 0.34473578 0.07922938 0.05570531 0.05648646 0.03516549 0.03870466 
336.00000000 0.39059377 0.34353987 0.07925002 0.05592883 0.05644322 0.03539186 0.03885242 
337.00000000 0.39119611 0.34236700 0.07926821 0.05616655 0.05637816 0.03562914 0.03899483 
338.00000000 0.39177638 0.34122114 0.07928283 0.05641814 0.05629147 0.03587775 0.03913229 
339.00000000 0.39233126 0.34010621 0.07929284 0.05668274 0.05618389 0.03613779 0.03926527 
340.00000000 0.39285846 0.33902516 0.07929761 0.05695895 0.05605674 0.03640883 0.03939424 
341.00000000 0.39335701 0.33797964 0.07929690 0.05724500 0.05591176 0.03668995 0.03951976 
342.00000000 0.39382711 0.33697004 0.07929080 0.05753910 0.05575065 0.03697991 0.03964240 
343.00000000 0.39426957 0.33599600 0.07927961 0.05783970 0.05557484 0.03727749 0.03976280 
344.00000000 0.39468505 0.33505692 0.07926375 0.05814546 0.05538545 0.03758174 0.03988163 
345.00000000 0.39507358 0.33415238 0.07924378 0.05845510 0.05518347 0.03789202 0.03999966 
346.00000000 0.39543440 0.33328233 0.07922039 0.05876704 0.05497015 0.03820790 0.04011778 
347.00000000 0.39576619 0.33244693 0.07919443 0.05907931 0.05474716 0.03852894 0.04023704 
348.00000000 0.39606762 0.33164630 0.07916671 0.05938966 0.05451658 0.03885451 0.04035862 
349.00000000 0.39633767 0.33088035 0.07913789 0.05969589 0.05428057 0.03918383 0.04048379 
350.00000000 0.39657560 0.33014882 0.07910836 0.05999621 0.05404115 0.03951611 0.04061375 
351.00000000 0.39678047 0.32945178 0.07907829 0.06028937 0.05379996 0.03985062 0.04074951 
352.00000000 0.39695064 0.32878995 0.07904779 0.06057460 0.05355840 0.04018674 0.04089186 
353.00000000 0.39708364 0.32816481 0.07901719 0.06085126 0.05331785 0.04052386 0.04104138 
354.00000000 0.39717649 0.32757827 0.07898708 0.06111863 0.05307982 0.04086122 0.04119849 
355.00000000 0.39722655 0.32703192 0.07895830 0.06137585 0.05284594 0.04119784 0.04136361 
356.00000000 0.39723236 0.32652628 0.07893166 0.06162217 0.05261784 0.04153261 0.04153707 
357.00000000 0.39719417 0.32606046 0.07890774 0.06185711 0.05239691 0.04186444 0.04171916 
358.00000000 0.39711353 0.32563247 0.07888671 0.06208056 0.05218427 0.04219240 0.04191006 
359.00000000 0.39699250 0.32524005 0.07886852 0.06229252 0.05198083 0.04251578 0.04210979 
360.00000000 0.39683272 0.32488145 0.07885312 0.06249283 0.05178751 0.04283407 0.04231830 
361.00000000 0.39663530 0.32455543 0.07884071 0.06268095 0.05160536 0.04314678 0.04253547 
362.00000000 0.39640155 0.32426055 0.07883182 0.06285604 0.05143555 0.04345336 0.04276112 
363.00000000 0.39613405 0.32399409 0.07882714 0.06301731 0.05127925 0.04375317 0.04299499 
364.00000000 0.39583743 0.32375139 0.07882726 0.06316441 0.05113738 0.04404553 0.04323660 
365.00000000 0.39551810 0.32352612 0.07883251 0.06329763 0.05101060 0.04432983 0.04348521 
366.00000000 0.39518325 0.32331131 0.07884291 0.06341783 0.05089925 0.04460562 0.04373984 
367.00000000 0.39483938 0.32310073 0.07885833 0.06352614 0.05080355 0.04487251 0.04399937 
368.00000000 0.39449135 0.32288987 0.07887862 0.06362358 0.05072362 0.04513021 0.04426275 
369.00000000 0.39414224 0.32267607 0.07890373 0.06371083 0.05065959 0.04537841 0.04452914 
370.00000000 0.39379402 0.32245774 0.07893365 0.06378824 0.05061159 0.04561685 0.04479791 
371.00000000 0.39344871 0.32223338 0.07896840 0.06385595 0.05057965 0.04584531 0.04506860 
372.00000000 0.39310895 0.32200085 0.07900790 0.06391411 0.05056376 0.04606369 0.04534074 
373.00000000 0.39277795 0.32175750 0.07905199 0.06396295 0.05056390 0.04627197 0.04561375 
374.00000000 0.39245853 0.32150108 0.07910051 0.06400278 0.05058008 0.04647012 0.04588691 
375.00000000 0.39215214 0.32123064 0.07915338 0.06403392 0.05061240 0.04665806 0.04615945 
376.00000000 0.39185834 0.32094699 0.07921065 0.06405671 0.05066103 0.04683555 0.04643073 
377.00000000 0.39157499 0.32065238 0.07927244 0.06407153 0.05072615 0.04700225 0.04670026 
378.00000000 0.39129915 0.32034958 0.07933885 0.06407905 0.05080781 0.04715776 0.04696779 
379.00000000 0.39102791 0.32004100 0.07940985 0.06408034 0.05090597 0.04730177 0.04723316 
380.00000000 0.39075893 0.31972829 0.07948524 0.06407694 0.05102036 0.04743405 0.04749620 
381.00000000 0.39049033 0.31941250 0.07956474 0.06407072 0.05115049 0.04755454 0.04775668 
382.00000000 0.39022042 0.31909455 0.07964816 0.06406359 0.05129560 0.04766337 0.04801431 
383.00000000 0.38994747 0.31877544 0.07973552 0.06405719 0.05145470 0.04776084 0.04826882 
384.00000000 0.38966996 0.31845601 0.07982729 0.06405264 0.05162664 0.04784742 0.04852004 
385.00000000 0.38938706 0.31813637 0.07992433 0.06405050 0.05181024 0.04792368 0.04876782 
386.00000000 0.38909915 0.31781543 0.08002776 0.06405093 0.05200456 0.04799016 0.04901200 
387.00000000 0.38880781 0.31749111 0.08013867 0.06405394 0.05220891 0.04804724 0.04925233 
388.00000000 0.38851517 0.31716113 0.08025785 0.06405953 0.05242287 0.04809503 0.04948842 
389.00000000 0.38822306 0.31682415 0.08038554 0.06406779 0.05264619 0.04813343 0.04971984 
390.00000000 0.38793228 0.31648036 0.08052154 0.06407881 0.05287859 0.04816215 0.04994627 
391.00000000 0.38764245 0.31613146 0.08066541 0.06409255 0.05311964 0.04818092 0.05016756 
392.00000000 0.38735259 0.31577973 0.08081672 0.06410880 0.05336882 0.04818953 0.05038380 
393.00000000 0.38706189 0.31542706 0.08097521 0.06412725 0.05362550 0.04818787 0.05059522 
394.00000000 0.38677050 0.31507413 0.08114079 0.06414756 0.05388902 0.04817593 0.05080208 
395.00000000 0.38647988 0.31472018 0.08131342 0.06416950 0.05415864 0.04815385 0.05100452 
396.00000000 0.38619280 0.31436326 0.08149306 0.06419287 0.05443349 0.04812206 0.05120246 
397.00000000 0.38591300 0.31400050 0.08167961 0.06421735 0.05471252 0.04808130 0.05139572 
398.00000000 0.38564466 0.31362862 0.08187312 0.06424236 0.05499464 0.04803255 0.05158405 
399.00000000 0.38539177 0.31324430 0.08207389 0.06426705 0.05527889 0.04797679 0.05176731 
400.00000000 0.38515754 0.31284469 0.08228239 0.06429047 0.05556463 0.04791477 0.05194551 
401.00000000 0.38494403 0.31242781 0.08249909 0.06431191 0.05585152 0.04784682 0.05211881 
402.00000000 0.38475211 0.31199283 0.08272417 0.06433125 0.05613928 0.04777293 0.05228742 
403.00000000 0.38458169 0.31154000 0.08295721 0.06434914 0.05642743 0.04769300 0.05245152 
404.00000000 0.38443209 0.31107043 0.08319723 0.06436691 0.05671500 0.04760713 0.05261122 
405.00000000 0.38430245 0.31058556 0.08344279 0.06438628 0.05700054 0.04751579 0.05276659 
406.00000000 0.38419196 0.31008670 0.08369238 0.06440895 0.05728239 0.04741987 0.05291776 
407.00000000 0.38410007 0.30957468 0.08394468 0.06443622 0.05755895 0.04732046 0.05306494 
408.00000000 0.38402646 0.30904990 0.08419866 0.06446876 0.05782901 0.04721877 0.05320844 
409.00000000 0.38397084 0.30851255 0.08445356 0.06450663 0.05809172 0.04711607 0.05334862 
410.00000000 0.38393291 0.30796296 0.08470872 0.06454927 0.05834663 0.04701368 0.05348583 
411.00000000 0.38391216 0.30740183 0.08496345 0.06459566 0.05859356 0.04691301 0.05362034 
412.00000000 0.38390778 0.30683040 0.08521703 0.06464431 0.05883262 0.04681545 0.05375241 
413.00000000 0.38391861 0.30625044 0.08546870 0.06469339 0.05906423 0.04672225 0.05388237 
414.00000000 0.38394304 0.30566426 0.08571776 0.06474085 0.05928916 0.04663428 0.05401065 
415.00000000 0.38397909 0.30507457 0.08596340 0.06478480 0.05950843 0.04655195 0.05413776 
416.00000000 0.38402465 0.30448429 0.08620465 0.06482381 0.05972309 0.04647538 0.05426412 
417.00000000 0.38407783 0.30389625 0.08644032 0.06485718 0.05993395 0.04640453 0.05438995 
418.00000000 0.38413737 0.30331265 0.08666907 0.06488485 0.06014147 0.04633951 0.05451509 
419.00000000 0.38420291 0.30273471 0.08688963 0.06490716 0.06034582 0.04628064 0.05463913 
420.00000000 0.38427499 0.30216257 0.08710097 0.06492443 0.06054711 0.04622842 0.05476150 
421.00000000 0.38435448 0.30159574 0.08730238 0.06493662 0.06074578 0.04618330 0.05488171 
422.00000000 0.38444179 0.30103401 0.08749336 0.06494319 0.06094272 0.04614555 0.05499938 
423.00000000 0.38453612 0.30047825 0.08767348 0.06494330 0.06113936 0.04611515 0.05511434 
424.00000000 0.38463511 0.29993086 0.08784221 0.06493606 0.06133742 0.04609182 0.05522651 
425.00000000 0.38473503 0.29939556 0.08799891 0.06492078 0.06153865 0.04607513 0.05533593 
426.00000000 0.38483134 0.29887681 0.08814282 0.06489707 0.06174458 0.04606464 0.05544274 
427.00000000 0.38491925 0.29837920 0.08827316 0.06486477 0.06195640 0.04606003 0.05554718 
428.00000000 0.38499425 0.29790705 0.08838913 0.06482379 0.06217499 0.04606120 0.05564958 
429.00000000 0.38505225 0.29746426 0.08848987 0.06477403 0.06240095 0.04606834 0.05575030 
430.00000000 0.38508954 0.29705439 0.08857453 0.06471550 0.06263461 0.04608189 0.05584954 
431.00000000 0.38510273 0.29668069 0.08864240 0.06464849 0.06287597 0.04610250 0.05594722 
432.00000000 0.38508859 0.29634602 0.08869318 0.06457370 0.06312473 0.04613092 0.05604286 
433.00000000 0.38504400 0.29605271 0.08872725 0.06449226 0.06338024 0.04616784 0.05613571 
434.00000000 0.38496590 0.29580253 0.08874566 0.06440550 0.06364176 0.04621385 0.05622481 
435.00000000 0.38485123 0.29559694 0.08874998 0.06431465 0.06390865 0.04626934 0.05630921 
436.00000000 0.38469682 0.29543743 0.08874194 0.06422069 0.06418057 0.04633445 0.05638810 
437.00000000 0.38449945 0.29532577 0.08872317 0.06412428 0.06445748 0.04640903 0.05646083 
438.00000000 0.38425600 0.29526388 0.08869510 0.06402600 0.06473949 0.04649267 0.05652685 
439.00000000 0.38396382 0.29525346 0.08865911 0.06392654 0.06502661 0.04658473 0.05658571 
