0.00000000 0.00009100 0.00824756 0.00398765 0.00044719 0.21730518 0.00593771 0.76398371 
1.00000000 0.00009092 0.00824821 0.00398783 0.00044684 0.21731331 0.00593774 0.76397516 
2.00000000 0.00009072 0.00825095 0.00398820 0.00044556 0.21734405 0.00593778 0.76394274 
3.00000000 0.00009041 0.00825695 0.00398895 0.00044373 0.21740404 0.00593789 0.76387804 
4.00000000 0.00009005 0.00826633 0.00398986 0.00044180 0.21749379 0.00593800 0.76378016 
5.00000000 0.00008969 0.00827811 0.00399086 0.00044106 0.21760484 0.00593785 0.76365760 
6.00000000 0.00008942 0.00829211 0.00399204 0.00044301 0.21773701 0.00593720 0.76350921 
7.00000000 0.00008934 0.00831076 0.00399425 0.00044972 0.21791834 0.00593586 0.76330173 
8.00000000 0.00008963 0.00833973 0.00399899 0.00046334 0.21820670 0.00593405 0.76296756 
9.00000000 0.00009050 0.00838580 0.00400789 0.00048594 0.21867192 0.00593214 0.76242582 
10.00000000 0.00009219 0.00845374 0.00402196 0.00051923 0.21936154 0.00593048 0.76162087 
11.00000000 0.00009492 0.00854401 0.00404105 0.00056455 0.22027843 0.00592905 0.76054800 
12.00000000 0.00009895 0.00865312 0.00406407 0.00062293 0.22138430 0.00592749 0.75924913 
13.00000000 0.00010459 0.00877654 0.00408969 0.00069535 0.22263057 0.00592545 0.75777782 
14.00000000 0.00011218 0.00891212 0.00411727 0.00078289 0.22399451 0.00592301 0.75615803 
15.00000000 0.00012208 0.00906142 0.00414718 0.00088683 0.22549394 0.00592101 0.75436754 
16.00000000 0.00013457 0.00922792 0.00418045 0.00100868 0.22716819 0.00592084 0.75235935 
17.00000000 0.00014983 0.00941368 0.00421793 0.00115030 0.22903894 0.00592390 0.75010543 
18.00000000 0.00016808 0.00961729 0.00425976 0.00131411 0.23108200 0.00593098 0.74762778 
19.00000000 0.00018962 0.00983483 0.00430544 0.00150335 0.23323431 0.00594220 0.74499026 
20.00000000 0.00021487 0.01006307 0.00435454 0.00172175 0.23543567 0.00595740 0.74225269 
21.00000000 0.00024424 0.01030289 0.00440768 0.00197266 0.23767706 0.00597676 0.73941870 
22.00000000 0.00027798 0.01056001 0.00446678 0.00225802 0.24001906 0.00600125 0.73641689 
23.00000000 0.00031625 0.01084219 0.00453439 0.00257859 0.24256280 0.00603256 0.73313322 
24.00000000 0.00035917 0.01115450 0.00461246 0.00293585 0.24538921 0.00607255 0.72947627 
25.00000000 0.00040700 0.01149646 0.00470123 0.00333386 0.24850494 0.00612234 0.72543417 
26.00000000 0.00046023 0.01186277 0.00479895 0.00377938 0.25182994 0.00618178 0.72108694 
27.00000000 0.00051933 0.01224681 0.00490258 0.00428034 0.25523581 0.00624960 0.71656553 
28.00000000 0.00058439 0.01264445 0.00500930 0.00484463 0.25861120 0.00632423 0.71198181 
29.00000000 0.00065496 0.01305572 0.00511788 0.00547984 0.26191269 0.00640477 0.70737415 
30.00000000 0.00073023 0.01348319 0.00522897 0.00619359 0.26516847 0.00649135 0.70270420 
31.00000000 0.00080965 0.01392851 0.00534412 0.00699321 0.26843467 0.00658454 0.69790530 
32.00000000 0.00089338 0.01439021 0.00546434 0.00788435 0.27173677 0.00668430 0.69294666 
33.00000000 0.00098242 0.01486403 0.00558904 0.00886912 0.27503839 0.00678947 0.68786753 
34.00000000 0.00107793 0.01534483 0.00571620 0.00994534 0.27825985 0.00689848 0.68275739 
35.00000000 0.00118021 0.01582830 0.00584354 0.01110762 0.28133316 0.00701072 0.67769646 
36.00000000 0.00128814 0.01631160 0.00597008 0.01234959 0.28425390 0.00712769 0.67269900 
37.00000000 0.00139959 0.01679258 0.00609683 0.01366548 0.28709194 0.00725297 0.66770061 
38.00000000 0.00151243 0.01726832 0.00622600 0.01505078 0.28995150 0.00739080 0.66260017 
39.00000000 0.00162561 0.01773524 0.00635949 0.01650227 0.29290558 0.00754413 0.65732769 
40.00000000 0.00173954 0.01819215 0.00649762 0.01801765 0.29594812 0.00771322 0.65189169 
41.00000000 0.00185551 0.01864400 0.00663903 0.01959534 0.29899551 0.00789592 0.64637468 
42.00000000 0.00197455 0.01910230 0.00678161 0.02123434 0.30193687 0.00808941 0.64088091 
43.00000000 0.00209646 0.01958084 0.00692420 0.02293338 0.30470109 0.00829218 0.63547184 
44.00000000 0.00222026 0.02008892 0.00706765 0.02468917 0.30729741 0.00850477 0.63013181 
45.00000000 0.00234542 0.02062634 0.00721451 0.02649575 0.30980244 0.00872892 0.62478662 
46.00000000 0.00247289 0.02118350 0.00736731 0.02834643 0.31230179 0.00896564 0.61936243 
47.00000000 0.00260504 0.02174717 0.00752685 0.03023623 0.31482603 0.00921384 0.61384484 
48.00000000 0.00274433 0.02230869 0.00769150 0.03216136 0.31732713 0.00947043 0.60829656 
49.00000000 0.00289156 0.02286959 0.00785806 0.03411652 0.31971200 0.00973202 0.60282025 
50.00000000 0.00304507 0.02344114 0.00802364 0.03609409 0.32190632 0.00999709 0.59749265 
51.00000000 0.00320163 0.02403791 0.00818726 0.03808770 0.32390019 0.01026713 0.59231818 
52.00000000 0.00335867 0.02466868 0.00834981 0.04009758 0.32574309 0.01054578 0.58723639 
53.00000000 0.00351571 0.02533087 0.00851272 0.04213269 0.32749591 0.01083626 0.58217584 
54.00000000 0.00367410 0.02601260 0.00867655 0.04420763 0.32917964 0.01113871 0.57711076 
55.00000000 0.00383571 0.02670177 0.00884054 0.04633640 0.33075978 0.01144925 0.57207654 
56.00000000 0.00400149 0.02739490 0.00900314 0.04852663 0.33217554 0.01176190 0.56713639 
57.00000000 0.00417106 0.02809864 0.00916282 0.05077678 0.33338849 0.01207235 0.56232987 
58.00000000 0.00434383 0.02882277 0.00931883 0.05307629 0.33441432 0.01238093 0.55764304 
59.00000000 0.00452081 0.02957043 0.00947134 0.05540860 0.33531614 0.01269288 0.55301981 
60.00000000 0.00470496 0.03033311 0.00962072 0.05775711 0.33616359 0.01301551 0.54840500 
61.00000000 0.00489970 0.03109437 0.00976663 0.06011199 0.33698461 0.01335384 0.54378886 
62.00000000 0.00510710 0.03184081 0.00990772 0.06247272 0.33774175 0.01370762 0.53922228 
63.00000000 0.00532724 0.03257367 0.01004223 0.06484448 0.33834892 0.01407139 0.53479207 
64.00000000 0.00555880 0.03331271 0.01016885 0.06723180 0.33871654 0.01443782 0.53057348 
65.00000000 0.00580023 0.03408835 0.01028737 0.06963510 0.33879688 0.01480174 0.52659033 
66.00000000 0.00605084 0.03492630 0.01039870 0.07205164 0.33860375 0.01516246 0.52280631 
67.00000000 0.00631100 0.03583468 0.01050422 0.07447891 0.33819833 0.01552254 0.51915031 
68.00000000 0.00658110 0.03680151 0.01060477 0.07691706 0.33765294 0.01588437 0.51555824 
69.00000000 0.00686052 0.03780274 0.01069998 0.07936766 0.33701809 0.01624696 0.51200404 
70.00000000 0.00714778 0.03881428 0.01078820 0.08182857 0.33631358 0.01660553 0.50850205 
71.00000000 0.00744157 0.03982021 0.01086698 0.08428743 0.33554646 0.01695440 0.50508294 
72.00000000 0.00774179 0.04081416 0.01093406 0.08671841 0.33473940 0.01729099 0.50176117 
73.00000000 0.00804972 0.04179595 0.01098843 0.08908589 0.33394500 0.01761835 0.49851666 
74.00000000 0.00836708 0.04276652 0.01103069 0.09135510 0.33323105 0.01794420 0.49530536 
75.00000000 0.00869420 0.04372400 0.01106258 0.09350436 0.33264500 0.01827700 0.49209287 
76.00000000 0.00902881 0.04466298 0.01108627 0.09553114 0.33218466 0.01862090 0.48888524 
77.00000000 0.00936717 0.04557798 0.01110401 0.09744889 0.33179811 0.01897273 0.48573111 
78.00000000 0.00970664 0.04646910 0.01111827 0.09927746 0.33141243 0.01932289 0.48269322 
79.00000000 0.01004784 0.04734493 0.01113156 0.10103320 0.33097236 0.01966000 0.47981011 
80.00000000 0.01039462 0.04821956 0.01114601 0.10272349 0.33046535 0.01997655 0.47707443 
81.00000000 0.01075157 0.04910539 0.01116266 0.10434837 0.32991870 0.02027220 0.47444111 
82.00000000 0.01112017 0.05000724 0.01118088 0.10590812 0.32937148 0.02055284 0.47185926 
83.00000000 0.01149591 0.05092083 0.01119845 0.10741132 0.32884097 0.02082605 0.46930648 
84.00000000 0.01186922 0.05183567 0.01121257 0.10887725 0.32830641 0.02109598 0.46680290 
85.00000000 0.01223029 0.05274069 0.01122147 0.11033076 0.32771940 0.02136116 0.46439624 
86.00000000 0.01257427 0.05363068 0.01122553 0.11179274 0.32703297 0.02161656 0.46212725 
87.00000000 0.01290310 0.05451053 0.01122738 0.11327239 0.32623065 0.02185835 0.45999759 
88.00000000 0.01322298 0.05539368 0.01123081 0.11476619 0.32533708 0.02208756 0.45796171 
89.00000000 0.01353946 0.05629442 0.01123905 0.11626395 0.32440249 0.02231029 0.45595034 
90.00000000 0.01385359 0.05721890 0.01125361 0.11775734 0.32347158 0.02253433 0.45391066 
91.00000000 0.01416167 0.05816070 0.01127434 0.11924470 0.32255836 0.02276437 0.45183586 
92.00000000 0.01445924 0.05910291 0.01130054 0.12072968 0.32164301 0.02299918 0.44976544 
93.00000000 0.01474621 0.06002398 0.01133201 0.12221426 0.32069108 0.02323265 0.44775983 
94.00000000 0.01502892 0.06090391 0.01136905 0.12368984 0.31968246 0.02345799 0.44586783 
95.00000000 0.01531745 0.06172903 0.01141182 0.12513298 0.31863121 0.02367244 0.44410507 
96.00000000 0.01561979 0.06249559 0.01145955 0.12651126 0.31758208 0.02387925 0.44245246 
97.00000000 0.01593697 0.06321121 0.01151017 0.12779742 0.31658583 0.02408577 0.44087264 
98.00000000 0.01626221 0.06389248 0.01156097 0.12898225 0.31567162 0.02429834 0.43933213 
99.00000000 0.01658516 0.06455887 0.01161036 0.13007787 0.31483488 0.02451718 0.43781567 
100.00000000 0.01689829 0.06522605 0.01165955 0.13110927 0.31404571 0.02473516 0.43632598 
101.00000000 0.01720066 0.06590251 0.01171288 0.13209960 0.31327122 0.02494168 0.43487146 
102.00000000 0.01749673 0.06658976 0.01177628 0.13305809 0.31249946 0.02512906 0.43345062 
103.00000000 0.01779156 0.06728493 0.01185447 0.13397816 0.31174952 0.02529726 0.43204411 
104.00000000 0.01808618 0.06798373 0.01194868 0.13484668 0.31105878 0.02545395 0.43062199 
105.00000000 0.01837648 0.06868279 0.01205630 0.13565677 0.31045502 0.02561008 0.42916256 
106.00000000 0.01865632 0.06937933 0.01217288 0.13641516 0.30993302 0.02577386 0.42766944 
107.00000000 0.01892294 0.07006875 0.01229518 0.13714037 0.30945114 0.02594691 0.42617471 
108.00000000 0.01918004 0.07074342 0.01242302 0.13785376 0.30894975 0.02612514 0.42472488 
109.00000000 0.01943600 0.07139551 0.01255882 0.13856931 0.30838063 0.02630332 0.42335641 
110.00000000 0.01969830 0.07202292 0.01270538 0.13928925 0.30772948 0.02647969 0.42207499 
111.00000000 0.01996867 0.07263360 0.01286345 0.14000864 0.30701673 0.02665738 0.42085152 
112.00000000 0.02024219 0.07324444 0.01303085 0.14072539 0.30627764 0.02684198 0.41963751 
113.00000000 0.02051020 0.07387434 0.01320354 0.14144747 0.30553802 0.02703684 0.41838960 
114.00000000 0.02076472 0.07453463 0.01337797 0.14219176 0.30480209 0.02723957 0.41708925 
115.00000000 0.02100147 0.07522185 0.01355259 0.14297467 0.30405686 0.02744281 0.41574975 
116.00000000 0.02122007 0.07591703 0.01372742 0.14380027 0.30328732 0.02763871 0.41440917 
117.00000000 0.02142242 0.07659236 0.01390236 0.14465465 0.30249096 0.02782388 0.41311336 
118.00000000 0.02161111 0.07722195 0.01407591 0.14551225 0.30167859 0.02800135 0.41189884 
119.00000000 0.02178917 0.07779145 0.01424538 0.14635127 0.30085922 0.02817873 0.41078478 
120.00000000 0.02196107 0.07830200 0.01440842 0.14716698 0.30002279 0.02836380 0.40977493 
121.00000000 0.02213334 0.07876699 0.01456512 0.14797371 0.29913660 0.02856034 0.40886390 
122.00000000 0.02231383 0.07920470 0.01471867 0.14879527 0.29815692 0.02876692 0.40804368 
123.00000000 0.02250947 0.07963112 0.01487411 0.14965129 0.29704559 0.02897945 0.40730897 
124.00000000 0.02272379 0.08005589 0.01503569 0.15054769 0.29578192 0.02919491 0.40666010 
125.00000000 0.02295613 0.08048192 0.01520514 0.15147557 0.29436526 0.02941327 0.40610271 
126.00000000 0.02320292 0.08090790 0.01538149 0.15241754 0.29280967 0.02963637 0.40564412 
127.00000000 0.02346009 0.08133216 0.01556240 0.15335649 0.29113779 0.02986504 0.40528603 
128.00000000 0.02372485 0.08175585 0.01574560 0.15428095 0.28938043 0.03009669 0.40501562 
129.00000000 0.02399591 0.08218399 0.01592962 0.15518419 0.28757689 0.03032536 0.40480405 
130.00000000 0.02427295 0.08262377 0.01611338 0.15605888 0.28576718 0.03054456 0.40461928 
131.00000000 0.02455608 0.08308088 0.01629575 0.15689271 0.28397762 0.03075092 0.40444603 
132.00000000 0.02484563 0.08355569 0.01647569 0.15767047 0.28221113 0.03094609 0.40429529 
133.00000000 0.02514200 0.08404211 0.01665338 0.15838307 0.28045035 0.03113539 0.40419370 
134.00000000 0.02544559 0.08453105 0.01683101 0.15903651 0.27867249 0.03132452 0.40415884 
135.00000000 0.02575627 0.08501702 0.01701242 0.15965207 0.27686764 0.03151632 0.40417827 
136.00000000 0.02607257 0.08550322 0.01720124 0.16025604 0.27504837 0.03171017 0.40420840 
137.00000000 0.02639103 0.08600109 0.01739866 0.16086600 0.27324207 0.03190407 0.40419707 
138.00000000 0.02670669 0.08652354 0.01760210 0.16148275 0.27147143 0.03209764 0.40411584 
139.00000000 0.02701460 0.08707540 0.01780615 0.16209253 0.26973920 0.03229324 0.40397886 
140.00000000 0.02731196 0.08764766 0.01800538 0.16267698 0.26802944 0.03249434 0.40383424 
141.00000000 0.02759954 0.08822049 0.01819701 0.16322359 0.26632435 0.03270279 0.40373224 
142.00000000 0.02788132 0.08877441 0.01838168 0.16373004 0.26462514 0.03291719 0.40369022 
143.00000000 0.02816215 0.08930313 0.01856193 0.16420090 0.26296082 0.03313365 0.40367741 
144.00000000 0.02844516 0.08981989 0.01873967 0.16464047 0.26137455 0.03334840 0.40363187 
145.00000000 0.02873045 0.09035165 0.01891439 0.16504743 0.25989530 0.03356051 0.40350028 
146.00000000 0.02901573 0.09092304 0.01908330 0.16541563 0.25851687 0.03377268 0.40327274 
147.00000000 0.02929832 0.09153974 0.01924314 0.16574088 0.25720169 0.03398947 0.40298677 
148.00000000 0.02957748 0.09218330 0.01939246 0.16602840 0.25590639 0.03421362 0.40269836 
149.00000000 0.02985541 0.09282182 0.01953263 0.16629378 0.25461111 0.03444319 0.40244207 
150.00000000 0.03013578 0.09342880 0.01966696 0.16655562 0.25333295 0.03467117 0.40220873 
151.00000000 0.03042057 0.09399702 0.01979846 0.16682519 0.25211424 0.03488836 0.40195616 
152.00000000 0.03070774 0.09453815 0.01992820 0.16710075 0.25099190 0.03508775 0.40164550 
153.00000000 0.03099154 0.09506914 0.02005545 0.16737123 0.24996910 0.03526778 0.40127575 
154.00000000 0.03126574 0.09559572 0.02017959 0.16762763 0.24900986 0.03543245 0.40088901 
155.00000000 0.03152818 0.09610555 0.02030214 0.16787430 0.24806042 0.03558816 0.40054125 
156.00000000 0.03178389 0.09657573 0.02042699 0.16813130 0.24708192 0.03573980 0.40026037 
157.00000000 0.03204358 0.09698855 0.02055851 0.16842611 0.24607219 0.03588870 0.40002235 
158.00000000 0.03231779 0.09734363 0.02069901 0.16878130 0.24506142 0.03603373 0.39976313 
159.00000000 0.03261037 0.09765819 0.02084737 0.16920553 0.24408429 0.03617418 0.39942008 
160.00000000 0.03291552 0.09795540 0.02100010 0.16969203 0.24314893 0.03631183 0.39897618 
161.00000000 0.03322073 0.09824871 0.02115402 0.17022436 0.24222589 0.03645070 0.39847559 
162.00000000 0.03351407 0.09853279 0.02130857 0.17078558 0.24126613 0.03659448 0.39799837 
163.00000000 0.03379090 0.09878760 0.02146633 0.17136446 0.24023546 0.03674383 0.39761142 
164.00000000 0.03405436 0.09899322 0.02163143 0.17195530 0.23914215 0.03689550 0.39732805 
165.00000000 0.03430931 0.09914585 0.02180707 0.17255385 0.23803905 0.03704418 0.39710069 
166.00000000 0.03455463 0.09926379 0.02199389 0.17315406 0.23699905 0.03718604 0.39684853 
167.00000000 0.03478015 0.09937894 0.02218977 0.17374805 0.23608096 0.03732144 0.39650069 
168.00000000 0.03497061 0.09951896 0.02239109 0.17432904 0.23530895 0.03745493 0.39602641 
169.00000000 0.03511439 0.09969346 0.02259424 0.17489498 0.23467616 0.03759248 0.39543428 
170.00000000 0.03521146 0.09989334 0.02279623 0.17545015 0.23416444 0.03773755 0.39474682 
171.00000000 0.03527480 0.10010173 0.02299427 0.17600330 0.23376232 0.03788882 0.39397476 
172.00000000 0.03532363 0.10030647 0.02318524 0.17656456 0.23346732 0.03804095 0.39311182 
173.00000000 0.03537268 0.10050626 0.02336595 0.17714282 0.23327210 0.03818784 0.39215236 
174.00000000 0.03542499 0.10070928 0.02353444 0.17774379 0.23314600 0.03832590 0.39111559 
175.00000000 0.03547327 0.10092757 0.02369170 0.17836870 0.23302919 0.03845544 0.39005414 
176.00000000 0.03550863 0.10117103 0.02384207 0.17901442 0.23284963 0.03857949 0.38903474 
177.00000000 0.03553052 0.10144426 0.02399167 0.17967426 0.23255515 0.03870152 0.38810262 
178.00000000 0.03555063 0.10174725 0.02414518 0.18033793 0.23213889 0.03882393 0.38725620 
179.00000000 0.03558760 0.10207855 0.02430319 0.18099222 0.23163917 0.03894805 0.38645121 
180.00000000 0.03565624 0.10243803 0.02446195 0.18162483 0.23111333 0.03907561 0.38563001 
181.00000000 0.03575883 0.10282658 0.02461570 0.18222953 0.23060327 0.03920973 0.38475635 
182.00000000 0.03588471 0.10324298 0.02476014 0.18280834 0.23011458 0.03935471 0.38383454 
183.00000000 0.03601825 0.10368065 0.02489490 0.18336830 0.22962148 0.03951432 0.38290211 
184.00000000 0.03614978 0.10412805 0.02502341 0.18391514 0.22909143 0.03968998 0.38200220 
185.00000000 0.03628231 0.10457318 0.02515040 0.18444754 0.22850932 0.03988010 0.38115715 
186.00000000 0.03642950 0.10500923 0.02527883 0.18495607 0.22788253 0.04008090 0.38036295 
187.00000000 0.03660626 0.10543790 0.02540864 0.18542881 0.22722509 0.04028819 0.37960510 
188.00000000 0.03681842 0.10586884 0.02553797 0.18586085 0.22653710 0.04049893 0.37887788 
189.00000000 0.03705828 0.10631563 0.02566574 0.18626148 0.22579898 0.04071142 0.37818847 
190.00000000 0.03730907 0.10678968 0.02579336 0.18665349 0.22498804 0.04092439 0.37754197 
191.00000000 0.03755460 0.10729518 0.02592383 0.18706315 0.22410710 0.04113604 0.37692011 
192.00000000 0.03778740 0.10782829 0.02605860 0.18750567 0.22320234 0.04134388 0.37627382 
193.00000000 0.03801015 0.10838129 0.02619440 0.18797569 0.22235266 0.04154572 0.37554009 
194.00000000 0.03823012 0.10894823 0.02632300 0.18845190 0.22163294 0.04174041 0.37467340 
195.00000000 0.03845091 0.10952854 0.02643462 0.18891381 0.22107385 0.04192774 0.37367054 
196.00000000 0.03866752 0.11012681 0.02652333 0.18935765 0.22064340 0.04210756 0.37257374 
197.00000000 0.03886892 0.11074965 0.02659077 0.18979828 0.22026303 0.04227900 0.37145035 
198.00000000 0.03904628 0.11140135 0.02664565 0.19025599 0.21985077 0.04244092 0.37035903 
199.00000000 0.03920119 0.11208111 0.02669873 0.19073814 0.21936626 0.04259316 0.36932141 
200.00000000 0.03934772 0.11278374 0.02675649 0.19122847 0.21882804 0.04273757 0.36831798 
201.00000000 0.03950639 0.11350314 0.02681752 0.19169278 0.21829102 0.04287762 0.36731153 
202.00000000 0.03969323 0.11423504 0.02687412 0.19209875 0.21780223 0.04301628 0.36628035 
203.00000000 0.03991091 0.11497583 0.02691813 0.19243662 0.21736841 0.04315345 0.36523666 
204.00000000 0.04014763 0.11571783 0.02694696 0.19272535 0.21695838 0.04328504 0.36421881 
205.00000000 0.04038434 0.11644492 0.02696584 0.19299965 0.21653628 0.04340507 0.36326391 
206.00000000 0.04060520 0.11713400 0.02698452 0.19328709 0.21609885 0.04350975 0.36238058 
207.00000000 0.04080482 0.11776347 0.02701130 0.19359172 0.21568600 0.04360107 0.36154162 
208.00000000 0.04098835 0.11832372 0.02704850 0.19389622 0.21535439 0.04368671 0.36070211 
209.00000000 0.04116567 0.11882166 0.02709289 0.19418111 0.21513335 0.04377610 0.35982922 
210.00000000 0.04134423 0.11927632 0.02714061 0.19444608 0.21499675 0.04387509 0.35892092 
211.00000000 0.04152520 0.11970914 0.02719247 0.19471683 0.21487232 0.04398322 0.35800083 
212.00000000 0.04170464 0.12013481 0.02725513 0.19503199 0.21468352 0.04409563 0.35709428 
213.00000000 0.04187778 0.12055691 0.02733688 0.19541916 0.21439660 0.04420795 0.35620472 
214.00000000 0.04204261 0.12096982 0.02744094 0.19587563 0.21404101 0.04432051 0.35530948 
215.00000000 0.04220062 0.12136639 0.02756111 0.19636617 0.21368876 0.04443877 0.35437817 
216.00000000 0.04235474 0.12174664 0.02768295 0.19684064 0.21340676 0.04456976 0.35339851 
217.00000000 0.04250658 0.12212075 0.02778991 0.19726074 0.21321499 0.04471694 0.35239008 
218.00000000 0.04265513 0.12250331 0.02787106 0.19761824 0.21307732 0.04487743 0.35139752 
219.00000000 0.04279740 0.12290266 0.02792561 0.19793276 0.21292938 0.04504362 0.35046857 
220.00000000 0.04293069 0.12331324 0.02796177 0.19823252 0.21272388 0.04520857 0.34962931 
221.00000000 0.04305484 0.12371693 0.02799088 0.19853346 0.21246271 0.04537123 0.34886995 
222.00000000 0.04317334 0.12409333 0.02802069 0.19883098 0.21219482 0.04553778 0.34814905 
223.00000000 0.04329275 0.12443225 0.02805185 0.19910817 0.21198400 0.04571772 0.34741327 
224.00000000 0.04342057 0.12473898 0.02807956 0.19935254 0.21187102 0.04591718 0.34662014 
225.00000000 0.04356288 0.12502876 0.02809905 0.19956817 0.21185544 0.04613410 0.34575160 
226.00000000 0.04372274 0.12531469 0.02811043 0.19977501 0.21190598 0.04635869 0.34481246 
227.00000000 0.04390016 0.12559736 0.02811955 0.19999702 0.21198882 0.04657905 0.34381803 
228.00000000 0.04409332 0.12586249 0.02813438 0.20024832 0.21209271 0.04678789 0.34278088 
229.00000000 0.04430061 0.12608844 0.02815956 0.20052611 0.21223408 0.04698613 0.34170507 
230.00000000 0.04452280 0.12625870 0.02819318 0.20081430 0.21244070 0.04718096 0.34058935 
231.00000000 0.04476453 0.12637010 0.02822794 0.20109521 0.21272815 0.04737989 0.33943418 
232.00000000 0.04503436 0.12643040 0.02825616 0.20136144 0.21308628 0.04758475 0.33824661 
233.00000000 0.04534300 0.12644809 0.02827521 0.20161945 0.21348497 0.04778981 0.33703947 
234.00000000 0.04570006 0.12642345 0.02828953 0.20188236 0.21389402 0.04798519 0.33582538 
235.00000000 0.04611072 0.12634756 0.02830783 0.20215761 0.21430211 0.04816321 0.33461096 
236.00000000 0.04657379 0.12620934 0.02833753 0.20243820 0.21472030 0.04832336 0.33339748 
237.00000000 0.04708182 0.12600577 0.02838023 0.20270271 0.21516880 0.04847222 0.33218844 
238.00000000 0.04762298 0.12574794 0.02843116 0.20292324 0.21565912 0.04861864 0.33099692 
239.00000000 0.04818388 0.12545901 0.02848262 0.20307611 0.21618482 0.04876796 0.32984559 
240.00000000 0.04875281 0.12516607 0.02852906 0.20314933 0.21672458 0.04891986 0.32875829 
241.00000000 0.04932207 0.12489238 0.02857012 0.20314407 0.21725230 0.04907094 0.32774812 
242.00000000 0.04988812 0.12465368 0.02860993 0.20307206 0.21774697 0.04921982 0.32680941 
243.00000000 0.05044982 0.12445842 0.02865361 0.20295198 0.21819757 0.04937031 0.32591828 
244.00000000 0.05100582 0.12430978 0.02870347 0.20280603 0.21860296 0.04953022 0.32504172 
245.00000000 0.05155323 0.12420765 0.02875750 0.20265664 0.21896910 0.04970673 0.32414916 
246.00000000 0.05208802 0.12414905 0.02881069 0.20252433 0.21930671 0.04990147 0.32321972 
247.00000000 0.05260674 0.12412784 0.02885802 0.20242730 0.21962982 0.05010851 0.32224178 
248.00000000 0.05310764 0.12413586 0.02889679 0.20238206 0.21995336 0.05031654 0.32120776 
249.00000000 0.05359003 0.12416629 0.02892699 0.20240382 0.22028864 0.05051396 0.32011026 
250.00000000 0.05405222 0.12421668 0.02894982 0.20250588 0.22063754 0.05069378 0.31894407 
251.00000000 0.05449005 0.12428895 0.02896596 0.20269736 0.22098943 0.05085542 0.31771283 
252.00000000 0.05489779 0.12438598 0.02897510 0.20298006 0.22132427 0.05100249 0.31643431 
253.00000000 0.05527128 0.12450697 0.02897701 0.20334694 0.22162129 0.05113839 0.31513813 
254.00000000 0.05561142 0.12464451 0.02897336 0.20378434 0.22186782 0.05126299 0.31385557 
255.00000000 0.05592526 0.12478619 0.02896888 0.20427702 0.22206264 0.05137297 0.31260703 
256.00000000 0.05622351 0.12492030 0.02897053 0.20481341 0.22221267 0.05146501 0.31139457 
257.00000000 0.05651576 0.12504169 0.02898509 0.20538849 0.22232581 0.05153895 0.31020422 
258.00000000 0.05680656 0.12515323 0.02901691 0.20600215 0.22240461 0.05159841 0.30901814 
259.00000000 0.05709451 0.12526164 0.02906714 0.20665321 0.22244492 0.05164840 0.30783017 
260.00000000 0.05737428 0.12537049 0.02913433 0.20733324 0.22244095 0.05169226 0.30665445 
261.00000000 0.05763962 0.12547603 0.02921544 0.20802519 0.22239350 0.05173033 0.30551990 
262.00000000 0.05788561 0.12557031 0.02930676 0.20870743 0.22231496 0.05176164 0.30445329 
263.00000000 0.05810934 0.12564999 0.02940456 0.20936076 0.22222636 0.05178701 0.30346197 
264.00000000 0.05830960 0.12572345 0.02950582 0.20997486 0.22214765 0.05181085 0.30252777 
265.00000000 0.05848684 0.12580953 0.02960912 0.21055098 0.22208828 0.05183965 0.30161560 
266.00000000 0.05864383 0.12592759 0.02971549 0.21109862 0.22204475 0.05187804 0.30069168 
267.00000000 0.05878670 0.12608496 0.02982800 0.21162835 0.22200659 0.05192539 0.29974002 
268.00000000 0.05892524 0.12626942 0.02995000 0.21214629 0.22196587 0.05197596 0.29876723 
269.00000000 0.05907173 0.12645224 0.03008252 0.21265424 0.22192281 0.05202274 0.29779372 
270.00000000 0.05923816 0.12660129 0.03022271 0.21315396 0.22188263 0.05206220 0.29683905 
271.00000000 0.05943291 0.12669727 0.03036435 0.21365198 0.22184467 0.05209658 0.29591225 
272.00000000 0.05965860 0.12674372 0.03050035 0.21416106 0.22179118 0.05213215 0.29501295 
273.00000000 0.05991179 0.12676457 0.03062616 0.21469622 0.22168586 0.05217480 0.29414061 
274.00000000 0.06018419 0.12679026 0.03074178 0.21526686 0.22148737 0.05222635 0.29330318 
275.00000000 0.06046429 0.12684146 0.03085101 0.21587004 0.22117169 0.05228439 0.29251712 
276.00000000 0.06073891 0.12692148 0.03095856 0.21648965 0.22074893 0.05234578 0.29179669 
277.00000000 0.06099529 0.12702124 0.03106712 0.21710227 0.22026333 0.05241112 0.29113962 
278.00000000 0.06122408 0.12713099 0.03117627 0.21768690 0.21977602 0.05248620 0.29051954 
279.00000000 0.06142253 0.12724876 0.03128383 0.21823354 0.21934050 0.05257875 0.28989208 
280.00000000 0.06159604 0.12737998 0.03138868 0.21874578 0.21898349 0.05269253 0.28921350 
281.00000000 0.06175667 0.12752949 0.03149266 0.21923570 0.21869982 0.05282359 0.28846207 
282.00000000 0.06191848 0.12769307 0.03160017 0.21971559 0.21846201 0.05296173 0.28764895 
283.00000000 0.06209162 0.12785604 0.03171560 0.22019300 0.21823746 0.05309644 0.28680984 
284.00000000 0.06227828 0.12800157 0.03184078 0.22067109 0.21800263 0.05322292 0.28598273 
285.00000000 0.06247291 0.12812323 0.03197443 0.22115153 0.21774621 0.05334396 0.28518774 
286.00000000 0.06266614 0.12823216 0.03211394 0.22163751 0.21746131 0.05346661 0.28442234 
287.00000000 0.06284954 0.12835321 0.03225818 0.22213521 0.21713482 0.05359602 0.28367302 
288.00000000 0.06301835 0.12851234 0.03240952 0.22265200 0.21674469 0.05373065 0.28293245 
289.00000000 0.06317089 0.12872397 0.03257381 0.22319187 0.21626904 0.05386200 0.28220842 
290.00000000 0.06330657 0.12898584 0.03275814 0.22375209 0.21570028 0.05397914 0.28151793 
291.00000000 0.06342548 0.12928327 0.03296722 0.22432406 0.21505363 0.05407484 0.28087149 
292.00000000 0.06353089 0.12959780 0.03320021 0.22489794 0.21436303 0.05414934 0.28026079 
293.00000000 0.06363248 0.12991420 0.03344984 0.22546787 0.21366520 0.05420962 0.27966079 
294.00000000 0.06374646 0.13022267 0.03370473 0.22603507 0.21298020 0.05426512 0.27904577 
295.00000000 0.06389079 0.13051740 0.03395432 0.22660646 0.21230015 0.05432289 0.27840798 
296.00000000 0.06407773 0.13079497 0.03419367 0.22718957 0.21159465 0.05438518 0.27776422 
297.00000000 0.06430787 0.13105488 0.03442535 0.22778632 0.21083196 0.05445018 0.27714343 
298.00000000 0.06456944 0.13130142 0.03465723 0.22838926 0.21000469 0.05451490 0.27656307 
299.00000000 0.06484374 0.13154334 0.03489753 0.22898129 0.20914408 0.05457785 0.27601217 
300.00000000 0.06511346 0.13178986 0.03514989 0.22953913 0.20831220 0.05463986 0.27545560 
301.00000000 0.06536914 0.13204521 0.03541156 0.23003929 0.20757417 0.05470272 0.27485791 
302.00000000 0.06561074 0.13230599 0.03567555 0.23046385 0.20696679 0.05476690 0.27421019 
303.00000000 0.06584465 0.13256346 0.03593529 0.23080314 0.20648286 0.05483058 0.27354001 
304.00000000 0.06607883 0.13280910 0.03618833 0.23105586 0.20607939 0.05489099 0.27289751 
305.00000000 0.06631875 0.13303904 0.03643642 0.23122837 0.20570269 0.05494730 0.27232743 
306.00000000 0.06656637 0.13325358 0.03668203 0.23133387 0.20531490 0.05500292 0.27184633 
307.00000000 0.06682160 0.13345204 0.03692397 0.23139018 0.20490789 0.05506546 0.27143885 
308.00000000 0.06708432 0.13362754 0.03715598 0.23141671 0.20449851 0.05514423 0.27107271 
309.00000000 0.06735476 0.13376698 0.03736969 0.23143198 0.20411075 0.05524659 0.27071925 
310.00000000 0.06763252 0.13385763 0.03755998 0.23145204 0.20375779 0.05537525 0.27036479 
311.00000000 0.06791571 0.13389621 0.03772895 0.23148820 0.20343555 0.05552790 0.27000748 
312.00000000 0.06820141 0.13389311 0.03788577 0.23154409 0.20312976 0.05569900 0.26964685 
313.00000000 0.06848770 0.13386787 0.03804224 0.23161300 0.20282962 0.05588235 0.26927722 
314.00000000 0.06877579 0.13383876 0.03820676 0.23167774 0.20253633 0.05607300 0.26889161 
315.00000000 0.06907053 0.13381461 0.03838055 0.23171454 0.20225826 0.05626783 0.26849368 
316.00000000 0.06937854 0.13379424 0.03855845 0.23170014 0.20199598 0.05646526 0.26810740 
317.00000000 0.06970522 0.13377289 0.03873361 0.23161919 0.20173036 0.05666484 0.26777390 
318.00000000 0.07005232 0.13375019 0.03890273 0.23146807 0.20142547 0.05686720 0.26753401 
319.00000000 0.07041696 0.13373390 0.03906837 0.23125375 0.20104575 0.05707398 0.26740729 
320.00000000 0.07079277 0.13373603 0.03923702 0.23098902 0.20057751 0.05728710 0.26738055 
321.00000000 0.07117290 0.13376385 0.03941437 0.23068630 0.20004264 0.05750767 0.26741226 
322.00000000 0.07155323 0.13381276 0.03960107 0.23035252 0.19949560 0.05773502 0.26744980 
323.00000000 0.07193390 0.13386730 0.03979159 0.22998771 0.19900255 0.05796675 0.26745020 
324.00000000 0.07231890 0.13391031 0.03997715 0.22958754 0.19861298 0.05819954 0.26739357 
325.00000000 0.07271496 0.13393375 0.04015044 0.22914722 0.19833950 0.05843065 0.26728347 
326.00000000 0.07313064 0.13394385 0.04030904 0.22866358 0.19815586 0.05865903 0.26713801 
327.00000000 0.07357559 0.13395735 0.04045532 0.22813533 0.19801131 0.05888548 0.26697962 
328.00000000 0.07405950 0.13399127 0.04059332 0.22756319 0.19785244 0.05911154 0.26682874 
329.00000000 0.07459090 0.13405210 0.04072530 0.22695118 0.19764143 0.05933766 0.26670144 
330.00000000 0.07517583 0.13412999 0.04085085 0.22630806 0.19736430 0.05956203 0.26660895 
331.00000000 0.07581654 0.13420070 0.04096885 0.22564758 0.19702933 0.05978089 0.26655611 
332.00000000 0.07651043 0.13423473 0.04108036 0.22498659 0.19666036 0.05999012 0.26653741 
333.00000000 0.07724958 0.13420912 0.04118960 0.22434130 0.19628872 0.06018694 0.26653473 
334.00000000 0.07802132 0.13411501 0.04130215 0.22372325 0.19594583 0.06037114 0.26652129 
335.00000000 0.07881051 0.13395675 0.04142163 0.22313639 0.19565858 0.06054498 0.26647116 
336.00000000 0.07960267 0.13374475 0.04154766 0.22257662 0.19544794 0.06071228 0.26636808 
337.00000000 0.08038624 0.13348875 0.04167672 0.22203368 0.19532881 0.06087703 0.26620878 
338.00000000 0.08115258 0.13319621 0.04180524 0.22149485 0.19530899 0.06104234 0.26599979 
339.00000000 0.08189505 0.13287551 0.04193291 0.22094823 0.19538855 0.06121003 0.26574971 
340.00000000 0.08260853 0.13253998 0.04206379 0.22038308 0.19556145 0.06138118 0.26546200 
341.00000000 0.08328988 0.13220825 0.04220443 0.21978725 0.19581952 0.06155715 0.26513352 
342.00000000 0.08393903 0.13189851 0.04236019 0.21914548 0.19615759 0.06173989 0.26475932 
343.00000000 0.08455972 0.13161895 0.04253242 0.21844163 0.19657762 0.06193124 0.26433842 
344.00000000 0.08515927 0.13136155 0.04271818 0.21766442 0.19708958 0.06213156 0.26387544 
345.00000000 0.08574649 0.13110523 0.04291220 0.21681254 0.19770702 0.06233898 0.26337754 
346.00000000 0.08632859 0.13082827 0.04310884 0.21589604 0.19843869 0.06254996 0.26284960 
347.00000000 0.08690907 0.13052182 0.04330283 0.21493365 0.19928021 0.06276053 0.26229189 
348.00000000 0.08748735 0.13019500 0.04348871 0.21394736 0.20021056 0.06296758 0.26170345 
349.00000000 0.08805988 0.12986870 0.04366059 0.21295685 0.20119526 0.06316982 0.26108890 
350.00000000 0.08862134 0.12956400 0.04381357 0.21197647 0.20219452 0.06336775 0.26046236 
351.00000000 0.08916502 0.12929438 0.04394648 0.21101600 0.20317189 0.06356237 0.25984387 
352.00000000 0.08968259 0.12906548 0.04406414 0.21008379 0.20410025 0.06375309 0.25925066 
353.00000000 0.09016472 0.12887902 0.04417661 0.20918929 0.20496468 0.06393627 0.25868941 
354.00000000 0.09060361 0.12873581 0.04429493 0.20834228 0.20576310 0.06410554 0.25815474 
355.00000000 0.09099634 0.12863531 0.04442565 0.20754819 0.20650552 0.06425406 0.25763494 
356.00000000 0.09134657 0.12857264 0.04456766 0.20680271 0.20721194 0.06437715 0.25712133 
357.00000000 0.09166318 0.12853546 0.04471362 0.20609064 0.20790830 0.06447364 0.25661516 
358.00000000 0.09195635 0.12850375 0.04485524 0.20539152 0.20861974 0.06454495 0.25612846 
359.00000000 0.09223302 0.12845406 0.04498892 0.20468951 0.20936254 0.06459274 0.25567922 
360.00000000 0.09249448 0.12836639 0.04511781 0.20398200 0.21013827 0.06461687 0.25528418 
361.00000000 0.09273816 0.12822927 0.04524918 0.20328194 0.21093416 0.06461502 0.25495227 
362.00000000 0.09296275 0.12804058 0.04538975 0.20261179 0.21172962 0.06458421 0.25468129 
363.00000000 0.09317294 0.12780532 0.04554255 0.20199108 0.21250547 0.06452330 0.25445933 
364.00000000 0.09337984 0.12753329 0.04570746 0.20142451 0.21325016 0.06443486 0.25426990 
365.00000000 0.09359659 0.12723804 0.04588441 0.20089882 0.21395951 0.06432488 0.25409774 
366.00000000 0.09383256 0.12693612 0.04607689 0.20039062 0.21463125 0.06420011 0.25393244 
367.00000000 0.09409041 0.12664459 0.04629232 0.19987927 0.21526016 0.06406482 0.25376842 
368.00000000 0.09436837 0.12637635 0.04653846 0.19935621 0.21583824 0.06391971 0.25360266 
369.00000000 0.09466557 0.12613538 0.04681784 0.19882467 0.21635990 0.06376381 0.25343283 
370.00000000 0.09498615 0.12591493 0.04712440 0.19829111 0.21682774 0.06359816 0.25325751 
371.00000000 0.09533837 0.12570023 0.04744507 0.19775492 0.21725491 0.06342854 0.25307796 
372.00000000 0.09572888 0.12547476 0.04776567 0.19720526 0.21766165 0.06326507 0.25289871 
373.00000000 0.09615601 0.12522754 0.04807789 0.19662801 0.21806612 0.06311825 0.25272617 
374.00000000 0.09660734 0.12495806 0.04838277 0.19601758 0.21847439 0.06299373 0.25256613 
375.00000000 0.09706439 0.12467601 0.04868851 0.19538418 0.21887609 0.06288923 0.25242159 
376.00000000 0.09751194 0.12439565 0.04900413 0.19475075 0.21925042 0.06279611 0.25229100 
377.00000000 0.09794574 0.12412803 0.04933351 0.19414129 0.21957985 0.06270444 0.25216715 
378.00000000 0.09837326 0.12387579 0.04967354 0.19356852 0.21986346 0.06260838 0.25203704 
379.00000000 0.09880733 0.12363305 0.05001715 0.19302934 0.22012116 0.06250843 0.25188353 
380.00000000 0.09925738 0.12338875 0.05035844 0.19251131 0.22038600 0.06240944 0.25168867 
381.00000000 0.09972466 0.12313021 0.05069616 0.19200485 0.22068989 0.06231642 0.25143782 
382.00000000 0.10020377 0.12284452 0.05103253 0.19151263 0.22105220 0.06223173 0.25112262 
383.00000000 0.10068831 0.12251855 0.05136834 0.19105047 0.22147745 0.06215570 0.25074117 
384.00000000 0.10117528 0.12214015 0.05169830 0.19064024 0.22196133 0.06208951 0.25029520 
385.00000000 0.10166527 0.12170180 0.05201070 0.19030011 0.22249893 0.06203736 0.24978584 
386.00000000 0.10215861 0.12120565 0.05229185 0.19003809 0.22308900 0.06200599 0.24921081 
387.00000000 0.10265118 0.12066717 0.05253206 0.18985248 0.22373064 0.06200171 0.24856475 
388.00000000 0.10313334 0.12011510 0.05272920 0.18973699 0.22441486 0.06202714 0.24784337 
389.00000000 0.10359362 0.11958637 0.05288806 0.18968525 0.22511718 0.06207993 0.24704959 
390.00000000 0.10402453 0.11911718 0.05301637 0.18969145 0.22579785 0.06215469 0.24619792 
391.00000000 0.10442613 0.11873380 0.05312060 0.18974835 0.22641099 0.06224663 0.24531350 
392.00000000 0.10480442 0.11844800 0.05320423 0.18984558 0.22691763 0.06235450 0.24442564 
393.00000000 0.10516585 0.11825929 0.05326883 0.18996996 0.22729554 0.06248090 0.24355963 
394.00000000 0.10551147 0.11816210 0.05331656 0.19010733 0.22754158 0.06263010 0.24273087 
395.00000000 0.10583459 0.11815325 0.05335203 0.19024474 0.22766675 0.06280456 0.24194407 
396.00000000 0.10612343 0.11823496 0.05338257 0.19037158 0.22768775 0.06300255 0.24119716 
397.00000000 0.10636710 0.11841233 0.05341630 0.19047958 0.22762015 0.06321835 0.24048619 
398.00000000 0.10656111 0.11868800 0.05345912 0.19056302 0.22747653 0.06344511 0.23980710 
399.00000000 0.10670901 0.11905845 0.05351238 0.19061961 0.22726908 0.06367826 0.23915321 
400.00000000 0.10682007 0.11951385 0.05357281 0.19065115 0.22701317 0.06391693 0.23851204 
401.00000000 0.10690528 0.12004120 0.05363464 0.19066223 0.22672855 0.06416262 0.23786547 
402.00000000 0.10697437 0.12062823 0.05369277 0.19065710 0.22643668 0.06441609 0.23719476 
403.00000000 0.10703520 0.12126557 0.05374546 0.19063627 0.22615462 0.06467500 0.23648788 
404.00000000 0.10709521 0.12194601 0.05379526 0.19059574 0.22588856 0.06493422 0.23574499 
405.00000000 0.10716312 0.12266227 0.05384733 0.19052947 0.22563130 0.06518877 0.23497774 
406.00000000 0.10724906 0.12340592 0.05390609 0.19043355 0.22536578 0.06543685 0.23420275 
407.00000000 0.10736264 0.12416906 0.05397255 0.19030831 0.22507279 0.06568064 0.23343401 
408.00000000 0.10750987 0.12494753 0.05404440 0.19015646 0.22473834 0.06592377 0.23267964 
409.00000000 0.10769083 0.12574289 0.05411890 0.18997873 0.22435729 0.06616702 0.23194433 
410.00000000 0.10789922 0.12656103 0.05419679 0.18977024 0.22393232 0.06640538 0.23123501 
411.00000000 0.10812443 0.12740819 0.05428423 0.18951971 0.22346974 0.06662853 0.23056517 
412.00000000 0.10835479 0.12828694 0.05439115 0.18921260 0.22297495 0.06682517 0.22995440 
413.00000000 0.10858062 0.12919467 0.05452655 0.18883751 0.22244965 0.06698829 0.22942270 
414.00000000 0.10879599 0.13012495 0.05469377 0.18839305 0.22189096 0.06711817 0.22898311 
415.00000000 0.10899857 0.13107010 0.05488860 0.18789141 0.22129261 0.06722091 0.22863779 
416.00000000 0.10918794 0.13202296 0.05510131 0.18735619 0.22064775 0.06730399 0.22837984 
417.00000000 0.10936327 0.13297721 0.05532143 0.18681567 0.21995218 0.06737163 0.22819861 
418.00000000 0.10952233 0.13392694 0.05554260 0.18629469 0.21920590 0.06742297 0.22808458 
419.00000000 0.10966323 0.13486628 0.05576472 0.18580881 0.21841230 0.06745400 0.22803066 
420.00000000 0.10978762 0.13578955 0.05599201 0.18536353 0.21757608 0.06746150 0.22802971 
421.00000000 0.10990252 0.13669167 0.05622849 0.18495827 0.21670163 0.06744632 0.22807110 
422.00000000 0.11001915 0.13756822 0.05647414 0.18459201 0.21579347 0.06741351 0.22813950 
423.00000000 0.11014931 0.13841417 0.05672412 0.18426651 0.21485934 0.06736976 0.22821678 
424.00000000 0.11030141 0.13922227 0.05697134 0.18398538 0.21391438 0.06732007 0.22828515 
425.00000000 0.11047810 0.13998310 0.05721051 0.18374999 0.21298266 0.06726616 0.22832948 
426.00000000 0.11067636 0.14068797 0.05744090 0.18355592 0.21209205 0.06720763 0.22833917 
427.00000000 0.11088945 0.14133301 0.05766563 0.18339342 0.21126314 0.06714503 0.22831031 
428.00000000 0.11110933 0.14192150 0.05788790 0.18325244 0.21049859 0.06708265 0.22824758 
429.00000000 0.11132846 0.14246236 0.05810664 0.18312886 0.20978039 0.06702888 0.22816441 
430.00000000 0.11154079 0.14296557 0.05831494 0.18302753 0.20907734 0.06699375 0.22808008 
431.00000000 0.11174168 0.14343729 0.05850259 0.18296062 0.20835829 0.06698498 0.22801455 
432.00000000 0.11192716 0.14387799 0.05866156 0.18294214 0.20760298 0.06700496 0.22798321 
433.00000000 0.11209254 0.14428549 0.05879094 0.18298118 0.20680574 0.06705010 0.22799400 
434.00000000 0.11223089 0.14466119 0.05889820 0.18307694 0.20597225 0.06711285 0.22804766 
435.00000000 0.11233242 0.14501504 0.05899534 0.18321829 0.20511423 0.06718504 0.22813964 
436.00000000 0.11238600 0.14536478 0.05909234 0.18338872 0.20424631 0.06726060 0.22826125 
437.00000000 0.11238312 0.14572912 0.05919190 0.18357367 0.20338656 0.06733655 0.22839909 
438.00000000 0.11232211 0.14611975 0.05928860 0.18376514 0.20255824 0.06741221 0.22853394 
439.00000000 0.11220948 0.14653860 0.05937275 0.18396095 0.20178879 0.06748758 0.22864186 
