0.00000000 0.00225937 0.01191697 0.76937613 0.00190601 0.00102365 0.20810004 0.00541781 
1.00000000 0.00225937 0.01191677 0.76937773 0.00190611 0.00102362 0.20809848 0.00541791 
2.00000000 0.00225941 0.01191635 0.76938784 0.00190651 0.00102362 0.20808797 0.00541830 
3.00000000 0.00225953 0.01191619 0.76941036 0.00190711 0.00102360 0.20806436 0.00541886 
4.00000000 0.00225983 0.01191664 0.76945194 0.00190800 0.00102361 0.20802071 0.00541926 
5.00000000 0.00226032 0.01191778 0.76950929 0.00190904 0.00102355 0.20796093 0.00541909 
6.00000000 0.00226102 0.01191949 0.76957963 0.00191021 0.00102338 0.20788816 0.00541810 
7.00000000 0.00226205 0.01192192 0.76966775 0.00191148 0.00102309 0.20779761 0.00541610 
8.00000000 0.00226364 0.01192572 0.76979115 0.00191299 0.00102281 0.20767077 0.00541293 
9.00000000 0.00226609 0.01193195 0.76997530 0.00191494 0.00102274 0.20748072 0.00540826 
10.00000000 0.00226961 0.01194143 0.77023781 0.00191758 0.00102305 0.20720880 0.00540173 
11.00000000 0.00227421 0.01195416 0.77057568 0.00192103 0.00102383 0.20685796 0.00539312 
12.00000000 0.00227968 0.01196928 0.77096343 0.00192523 0.00102510 0.20645465 0.00538262 
13.00000000 0.00228576 0.01198559 0.77136765 0.00193004 0.00102682 0.20603322 0.00537091 
14.00000000 0.00229234 0.01200254 0.77176831 0.00193531 0.00102906 0.20561354 0.00535890 
15.00000000 0.00229953 0.01202075 0.77217284 0.00194103 0.00103197 0.20518656 0.00534732 
16.00000000 0.00230767 0.01204183 0.77261188 0.00194733 0.00103578 0.20471918 0.00533632 
17.00000000 0.00231707 0.01206742 0.77311876 0.00195441 0.00104063 0.20417631 0.00532540 
18.00000000 0.00232787 0.01209807 0.77370644 0.00196237 0.00104650 0.20354505 0.00531369 
19.00000000 0.00233998 0.01213284 0.77435837 0.00197115 0.00105321 0.20284396 0.00530049 
20.00000000 0.00235320 0.01216988 0.77504011 0.00198054 0.00106057 0.20211002 0.00528567 
21.00000000 0.00236737 0.01220767 0.77572400 0.00199028 0.00106848 0.20137244 0.00526976 
22.00000000 0.00238252 0.01224608 0.77640880 0.00200021 0.00107700 0.20063185 0.00525354 
23.00000000 0.00239880 0.01228649 0.77711963 0.00201028 0.00108630 0.19986089 0.00523761 
24.00000000 0.00241644 0.01233087 0.77788715 0.00202051 0.00109652 0.19902647 0.00522203 
25.00000000 0.00243559 0.01238047 0.77872048 0.00203087 0.00110762 0.19811858 0.00520639 
26.00000000 0.00245636 0.01243502 0.77959352 0.00204117 0.00111938 0.19716443 0.00519012 
27.00000000 0.00247886 0.01249302 0.78045572 0.00205114 0.00113155 0.19621671 0.00517301 
28.00000000 0.00250327 0.01255291 0.78126125 0.00206055 0.00114402 0.19532266 0.00515534 
29.00000000 0.00252984 0.01261427 0.78199728 0.00206942 0.00115694 0.19449438 0.00513788 
30.00000000 0.00255878 0.01267815 0.78269189 0.00207810 0.00117063 0.19370104 0.00512142 
31.00000000 0.00259017 0.01274628 0.78339545 0.00208714 0.00118539 0.19288914 0.00510643 
32.00000000 0.00262390 0.01281969 0.78414673 0.00209712 0.00120131 0.19201841 0.00509285 
33.00000000 0.00265979 0.01289765 0.78494605 0.00210836 0.00121822 0.19108958 0.00508035 
34.00000000 0.00269772 0.01297785 0.78575320 0.00212088 0.00123584 0.19014565 0.00506885 
35.00000000 0.00273775 0.01305765 0.78651120 0.00213442 0.00125394 0.18924616 0.00505889 
36.00000000 0.00278005 0.01313555 0.78717947 0.00214860 0.00127254 0.18843218 0.00505162 
37.00000000 0.00282484 0.01321208 0.78775452 0.00216311 0.00129179 0.18770528 0.00504838 
38.00000000 0.00287230 0.01328929 0.78826558 0.00217781 0.00131179 0.18703322 0.00505001 
39.00000000 0.00292256 0.01336942 0.78874974 0.00219265 0.00133247 0.18637687 0.00505628 
40.00000000 0.00297578 0.01345338 0.78922465 0.00220766 0.00135355 0.18571902 0.00506596 
41.00000000 0.00303212 0.01354024 0.78967654 0.00222292 0.00137480 0.18507608 0.00507730 
42.00000000 0.00309164 0.01362784 0.79007022 0.00223858 0.00139626 0.18448653 0.00508894 
43.00000000 0.00315398 0.01371407 0.79037264 0.00225483 0.00141836 0.18398557 0.00510054 
44.00000000 0.00321833 0.01379799 0.79057355 0.00227193 0.00144179 0.18358356 0.00511285 
45.00000000 0.00328355 0.01387999 0.79068977 0.00229010 0.00146709 0.18326237 0.00512713 
46.00000000 0.00334853 0.01396104 0.79075048 0.00230939 0.00149436 0.18299177 0.00514443 
47.00000000 0.00341263 0.01404158 0.79077365 0.00232972 0.00152330 0.18275412 0.00516501 
48.00000000 0.00347600 0.01412100 0.79075026 0.00235085 0.00155342 0.18256005 0.00518841 
49.00000000 0.00353966 0.01419817 0.79064748 0.00237253 0.00158442 0.18244391 0.00521383 
50.00000000 0.00360510 0.01427260 0.79042871 0.00239452 0.00161635 0.18244200 0.00524072 
51.00000000 0.00367385 0.01434528 0.79007683 0.00241675 0.00164953 0.18256874 0.00526903 
52.00000000 0.00374690 0.01441863 0.78960537 0.00243927 0.00168423 0.18280645 0.00529916 
53.00000000 0.00382461 0.01449541 0.78905110 0.00246227 0.00172034 0.18311481 0.00533146 
54.00000000 0.00390676 0.01457741 0.78845342 0.00248607 0.00175738 0.18345320 0.00536575 
55.00000000 0.00399293 0.01466471 0.78783346 0.00251112 0.00179478 0.18380181 0.00540119 
56.00000000 0.00408286 0.01475612 0.78718501 0.00253800 0.00183232 0.18416919 0.00543650 
57.00000000 0.00417654 0.01485025 0.78648169 0.00256721 0.00187023 0.18458348 0.00547061 
58.00000000 0.00427406 0.01494657 0.78569351 0.00259893 0.00190905 0.18507489 0.00550298 
59.00000000 0.00437537 0.01504559 0.78480190 0.00263288 0.00194918 0.18566132 0.00553376 
60.00000000 0.00448017 0.01514831 0.78380486 0.00266830 0.00199048 0.18634441 0.00556347 
61.00000000 0.00458812 0.01525519 0.78271164 0.00270439 0.00203225 0.18711599 0.00559241 
62.00000000 0.00469911 0.01536563 0.78153280 0.00274062 0.00207374 0.18796777 0.00562033 
63.00000000 0.00481358 0.01547829 0.78027349 0.00277703 0.00211463 0.18889668 0.00564630 
64.00000000 0.00493235 0.01559199 0.77893399 0.00281414 0.00215541 0.18990297 0.00566914 
65.00000000 0.00505617 0.01570632 0.77751489 0.00285262 0.00219720 0.19098476 0.00568804 
66.00000000 0.00518510 0.01582157 0.77602165 0.00289290 0.00224115 0.19213467 0.00570296 
67.00000000 0.00531829 0.01593789 0.77446547 0.00293502 0.00228780 0.19334089 0.00571464 
68.00000000 0.00545410 0.01605464 0.77286075 0.00297858 0.00233678 0.19459098 0.00572416 
69.00000000 0.00559071 0.01617024 0.77122047 0.00302306 0.00238715 0.19587606 0.00573231 
70.00000000 0.00572685 0.01628309 0.76955138 0.00306804 0.00243815 0.19719329 0.00573920 
71.00000000 0.00586250 0.01639286 0.76785202 0.00311333 0.00248965 0.19854538 0.00574427 
72.00000000 0.00599882 0.01650134 0.76611434 0.00315879 0.00254223 0.19993784 0.00574665 
73.00000000 0.00613757 0.01661211 0.76432762 0.00320408 0.00259659 0.20137630 0.00574572 
74.00000000 0.00628027 0.01672921 0.76248230 0.00324852 0.00265297 0.20286528 0.00574145 
75.00000000 0.00642757 0.01685549 0.76057294 0.00329126 0.00271083 0.20440741 0.00573449 
76.00000000 0.00657921 0.01699178 0.75860018 0.00333178 0.00276932 0.20600197 0.00572576 
77.00000000 0.00673441 0.01713725 0.75657096 0.00337040 0.00282818 0.20764282 0.00571599 
78.00000000 0.00689244 0.01729062 0.75449703 0.00340841 0.00288834 0.20931771 0.00570546 
79.00000000 0.00705279 0.01745122 0.75239225 0.00344763 0.00295174 0.21101034 0.00569403 
80.00000000 0.00721485 0.01761901 0.75026920 0.00348965 0.00302035 0.21270543 0.00568151 
81.00000000 0.00737769 0.01779374 0.74813610 0.00353500 0.00309496 0.21439460 0.00566791 
82.00000000 0.00754003 0.01797384 0.74599563 0.00358310 0.00317463 0.21607913 0.00565364 
83.00000000 0.00770045 0.01815615 0.74384685 0.00363276 0.00325731 0.21776703 0.00563945 
84.00000000 0.00785779 0.01833686 0.74168931 0.00368310 0.00334112 0.21946576 0.00562605 
85.00000000 0.00801172 0.01851318 0.73952788 0.00373408 0.00342542 0.22117397 0.00561375 
86.00000000 0.00816277 0.01868474 0.73737574 0.00378645 0.00351102 0.22287705 0.00560223 
87.00000000 0.00831202 0.01885380 0.73525264 0.00384110 0.00359937 0.22455037 0.00559071 
88.00000000 0.00846037 0.01902383 0.73317641 0.00389832 0.00369142 0.22617111 0.00557854 
89.00000000 0.00860801 0.01919747 0.73115161 0.00395751 0.00378684 0.22773284 0.00556571 
90.00000000 0.00875423 0.01937504 0.72916293 0.00401746 0.00388411 0.22925318 0.00555305 
91.00000000 0.00889771 0.01955444 0.72717909 0.00407712 0.00398149 0.23076834 0.00554182 
92.00000000 0.00903706 0.01973262 0.72516585 0.00413629 0.00407820 0.23231694 0.00553305 
93.00000000 0.00917137 0.01990750 0.72310120 0.00419579 0.00417503 0.23392217 0.00552694 
94.00000000 0.00930053 0.02007917 0.72098439 0.00425687 0.00427378 0.23558254 0.00552271 
95.00000000 0.00942522 0.02024948 0.71883325 0.00432030 0.00437600 0.23727667 0.00551908 
96.00000000 0.00954657 0.02042058 0.71667176 0.00438569 0.00448183 0.23897850 0.00551506 
97.00000000 0.00966582 0.02059341 0.71451677 0.00445168 0.00458978 0.24067195 0.00551060 
98.00000000 0.00978386 0.02076714 0.71237367 0.00451669 0.00469770 0.24235431 0.00550663 
99.00000000 0.00990106 0.02094008 0.71024404 0.00458004 0.00480424 0.24402615 0.00550439 
100.00000000 0.01001742 0.02111121 0.70813887 0.00464241 0.00490980 0.24567565 0.00550464 
101.00000000 0.01013280 0.02128144 0.70608607 0.00470553 0.00501628 0.24727076 0.00550713 
102.00000000 0.01024710 0.02145349 0.70412408 0.00477109 0.00512584 0.24876764 0.00551077 
103.00000000 0.01036033 0.02163062 0.70228378 0.00483974 0.00523930 0.25013185 0.00551438 
104.00000000 0.01047272 0.02181508 0.70057050 0.00491069 0.00535540 0.25135825 0.00551735 
105.00000000 0.01058464 0.02200719 0.69895955 0.00498228 0.00547127 0.25247502 0.00552006 
106.00000000 0.01069633 0.02220566 0.69740986 0.00505305 0.00558403 0.25352749 0.00552359 
107.00000000 0.01080776 0.02240892 0.69588810 0.00512271 0.00569232 0.25455113 0.00552906 
108.00000000 0.01091858 0.02261646 0.69438779 0.00519210 0.00579675 0.25555127 0.00553705 
109.00000000 0.01102803 0.02282947 0.69293086 0.00526243 0.00589915 0.25650269 0.00554737 
110.00000000 0.01113503 0.02305019 0.69155119 0.00533425 0.00600114 0.25736876 0.00555944 
111.00000000 0.01123843 0.02328070 0.69027204 0.00540678 0.00610309 0.25812609 0.00557286 
112.00000000 0.01133733 0.02352163 0.68909327 0.00547826 0.00620402 0.25877768 0.00558781 
113.00000000 0.01143131 0.02377160 0.68799612 0.00554690 0.00630262 0.25934671 0.00560474 
114.00000000 0.01152044 0.02402759 0.68696016 0.00561197 0.00639844 0.25985750 0.00562391 
115.00000000 0.01160496 0.02428617 0.68597846 0.00567422 0.00649250 0.26031884 0.00564484 
116.00000000 0.01168507 0.02454473 0.68506023 0.00573540 0.00658685 0.26072127 0.00566646 
117.00000000 0.01176094 0.02480212 0.68422025 0.00579708 0.00668322 0.26104883 0.00568756 
118.00000000 0.01183322 0.02505851 0.68346425 0.00585964 0.00678179 0.26129508 0.00570751 
119.00000000 0.01190335 0.02531465 0.68278088 0.00592207 0.00688083 0.26147158 0.00572664 
120.00000000 0.01197326 0.02557110 0.68214638 0.00598268 0.00697772 0.26160260 0.00574626 
121.00000000 0.01204447 0.02582790 0.68153913 0.00604034 0.00707052 0.26170950 0.00576814 
122.00000000 0.01211723 0.02608476 0.68095339 0.00609536 0.00715929 0.26179602 0.00579395 
123.00000000 0.01219023 0.02634163 0.68040193 0.00614938 0.00724615 0.26184605 0.00582463 
124.00000000 0.01226106 0.02659917 0.67990535 0.00620439 0.00733419 0.26183564 0.00586021 
125.00000000 0.01232736 0.02685879 0.67947673 0.00626155 0.00742579 0.26174995 0.00589982 
126.00000000 0.01238809 0.02712234 0.67911314 0.00632052 0.00752138 0.26159250 0.00594203 
127.00000000 0.01244398 0.02739133 0.67879946 0.00637983 0.00761929 0.26138077 0.00598534 
128.00000000 0.01249695 0.02766621 0.67852089 0.00643794 0.00771701 0.26113232 0.00602867 
129.00000000 0.01254893 0.02794581 0.67827475 0.00649441 0.00781280 0.26085174 0.00607158 
130.00000000 0.01260066 0.02822749 0.67807366 0.00655008 0.00790670 0.26052706 0.00611434 
131.00000000 0.01265158 0.02850802 0.67793881 0.00660648 0.00800026 0.26013709 0.00615776 
132.00000000 0.01270063 0.02878468 0.67788916 0.00666460 0.00809511 0.25966301 0.00620281 
133.00000000 0.01274742 0.02905635 0.67793401 0.00672408 0.00819159 0.25909616 0.00625040 
134.00000000 0.01279279 0.02932367 0.67807310 0.00678325 0.00828833 0.25843772 0.00630114 
135.00000000 0.01283836 0.02958827 0.67830285 0.00684002 0.00838312 0.25769207 0.00635532 
136.00000000 0.01288536 0.02985132 0.67862293 0.00689302 0.00847445 0.25686012 0.00641280 
137.00000000 0.01293380 0.03011266 0.67903691 0.00694221 0.00856259 0.25593875 0.00647308 
138.00000000 0.01298243 0.03037098 0.67954583 0.00698868 0.00864941 0.25492728 0.00653539 
139.00000000 0.01302965 0.03062507 0.68014089 0.00703378 0.00873710 0.25383469 0.00659881 
140.00000000 0.01307468 0.03087533 0.68080346 0.00707827 0.00882658 0.25267927 0.00666241 
141.00000000 0.01311835 0.03112431 0.68151437 0.00712193 0.00891660 0.25147903 0.00672541 
142.00000000 0.01316268 0.03137592 0.68226651 0.00716399 0.00900438 0.25023927 0.00678725 
143.00000000 0.01320969 0.03163348 0.68307127 0.00720398 0.00908728 0.24894669 0.00684760 
144.00000000 0.01326003 0.03189795 0.68395326 0.00724239 0.00916457 0.24757560 0.00690620 
145.00000000 0.01331244 0.03216730 0.68493558 0.00728055 0.00923803 0.24610337 0.00696274 
146.00000000 0.01336433 0.03243747 0.68602459 0.00731994 0.00931097 0.24452602 0.00701668 
147.00000000 0.01341315 0.03270445 0.68720434 0.00736128 0.00938628 0.24286340 0.00706710 
148.00000000 0.01345775 0.03296598 0.68844424 0.00740410 0.00946470 0.24115048 0.00711275 
149.00000000 0.01349890 0.03322205 0.68971407 0.00744703 0.00954442 0.23942111 0.00715242 
150.00000000 0.01353873 0.03347371 0.69099535 0.00748869 0.00962224 0.23769577 0.00718551 
151.00000000 0.01357957 0.03372132 0.69228131 0.00752842 0.00969542 0.23598150 0.00721246 
152.00000000 0.01362293 0.03396330 0.69356675 0.00756655 0.00976305 0.23428238 0.00723503 
153.00000000 0.01366928 0.03419648 0.69483773 0.00760403 0.00982606 0.23261048 0.00725594 
154.00000000 0.01371859 0.03441779 0.69607112 0.00764170 0.00988606 0.23098666 0.00727809 
155.00000000 0.01377114 0.03462633 0.69724670 0.00767983 0.00994386 0.22942843 0.00730370 
156.00000000 0.01382786 0.03482446 0.69836263 0.00771817 0.00999894 0.22793424 0.00733369 
157.00000000 0.01388978 0.03501716 0.69944131 0.00775639 0.01004999 0.22647761 0.00736777 
158.00000000 0.01395705 0.03520992 0.70051856 0.00779452 0.01009638 0.22501861 0.00740496 
159.00000000 0.01402838 0.03540662 0.70162124 0.00783307 0.01013918 0.22352722 0.00744429 
160.00000000 0.01410130 0.03560850 0.70274745 0.00787263 0.01018102 0.22200401 0.00748509 
161.00000000 0.01417324 0.03581493 0.70386274 0.00791348 0.01022467 0.22048404 0.00752690 
162.00000000 0.01424284 0.03602527 0.70491611 0.00795532 0.01027135 0.21901991 0.00756920 
163.00000000 0.01431072 0.03624035 0.70586605 0.00799753 0.01031993 0.21765403 0.00761140 
164.00000000 0.01437916 0.03646259 0.70669998 0.00803957 0.01036748 0.21639798 0.00765324 
165.00000000 0.01445103 0.03669463 0.70743495 0.00808129 0.01041102 0.21523180 0.00769527 
166.00000000 0.01452838 0.03693747 0.70810060 0.00812303 0.01044914 0.21412247 0.00773891 
167.00000000 0.01461169 0.03718941 0.70871724 0.00816527 0.01048272 0.21304761 0.00778605 
168.00000000 0.01470003 0.03744661 0.70928405 0.00820834 0.01051420 0.21200853 0.00783824 
169.00000000 0.01479198 0.03770492 0.70978419 0.00825225 0.01054605 0.21102467 0.00789595 
170.00000000 0.01488657 0.03796177 0.71020158 0.00829686 0.01057951 0.21011530 0.00795841 
171.00000000 0.01498381 0.03821713 0.71053583 0.00834208 0.01061420 0.20928286 0.00802408 
172.00000000 0.01508431 0.03847285 0.71080390 0.00838795 0.01064886 0.20851065 0.00809149 
173.00000000 0.01518845 0.03873113 0.71102751 0.00843442 0.01068248 0.20777629 0.00815972 
174.00000000 0.01529579 0.03899308 0.71121567 0.00848109 0.01071523 0.20707061 0.00822854 
175.00000000 0.01540516 0.03925837 0.71135558 0.00852707 0.01074826 0.20640761 0.00829797 
176.00000000 0.01551521 0.03952605 0.71141933 0.00857127 0.01078287 0.20581726 0.00836801 
177.00000000 0.01562518 0.03979580 0.71138306 0.00861304 0.01081956 0.20532485 0.00843850 
178.00000000 0.01573506 0.04006862 0.71124627 0.00865273 0.01085760 0.20493044 0.00850928 
179.00000000 0.01584505 0.04034640 0.71103813 0.00869177 0.01089569 0.20460259 0.00858039 
180.00000000 0.01595460 0.04063072 0.71080571 0.00873212 0.01093301 0.20429168 0.00865215 
181.00000000 0.01606187 0.04092155 0.71059041 0.00877543 0.01097022 0.20395541 0.00872511 
182.00000000 0.01616414 0.04121677 0.71040697 0.00882236 0.01100931 0.20358065 0.00879980 
183.00000000 0.01625910 0.04151293 0.71023784 0.00887251 0.01105268 0.20318853 0.00887642 
184.00000000 0.01634600 0.04180678 0.71004586 0.00892503 0.01110173 0.20281989 0.00895471 
185.00000000 0.01642615 0.04209665 0.70979685 0.00897931 0.01115612 0.20251087 0.00903405 
186.00000000 0.01650231 0.04238274 0.70947780 0.00903549 0.01121410 0.20227399 0.00911358 
187.00000000 0.01657742 0.04266655 0.70910006 0.00909417 0.01127358 0.20209584 0.00919238 
188.00000000 0.01665354 0.04294974 0.70868746 0.00915571 0.01133343 0.20195063 0.00926948 
189.00000000 0.01673163 0.04323341 0.70825875 0.00921954 0.01139404 0.20181867 0.00934396 
190.00000000 0.01681189 0.04351813 0.70781716 0.00928409 0.01145703 0.20169659 0.00941512 
191.00000000 0.01689429 0.04380436 0.70735319 0.00934760 0.01152427 0.20159349 0.00948279 
192.00000000 0.01697871 0.04409283 0.70685666 0.00940919 0.01159690 0.20151830 0.00954741 
193.00000000 0.01706453 0.04438426 0.70632742 0.00946949 0.01167488 0.20146941 0.00961001 
194.00000000 0.01715032 0.04467871 0.70577647 0.00953036 0.01175727 0.20143513 0.00967174 
195.00000000 0.01723384 0.04497500 0.70521646 0.00959358 0.01184303 0.20140451 0.00973357 
196.00000000 0.01731290 0.04527058 0.70464887 0.00965965 0.01193170 0.20138025 0.00979604 
197.00000000 0.01738666 0.04556223 0.70405769 0.00972726 0.01202341 0.20138338 0.00985938 
198.00000000 0.01745619 0.04584719 0.70341502 0.00979405 0.01211846 0.20144542 0.00992366 
199.00000000 0.01752409 0.04612428 0.70269515 0.00985815 0.01221675 0.20159273 0.00998884 
200.00000000 0.01759319 0.04639415 0.70188806 0.00991939 0.01231755 0.20183314 0.01005451 
201.00000000 0.01766518 0.04665860 0.70100424 0.00997954 0.01241983 0.20215311 0.01011950 
202.00000000 0.01774014 0.04691944 0.70006839 0.01004118 0.01252275 0.20252632 0.01018177 
203.00000000 0.01781695 0.04717768 0.69910584 0.01010616 0.01262623 0.20292828 0.01023884 
204.00000000 0.01789459 0.04743344 0.69812979 0.01017453 0.01273114 0.20334789 0.01028862 
205.00000000 0.01797295 0.04768659 0.69713693 0.01024470 0.01283891 0.20378979 0.01033014 
206.00000000 0.01805274 0.04793741 0.69611298 0.01031468 0.01295085 0.20426758 0.01036375 
207.00000000 0.01813445 0.04818673 0.69504292 0.01038348 0.01306748 0.20479421 0.01039072 
208.00000000 0.01821736 0.04843533 0.69391877 0.01045167 0.01318812 0.20537633 0.01041243 
209.00000000 0.01829943 0.04868320 0.69274118 0.01052072 0.01331126 0.20601460 0.01042961 
210.00000000 0.01837839 0.04892940 0.69151596 0.01059158 0.01343512 0.20670723 0.01044232 
211.00000000 0.01845345 0.04917273 0.69025003 0.01066350 0.01355831 0.20745154 0.01045044 
212.00000000 0.01852629 0.04941293 0.68895099 0.01073401 0.01368030 0.20824107 0.01045441 
213.00000000 0.01860042 0.04965154 0.68763047 0.01080026 0.01380143 0.20906028 0.01045560 
214.00000000 0.01867923 0.04989156 0.68630702 0.01086076 0.01392250 0.20988287 0.01045607 
215.00000000 0.01876394 0.05013607 0.68500437 0.01091636 0.01404421 0.21067728 0.01045777 
216.00000000 0.01885278 0.05038657 0.68374495 0.01096997 0.01416665 0.21141729 0.01046178 
217.00000000 0.01894200 0.05064209 0.68254244 0.01102496 0.01428925 0.21209129 0.01046796 
218.00000000 0.01902818 0.05089958 0.68139784 0.01108344 0.01441125 0.21270443 0.01047528 
219.00000000 0.01911056 0.05115537 0.68030195 0.01114530 0.01453218 0.21327205 0.01048258 
220.00000000 0.01919180 0.05140671 0.67924327 0.01120874 0.01465215 0.21380809 0.01048924 
221.00000000 0.01927648 0.05165256 0.67821591 0.01127183 0.01477164 0.21431615 0.01049544 
222.00000000 0.01936856 0.05189343 0.67722184 0.01133396 0.01489118 0.21478924 0.01050180 
223.00000000 0.01946920 0.05213058 0.67626602 0.01139640 0.01501101 0.21521796 0.01050883 
224.00000000 0.01957667 0.05236538 0.67534885 0.01146139 0.01513088 0.21560044 0.01051638 
225.00000000 0.01968810 0.05259951 0.67446145 0.01153054 0.01525018 0.21594656 0.01052366 
226.00000000 0.01980190 0.05283564 0.67358723 0.01160357 0.01536830 0.21627361 0.01052975 
227.00000000 0.01991891 0.05307805 0.67270848 0.01167839 0.01548519 0.21659660 0.01053437 
228.00000000 0.02004155 0.05333236 0.67181316 0.01175240 0.01560158 0.21692070 0.01053824 
229.00000000 0.02017132 0.05360409 0.67089681 0.01182422 0.01571893 0.21724187 0.01054276 
230.00000000 0.02030677 0.05389679 0.66995829 0.01189457 0.01583886 0.21755548 0.01054925 
231.00000000 0.02044327 0.05421058 0.66899370 0.01196584 0.01596250 0.21786599 0.01055812 
232.00000000 0.02057498 0.05454210 0.66799395 0.01204052 0.01609022 0.21818953 0.01056869 
233.00000000 0.02069777 0.05488585 0.66694911 0.01211967 0.01622165 0.21854629 0.01057966 
234.00000000 0.02081127 0.05523609 0.66585709 0.01220224 0.01635628 0.21894704 0.01058998 
235.00000000 0.02091858 0.05558822 0.66473108 0.01228590 0.01649401 0.21938272 0.01059950 
236.00000000 0.02102394 0.05593888 0.66359906 0.01236855 0.01663549 0.21982504 0.01060905 
237.00000000 0.02112997 0.05628529 0.66249338 0.01244971 0.01678175 0.22023988 0.01062002 
238.00000000 0.02123641 0.05662451 0.66143555 0.01253072 0.01693335 0.22060575 0.01063371 
239.00000000 0.02134093 0.05695344 0.66042529 0.01261380 0.01708955 0.22092611 0.01065089 
240.00000000 0.02144141 0.05726981 0.65944064 0.01270056 0.01724813 0.22122788 0.01067157 
241.00000000 0.02153792 0.05757334 0.65844882 0.01279096 0.01740619 0.22154754 0.01069523 
242.00000000 0.02163331 0.05786613 0.65742157 0.01288335 0.01756140 0.22191326 0.01072099 
243.00000000 0.02173194 0.05815187 0.65634627 0.01297547 0.01771291 0.22233374 0.01074781 
244.00000000 0.02183751 0.05843416 0.65522692 0.01306583 0.01786141 0.22279952 0.01077466 
245.00000000 0.02195155 0.05871478 0.65407620 0.01315445 0.01800828 0.22329422 0.01080052 
246.00000000 0.02207320 0.05899294 0.65290603 0.01324250 0.01815437 0.22380635 0.01082460 
247.00000000 0.02220036 0.05926586 0.65172351 0.01333135 0.01829916 0.22433328 0.01084648 
248.00000000 0.02233128 0.05953027 0.65053404 0.01342147 0.01844098 0.22487568 0.01086628 
249.00000000 0.02246549 0.05978394 0.64934716 0.01351208 0.01857825 0.22542839 0.01088468 
250.00000000 0.02260350 0.06002641 0.64817877 0.01360161 0.01871088 0.22597598 0.01090285 
251.00000000 0.02274559 0.06025866 0.64704604 0.01368865 0.01884097 0.22649787 0.01092223 
252.00000000 0.02289077 0.06048209 0.64595723 0.01377279 0.01897218 0.22698062 0.01094433 
253.00000000 0.02303676 0.06069751 0.64490304 0.01385475 0.01910812 0.22742921 0.01097062 
254.00000000 0.02318080 0.06090504 0.64385668 0.01393578 0.01925082 0.22786859 0.01100230 
255.00000000 0.02332091 0.06110481 0.64278444 0.01401675 0.01940023 0.22833278 0.01104008 
256.00000000 0.02345668 0.06129813 0.64166189 0.01409742 0.01955490 0.22884710 0.01108388 
257.00000000 0.02358924 0.06148797 0.64048675 0.01417635 0.01971327 0.22941377 0.01113264 
258.00000000 0.02372028 0.06167829 0.63928078 0.01425148 0.01987465 0.23001002 0.01118449 
259.00000000 0.02385091 0.06187254 0.63807904 0.01432106 0.02003910 0.23060006 0.01123729 
260.00000000 0.02398114 0.06207234 0.63691311 0.01438440 0.02020640 0.23115328 0.01128934 
261.00000000 0.02411009 0.06227718 0.63579866 0.01444218 0.02037490 0.23165714 0.01133986 
262.00000000 0.02423696 0.06248530 0.63473445 0.01449611 0.02054129 0.23211714 0.01138874 
263.00000000 0.02436166 0.06269519 0.63371138 0.01454825 0.02070175 0.23254583 0.01143594 
264.00000000 0.02448496 0.06290678 0.63272386 0.01460023 0.02085378 0.23294963 0.01148077 
265.00000000 0.02460770 0.06312171 0.63177517 0.01465289 0.02099764 0.23332302 0.01152187 
266.00000000 0.02473018 0.06334252 0.63087382 0.01470632 0.02113622 0.23365325 0.01155769 
267.00000000 0.02485219 0.06357117 0.63002469 0.01476030 0.02127337 0.23393082 0.01158746 
268.00000000 0.02497383 0.06380759 0.62922304 0.01481474 0.02141184 0.23415727 0.01161169 
269.00000000 0.02509652 0.06404925 0.62845678 0.01486990 0.02155193 0.23434354 0.01163209 
270.00000000 0.02522324 0.06429202 0.62771629 0.01492617 0.02169150 0.23450003 0.01165076 
271.00000000 0.02535774 0.06453196 0.62700458 0.01498359 0.02182719 0.23462567 0.01166928 
272.00000000 0.02550284 0.06476700 0.62633957 0.01504136 0.02195596 0.23470502 0.01168825 
273.00000000 0.02565901 0.06499755 0.62574560 0.01509790 0.02207612 0.23471631 0.01170751 
274.00000000 0.02582414 0.06522572 0.62523914 0.01515146 0.02218745 0.23464536 0.01172672 
275.00000000 0.02599486 0.06545367 0.62481820 0.01520127 0.02229056 0.23449567 0.01174576 
276.00000000 0.02616832 0.06568221 0.62446278 0.01524834 0.02238605 0.23428752 0.01176478 
277.00000000 0.02634339 0.06591047 0.62414659 0.01529552 0.02247432 0.23404593 0.01178378 
278.00000000 0.02652024 0.06613681 0.62385217 0.01534659 0.02255610 0.23378570 0.01180238 
279.00000000 0.02669898 0.06636021 0.62357973 0.01540483 0.02263323 0.23350316 0.01181987 
280.00000000 0.02687845 0.06658084 0.62334430 0.01547183 0.02270889 0.23318007 0.01183563 
281.00000000 0.02705643 0.06679938 0.62316398 0.01554721 0.02278687 0.23279661 0.01184953 
282.00000000 0.02723134 0.06701534 0.62304705 0.01562939 0.02287018 0.23234463 0.01186206 
283.00000000 0.02740414 0.06722575 0.62298643 0.01571683 0.02295980 0.23183309 0.01187397 
284.00000000 0.02757887 0.06742517 0.62296418 0.01580904 0.02305433 0.23128266 0.01188575 
285.00000000 0.02776113 0.06760754 0.62296217 0.01590677 0.02315089 0.23071436 0.01189714 
286.00000000 0.02795504 0.06776887 0.62297045 0.01601112 0.02324664 0.23014063 0.01190725 
287.00000000 0.02816068 0.06790931 0.62298740 0.01612233 0.02334019 0.22956511 0.01191498 
288.00000000 0.02837350 0.06803342 0.62301220 0.01623914 0.02343220 0.22898997 0.01191959 
289.00000000 0.02858630 0.06814828 0.62303702 0.01635919 0.02352479 0.22842343 0.01192099 
290.00000000 0.02879255 0.06826042 0.62304624 0.01648036 0.02362037 0.22788042 0.01191964 
291.00000000 0.02898893 0.06837334 0.62302444 0.01660195 0.02372052 0.22737468 0.01191615 
292.00000000 0.02917574 0.06848690 0.62296751 0.01672486 0.02382570 0.22690811 0.01191119 
293.00000000 0.02935523 0.06859890 0.62288839 0.01685059 0.02393575 0.22646544 0.01190569 
294.00000000 0.02952949 0.06870752 0.62281221 0.01697965 0.02405060 0.22601939 0.01190115 
295.00000000 0.02969940 0.06881277 0.62276309 0.01711056 0.02417056 0.22554396 0.01189968 
296.00000000 0.02986544 0.06891617 0.62275089 0.01724027 0.02429611 0.22502763 0.01190350 
297.00000000 0.03002931 0.06901913 0.62276613 0.01736583 0.02442721 0.22447831 0.01191408 
298.00000000 0.03019501 0.06912139 0.62278616 0.01748615 0.02456277 0.22391706 0.01193147 
299.00000000 0.03036792 0.06922081 0.62278839 0.01760281 0.02470082 0.22336496 0.01195428 
300.00000000 0.03055233 0.06931490 0.62276222 0.01771939 0.02483941 0.22283141 0.01198034 
301.00000000 0.03074882 0.06940287 0.62271246 0.01783956 0.02497762 0.22231090 0.01200778 
302.00000000 0.03095322 0.06948693 0.62265341 0.01796528 0.02511607 0.22178940 0.01203569 
303.00000000 0.03115814 0.06957142 0.62259921 0.01809615 0.02525652 0.22125434 0.01206422 
304.00000000 0.03135647 0.06966018 0.62255786 0.01823004 0.02540075 0.22070083 0.01209387 
305.00000000 0.03154464 0.06975361 0.62253266 0.01836460 0.02554945 0.22013038 0.01212467 
306.00000000 0.03172375 0.06984763 0.62252805 0.01849839 0.02570180 0.21954466 0.01215572 
307.00000000 0.03189819 0.06993522 0.62255370 0.01863106 0.02585591 0.21894043 0.01218549 
308.00000000 0.03207257 0.07000995 0.62262204 0.01876242 0.02600985 0.21831056 0.01221262 
309.00000000 0.03224912 0.07006940 0.62274020 0.01889134 0.02616244 0.21765076 0.01223675 
310.00000000 0.03242697 0.07011631 0.62290201 0.01901557 0.02631349 0.21696685 0.01225880 
311.00000000 0.03260354 0.07015712 0.62308640 0.01913259 0.02646334 0.21627650 0.01228050 
312.00000000 0.03277673 0.07019882 0.62326454 0.01924108 0.02661208 0.21560316 0.01230359 
313.00000000 0.03294628 0.07024606 0.62341211 0.01934191 0.02675912 0.21496539 0.01232913 
314.00000000 0.03311346 0.07030016 0.62351921 0.01943794 0.02690353 0.21436833 0.01235738 
315.00000000 0.03327948 0.07036030 0.62359181 0.01953251 0.02704476 0.21380270 0.01238843 
316.00000000 0.03344423 0.07042578 0.62364445 0.01962776 0.02718333 0.21325163 0.01242283 
317.00000000 0.03360633 0.07049751 0.62368995 0.01972353 0.02732067 0.21270026 0.01246176 
318.00000000 0.03376480 0.07057764 0.62373315 0.01981777 0.02745850 0.21214171 0.01250642 
319.00000000 0.03392073 0.07066772 0.62377226 0.01990795 0.02759804 0.21157622 0.01255708 
320.00000000 0.03407762 0.07076695 0.62380566 0.01999255 0.02773953 0.21100536 0.01261233 
321.00000000 0.03423986 0.07087217 0.62383808 0.02007180 0.02788249 0.21042632 0.01266928 
322.00000000 0.03441019 0.07097974 0.62388114 0.02014723 0.02802619 0.20983091 0.01272459 
323.00000000 0.03458783 0.07108834 0.62394763 0.02022065 0.02817028 0.20920957 0.01277570 
324.00000000 0.03476847 0.07120050 0.62404449 0.02029334 0.02831480 0.20855673 0.01282167 
325.00000000 0.03494618 0.07132172 0.62416997 0.02036607 0.02845989 0.20787299 0.01286319 
326.00000000 0.03511603 0.07145744 0.62431728 0.02043982 0.02860542 0.20716212 0.01290189 
327.00000000 0.03527597 0.07160964 0.62448208 0.02051646 0.02875070 0.20642579 0.01293935 
328.00000000 0.03542682 0.07177513 0.62466772 0.02059865 0.02889475 0.20566057 0.01297636 
329.00000000 0.03557092 0.07194647 0.62488360 0.02068895 0.02903676 0.20486053 0.01301278 
330.00000000 0.03571064 0.07211501 0.62513706 0.02078845 0.02917676 0.20402426 0.01304782 
331.00000000 0.03584777 0.07227422 0.62542405 0.02089618 0.02931574 0.20316148 0.01308056 
332.00000000 0.03598394 0.07242150 0.62572552 0.02100952 0.02945533 0.20229379 0.01311040 
333.00000000 0.03612130 0.07255798 0.62601218 0.02112564 0.02959719 0.20144857 0.01313714 
334.00000000 0.03626246 0.07268683 0.62625518 0.02124276 0.02974236 0.20064943 0.01316098 
335.00000000 0.03640936 0.07281155 0.62643634 0.02136056 0.02989088 0.19990902 0.01318228 
336.00000000 0.03656192 0.07293500 0.62655226 0.02147954 0.03004173 0.19922800 0.01320155 
337.00000000 0.03671750 0.07305949 0.62661000 0.02159986 0.03019300 0.19860053 0.01321961 
338.00000000 0.03687193 0.07318736 0.62661806 0.02172071 0.03034213 0.19802201 0.01323780 
339.00000000 0.03702142 0.07332112 0.62657930 0.02184052 0.03048605 0.19749343 0.01325815 
340.00000000 0.03716439 0.07346277 0.62649064 0.02195789 0.03062142 0.19701976 0.01328314 
341.00000000 0.03730175 0.07361251 0.62634880 0.02207234 0.03074515 0.19660436 0.01331509 
342.00000000 0.03743579 0.07376773 0.62615708 0.02218436 0.03085517 0.19624449 0.01335538 
343.00000000 0.03756810 0.07392324 0.62592736 0.02229455 0.03095113 0.19593176 0.01340386 
344.00000000 0.03769840 0.07407291 0.62567510 0.02240267 0.03103454 0.19565747 0.01345891 
345.00000000 0.03782483 0.07421210 0.62541074 0.02250719 0.03110841 0.19541872 0.01351801 
346.00000000 0.03794554 0.07433962 0.62513379 0.02260602 0.03117630 0.19521998 0.01357874 
347.00000000 0.03806026 0.07445800 0.62483452 0.02269775 0.03124145 0.19506830 0.01363972 
348.00000000 0.03817064 0.07457209 0.62450206 0.02278274 0.03130624 0.19496527 0.01370097 
349.00000000 0.03827926 0.07468682 0.62413354 0.02286313 0.03137202 0.19490162 0.01376362 
350.00000000 0.03838805 0.07480526 0.62373838 0.02294186 0.03143911 0.19485831 0.01382904 
351.00000000 0.03849724 0.07492781 0.62333533 0.02302138 0.03150680 0.19481344 0.01389800 
352.00000000 0.03860568 0.07505254 0.62294433 0.02310280 0.03157341 0.19475077 0.01397047 
353.00000000 0.03871213 0.07517621 0.62257877 0.02318607 0.03163653 0.19466435 0.01404595 
354.00000000 0.03881663 0.07529530 0.62224296 0.02327085 0.03169365 0.19455656 0.01412404 
355.00000000 0.03892078 0.07540667 0.62193537 0.02335746 0.03174315 0.19443181 0.01420478 
356.00000000 0.03902669 0.07550789 0.62165400 0.02344707 0.03178516 0.19429083 0.01428835 
357.00000000 0.03913538 0.07559772 0.62139969 0.02354100 0.03182191 0.19412984 0.01437445 
358.00000000 0.03924550 0.07567656 0.62117525 0.02363954 0.03185708 0.19394431 0.01446176 
359.00000000 0.03935345 0.07574708 0.62098170 0.02374128 0.03189439 0.19373401 0.01454809 
360.00000000 0.03945494 0.07581418 0.62081484 0.02384355 0.03193631 0.19350509 0.01463110 
361.00000000 0.03954714 0.07588425 0.62066480 0.02394367 0.03198341 0.19326738 0.01470935 
362.00000000 0.03963017 0.07596342 0.62051901 0.02404041 0.03203493 0.19302915 0.01478291 
363.00000000 0.03970712 0.07605553 0.62036596 0.02413450 0.03208988 0.19279384 0.01485316 
364.00000000 0.03978279 0.07616082 0.62019701 0.02422791 0.03214806 0.19256152 0.01492189 
365.00000000 0.03986185 0.07627587 0.62000543 0.02432236 0.03221015 0.19233413 0.01499020 
366.00000000 0.03994760 0.07639486 0.61978377 0.02441815 0.03227703 0.19212052 0.01505808 
367.00000000 0.04004177 0.07651137 0.61952219 0.02451386 0.03234894 0.19193715 0.01512473 
368.00000000 0.04014536 0.07661986 0.61920963 0.02460729 0.03242517 0.19180325 0.01518944 
369.00000000 0.04025944 0.07671624 0.61883751 0.02469671 0.03250468 0.19173310 0.01525231 
370.00000000 0.04038525 0.07679775 0.61840330 0.02478178 0.03258722 0.19173040 0.01531430 
371.00000000 0.04052364 0.07686270 0.61791122 0.02486338 0.03267401 0.19178850 0.01537656 
372.00000000 0.04067417 0.07691071 0.61736975 0.02494272 0.03276740 0.19189575 0.01543951 
373.00000000 0.04083475 0.07694307 0.61678800 0.02502037 0.03286950 0.19204181 0.01550249 
374.00000000 0.04100212 0.07696282 0.61617360 0.02509597 0.03298072 0.19222059 0.01556417 
375.00000000 0.04117316 0.07697377 0.61553336 0.02516884 0.03309913 0.19242816 0.01562358 
376.00000000 0.04134633 0.07697879 0.61487551 0.02523916 0.03322126 0.19265801 0.01568095 
377.00000000 0.04152244 0.07697802 0.61421125 0.02530880 0.03334389 0.19289781 0.01573780 
378.00000000 0.04170429 0.07696842 0.61355336 0.02538110 0.03346585 0.19313092 0.01579606 
379.00000000 0.04189523 0.07694537 0.61291239 0.02545941 0.03358860 0.19334230 0.01585671 
380.00000000 0.04209743 0.07690560 0.61229295 0.02554515 0.03371523 0.19352464 0.01591900 
381.00000000 0.04231066 0.07684991 0.61169291 0.02563680 0.03384848 0.19368055 0.01598069 
382.00000000 0.04253240 0.07678391 0.61110641 0.02573025 0.03398901 0.19381879 0.01603923 
383.00000000 0.04275892 0.07671630 0.61052868 0.02582072 0.03413509 0.19394717 0.01609312 
384.00000000 0.04298661 0.07665562 0.60995946 0.02590495 0.03428368 0.19406716 0.01614251 
385.00000000 0.04321269 0.07660747 0.60940245 0.02598258 0.03443213 0.19417411 0.01618857 
386.00000000 0.04343513 0.07657357 0.60886135 0.02605580 0.03457916 0.19426290 0.01623208 
387.00000000 0.04365218 0.07655299 0.60833534 0.02612790 0.03472454 0.19433466 0.01627240 
388.00000000 0.04386204 0.07654409 0.60781723 0.02620154 0.03486792 0.19439962 0.01630756 
389.00000000 0.04406326 0.07654558 0.60729572 0.02627783 0.03500787 0.19447421 0.01633553 
390.00000000 0.04425544 0.07655592 0.60676041 0.02635664 0.03514190 0.19457395 0.01635574 
391.00000000 0.04443980 0.07657167 0.60620693 0.02643757 0.03526765 0.19470667 0.01636971 
392.00000000 0.04461878 0.07658650 0.60563918 0.02652082 0.03538453 0.19486988 0.01638032 
393.00000000 0.04479475 0.07659222 0.60506748 0.02660703 0.03549460 0.19505360 0.01639031 
394.00000000 0.04496852 0.07658189 0.60450408 0.02669649 0.03560200 0.19524616 0.01640085 
395.00000000 0.04513848 0.07655320 0.60395898 0.02678809 0.03571113 0.19543886 0.01641126 
396.00000000 0.04530103 0.07651000 0.60343872 0.02687913 0.03582473 0.19562647 0.01641992 
397.00000000 0.04545216 0.07646077 0.60294789 0.02696637 0.03594314 0.19580403 0.01642564 
398.00000000 0.04558921 0.07641455 0.60249145 0.02704765 0.03606515 0.19596328 0.01642871 
399.00000000 0.04571196 0.07637680 0.60207486 0.02712333 0.03618964 0.19609271 0.01643070 
400.00000000 0.04582260 0.07634748 0.60170143 0.02719641 0.03631696 0.19618182 0.01643330 
401.00000000 0.04592496 0.07632233 0.60136878 0.02727130 0.03644882 0.19622680 0.01643702 
402.00000000 0.04602338 0.07629654 0.60106710 0.02735171 0.03658705 0.19623354 0.01644068 
403.00000000 0.04612185 0.07626819 0.60078084 0.02743891 0.03673215 0.19621593 0.01644214 
404.00000000 0.04622336 0.07623964 0.60049315 0.02753124 0.03688270 0.19619022 0.01643971 
405.00000000 0.04632951 0.07621622 0.60019118 0.02762514 0.03703596 0.19616876 0.01643324 
406.00000000 0.04644022 0.07620352 0.59986974 0.02771697 0.03718920 0.19615610 0.01642425 
407.00000000 0.04655351 0.07620536 0.59953185 0.02780460 0.03734068 0.19614904 0.01641496 
408.00000000 0.04666569 0.07622349 0.59918631 0.02788796 0.03748990 0.19613965 0.01640699 
409.00000000 0.04677204 0.07625897 0.59884414 0.02796835 0.03763693 0.19611892 0.01640066 
410.00000000 0.04686812 0.07631360 0.59851538 0.02804723 0.03778172 0.19607896 0.01639499 
411.00000000 0.04695116 0.07639013 0.59820749 0.02812541 0.03792389 0.19601344 0.01638849 
412.00000000 0.04702104 0.07649084 0.59792507 0.02820298 0.03806315 0.19591712 0.01637979 
413.00000000 0.04708045 0.07661535 0.59767040 0.02827996 0.03820003 0.19578585 0.01636797 
414.00000000 0.04713415 0.07675914 0.59744410 0.02835700 0.03833602 0.19561717 0.01635242 
415.00000000 0.04718786 0.07691406 0.59724585 0.02843533 0.03847318 0.19541106 0.01633267 
416.00000000 0.04724694 0.07707081 0.59707503 0.02851600 0.03861313 0.19516968 0.01630841 
417.00000000 0.04731529 0.07722241 0.59693116 0.02859889 0.03875623 0.19489626 0.01627976 
418.00000000 0.04739444 0.07736652 0.59681381 0.02868225 0.03890146 0.19459407 0.01624745 
419.00000000 0.04748301 0.07750561 0.59672225 0.02876325 0.03904713 0.19426605 0.01621271 
420.00000000 0.04757692 0.07764472 0.59665489 0.02883940 0.03919187 0.19391533 0.01617688 
421.00000000 0.04767023 0.07778839 0.59660882 0.02890993 0.03933543 0.19354620 0.01614099 
422.00000000 0.04775674 0.07793848 0.59657945 0.02897632 0.03947879 0.19316464 0.01610559 
423.00000000 0.04783177 0.07809393 0.59656079 0.02904157 0.03962361 0.19277747 0.01607085 
424.00000000 0.04789367 0.07825223 0.59654618 0.02910866 0.03977161 0.19239067 0.01603697 
425.00000000 0.04794410 0.07841138 0.59652892 0.02917916 0.03992416 0.19200803 0.01600425 
426.00000000 0.04798725 0.07857105 0.59650184 0.02925262 0.04008241 0.19163191 0.01597292 
427.00000000 0.04802817 0.07873235 0.59645618 0.02932714 0.04024755 0.19126580 0.01594281 
428.00000000 0.04807113 0.07889674 0.59638117 0.02940048 0.04042078 0.19091649 0.01591320 
429.00000000 0.04811869 0.07906488 0.59626587 0.02947105 0.04060288 0.19059334 0.01588329 
430.00000000 0.04817161 0.07923646 0.59610307 0.02953815 0.04079356 0.19030412 0.01585304 
431.00000000 0.04822947 0.07941098 0.59589300 0.02960172 0.04099108 0.19004995 0.01582381 
432.00000000 0.04829127 0.07958903 0.59564410 0.02966180 0.04119245 0.18982312 0.01579822 
433.00000000 0.04835598 0.07977286 0.59536954 0.02971848 0.04139424 0.18960978 0.01577913 
434.00000000 0.04842272 0.07996573 0.59508142 0.02977213 0.04159371 0.18939600 0.01576828 
435.00000000 0.04849102 0.08017021 0.59478649 0.02982388 0.04178959 0.18917326 0.01576556 
436.00000000 0.04856107 0.08038650 0.59448599 0.02987557 0.04198202 0.18893965 0.01576920 
437.00000000 0.04863410 0.08061179 0.59417975 0.02992927 0.04217179 0.18869632 0.01577698 
438.00000000 0.04871235 0.08084109 0.59387149 0.02998629 0.04235929 0.18844187 0.01578762 
439.00000000 0.04879840 0.08106905 0.59357158 0.03004643 0.04254407 0.18816903 0.01580144 
