0.00000000 1.00000000 0.00000000 0.00000000 0.00000000 0.00000000 0.00000000 0.00000000 
1.00000000 0.99971313 0.00027283 0.00000108 0.00000124 0.00000159 0.00000666 0.00000348 
2.00000000 0.99885338 0.00109047 0.00000433 0.00000495 0.00000638 0.00002660 0.00001389 
3.00000000 0.99742326 0.00245040 0.00000987 0.00001115 0.00001440 0.00005974 0.00003119 
4.00000000 0.99542683 0.00434858 0.00001783 0.00001986 0.00002567 0.00010593 0.00005529 
5.00000000 0.99286969 0.00677943 0.00002844 0.00003112 0.00004028 0.00016497 0.00008607 
6.00000000 0.98975905 0.00973573 0.00004195 0.00004497 0.00005830 0.00023661 0.00012339 
7.00000000 0.98610395 0.01320849 0.00005871 0.00006145 0.00007981 0.00032052 0.00016707 
8.00000000 0.98191528 0.01718684 0.00007908 0.00008062 0.00010493 0.00041635 0.00021690 
9.00000000 0.97720555 0.02165833 0.00010350 0.00010255 0.00013377 0.00052367 0.00027264 
10.00000000 0.97198843 0.02660932 0.00013245 0.00012730 0.00016646 0.00064201 0.00033402 
11.00000000 0.96627831 0.03202551 0.00016642 0.00015497 0.00020315 0.00077088 0.00040076 
12.00000000 0.96009020 0.03789192 0.00020597 0.00018564 0.00024400 0.00090973 0.00047254 
13.00000000 0.95344028 0.04419250 0.00025167 0.00021939 0.00028914 0.00105798 0.00054903 
14.00000000 0.94634649 0.05090942 0.00030411 0.00025633 0.00033874 0.00121503 0.00062989 
15.00000000 0.93882882 0.05802280 0.00036392 0.00029654 0.00039296 0.00138021 0.00071474 
16.00000000 0.93090903 0.06551107 0.00043176 0.00034013 0.00045195 0.00155286 0.00080320 
17.00000000 0.92260958 0.07335192 0.00050826 0.00038719 0.00051586 0.00173228 0.00089490 
18.00000000 0.91395247 0.08152352 0.00059407 0.00043784 0.00058487 0.00191777 0.00098945 
19.00000000 0.90495858 0.09000518 0.00068981 0.00049219 0.00065913 0.00210865 0.00108645 
20.00000000 0.89564801 0.09877700 0.00079608 0.00055036 0.00073880 0.00230423 0.00118552 
21.00000000 0.88604132 0.10781864 0.00091349 0.00061245 0.00082403 0.00250383 0.00128625 
22.00000000 0.87616091 0.11710799 0.00104261 0.00067856 0.00091495 0.00270673 0.00138826 
23.00000000 0.86603149 0.12662068 0.00118404 0.00074878 0.00101168 0.00291220 0.00149113 
24.00000000 0.85567937 0.13633078 0.00133831 0.00082320 0.00111433 0.00311954 0.00159447 
25.00000000 0.84513089 0.14621233 0.00150594 0.00090189 0.00122301 0.00332803 0.00169790 
26.00000000 0.83441074 0.15624105 0.00168738 0.00098495 0.00133782 0.00353700 0.00180106 
27.00000000 0.82354116 0.16639508 0.00188303 0.00107246 0.00145883 0.00374583 0.00190360 
28.00000000 0.81254262 0.17665442 0.00209328 0.00116449 0.00158613 0.00395388 0.00200517 
29.00000000 0.80143557 0.18699911 0.00231846 0.00126112 0.00171975 0.00416054 0.00210545 
30.00000000 0.79024231 0.19740743 0.00255894 0.00136236 0.00185970 0.00436517 0.00220409 
31.00000000 0.77898768 0.20785520 0.00281501 0.00146824 0.00200596 0.00456713 0.00230077 
32.00000000 0.76769808 0.21831669 0.00308695 0.00157876 0.00215850 0.00476582 0.00239520 
33.00000000 0.75639942 0.22876670 0.00337492 0.00169389 0.00231725 0.00496070 0.00248712 
34.00000000 0.74511484 0.23918272 0.00367906 0.00181363 0.00248214 0.00515130 0.00257632 
35.00000000 0.73386365 0.24954607 0.00399941 0.00193798 0.00265307 0.00533721 0.00266261 
36.00000000 0.72266202 0.25984121 0.00433600 0.00206693 0.00282993 0.00551806 0.00274583 
37.00000000 0.71152513 0.27005365 0.00468885 0.00220043 0.00301258 0.00569351 0.00282584 
38.00000000 0.70046948 0.28016763 0.00505795 0.00233841 0.00320085 0.00586317 0.00290251 
39.00000000 0.68951391 0.29016516 0.00544322 0.00248076 0.00339452 0.00602672 0.00297570 
40.00000000 0.67867867 0.30002686 0.00584453 0.00262735 0.00359339 0.00618386 0.00304535 
41.00000000 0.66798319 0.30973415 0.00626159 0.00277803 0.00379723 0.00633437 0.00311144 
42.00000000 0.65744379 0.31927157 0.00669400 0.00293267 0.00400583 0.00647814 0.00317399 
43.00000000 0.64707262 0.32862776 0.00714132 0.00309115 0.00421897 0.00661511 0.00323307 
44.00000000 0.63687856 0.33779458 0.00760305 0.00325337 0.00443641 0.00674526 0.00328876 
45.00000000 0.62686957 0.34676489 0.00807876 0.00341917 0.00465791 0.00686856 0.00334114 
46.00000000 0.61705519 0.35553001 0.00856799 0.00358836 0.00488319 0.00698496 0.00339030 
47.00000000 0.60744775 0.36407855 0.00907028 0.00376070 0.00511196 0.00709443 0.00343633 
48.00000000 0.59806161 0.37239716 0.00958504 0.00393593 0.00534394 0.00719697 0.00347935 
49.00000000 0.58891107 0.38047258 0.01011155 0.00411378 0.00557883 0.00729266 0.00351953 
50.00000000 0.58000804 0.38829389 0.01064897 0.00429399 0.00581636 0.00738167 0.00355708 
51.00000000 0.57136083 0.39585369 0.01119641 0.00447635 0.00605623 0.00746424 0.00359225 
52.00000000 0.56297457 0.40314767 0.01175306 0.00466066 0.00629815 0.00754064 0.00362525 
53.00000000 0.55485320 0.41017265 0.01231822 0.00484667 0.00654179 0.00761115 0.00365632 
54.00000000 0.54700175 0.41692435 0.01289131 0.00503410 0.00678680 0.00767601 0.00368566 
55.00000000 0.53942769 0.42339611 0.01347174 0.00522262 0.00703286 0.00773549 0.00371350 
56.00000000 0.53214048 0.42957933 0.01405880 0.00541185 0.00727963 0.00778985 0.00374006 
57.00000000 0.52514968 0.43546540 0.01465165 0.00560143 0.00752680 0.00783943 0.00376561 
58.00000000 0.51846250 0.44104798 0.01524931 0.00579108 0.00777409 0.00788459 0.00379044 
59.00000000 0.51208230 0.44632451 0.01585080 0.00598054 0.00802120 0.00792579 0.00381486 
60.00000000 0.50600869 0.45129597 0.01645524 0.00616962 0.00826783 0.00796349 0.00383916 
61.00000000 0.50023940 0.45596510 0.01706197 0.00635810 0.00851367 0.00799815 0.00386361 
62.00000000 0.49477283 0.46033394 0.01767042 0.00654575 0.00875840 0.00803017 0.00388848 
63.00000000 0.48960987 0.46440207 0.01828006 0.00673228 0.00900177 0.00805991 0.00391403 
64.00000000 0.48475401 0.46816669 0.01889020 0.00691737 0.00924356 0.00808767 0.00394050 
65.00000000 0.48020954 0.47162427 0.01949996 0.00710076 0.00948356 0.00811372 0.00396819 
66.00000000 0.47597914 0.47477298 0.02010828 0.00728226 0.00972161 0.00813839 0.00399735 
67.00000000 0.47206190 0.47761440 0.02071411 0.00746177 0.00995750 0.00816204 0.00402827 
68.00000000 0.46845320 0.48015363 0.02131657 0.00763926 0.01019104 0.00818511 0.00406120 
69.00000000 0.46514637 0.48239753 0.02191505 0.00781468 0.01042200 0.00820799 0.00409637 
70.00000000 0.46213545 0.48435214 0.02250918 0.00798796 0.01065019 0.00823108 0.00413399 
71.00000000 0.45941748 0.48602053 0.02309867 0.00815896 0.01087544 0.00825465 0.00417427 
72.00000000 0.45699295 0.48740246 0.02368313 0.00832750 0.01109765 0.00827892 0.00421739 
73.00000000 0.45486426 0.48849597 0.02426198 0.00849347 0.01131672 0.00830408 0.00426351 
74.00000000 0.45303282 0.48930014 0.02483454 0.00865685 0.01153255 0.00833032 0.00431279 
75.00000000 0.45149644 0.48981743 0.02540016 0.00881768 0.01174501 0.00835792 0.00436536 
76.00000000 0.45024850 0.49005443 0.02595850 0.00897609 0.01195394 0.00838722 0.00442132 
77.00000000 0.44927927 0.49002048 0.02650959 0.00913219 0.01215913 0.00841859 0.00448076 
78.00000000 0.44857889 0.48972481 0.02705375 0.00928603 0.01236042 0.00845235 0.00454375 
79.00000000 0.44814025 0.48917400 0.02759142 0.00943758 0.01255769 0.00848873 0.00461034 
80.00000000 0.44796012 0.48837094 0.02812288 0.00958682 0.01275085 0.00852782 0.00468058 
81.00000000 0.44803779 0.48731627 0.02864819 0.00973377 0.01293984 0.00856964 0.00475450 
82.00000000 0.44837185 0.48601144 0.02916724 0.00987852 0.01312459 0.00861424 0.00483213 
83.00000000 0.44895694 0.48446168 0.02967992 0.01002128 0.01330499 0.00866172 0.00491347 
84.00000000 0.44978238 0.48267723 0.03018641 0.01016230 0.01348090 0.00871230 0.00499849 
85.00000000 0.45083349 0.48067198 0.03068716 0.01030183 0.01365218 0.00876620 0.00508716 
86.00000000 0.45209493 0.47846035 0.03118289 0.01044005 0.01381870 0.00882362 0.00517947 
87.00000000 0.45355430 0.47605396 0.03167428 0.01057707 0.01398037 0.00888463 0.00527540 
88.00000000 0.45520383 0.47346012 0.03216183 0.01071297 0.01413715 0.00894917 0.00537493 
89.00000000 0.45703933 0.47068289 0.03264568 0.01084791 0.01428899 0.00901713 0.00547806 
90.00000000 0.45905689 0.46772625 0.03312575 0.01098209 0.01443585 0.00908843 0.00558474 
91.00000000 0.46124932 0.46459739 0.03360187 0.01111582 0.01457763 0.00916308 0.00569489 
92.00000000 0.46360438 0.46130826 0.03407406 0.01124942 0.01471424 0.00924121 0.00580843 
93.00000000 0.46610594 0.45787448 0.03454260 0.01138319 0.01484559 0.00932294 0.00592526 
94.00000000 0.46873726 0.45431212 0.03500800 0.01151734 0.01497163 0.00940836 0.00604529 
95.00000000 0.47148467 0.45063433 0.03547077 0.01165201 0.01509234 0.00949743 0.00616845 
96.00000000 0.47433953 0.44684953 0.03593123 0.01178732 0.01520772 0.00959001 0.00629467 
97.00000000 0.47729731 0.44296230 0.03638942 0.01192341 0.01531776 0.00968592 0.00642389 
98.00000000 0.48035446 0.43897642 0.03684509 0.01206052 0.01542244 0.00978505 0.00655602 
99.00000000 0.48350475 0.43489826 0.03729798 0.01219894 0.01552174 0.00988740 0.00669094 
100.00000000 0.48673729 0.43073856 0.03774800 0.01233896 0.01561562 0.00999305 0.00682853 
101.00000000 0.49003736 0.42651158 0.03819539 0.01248084 0.01570410 0.01010208 0.00696865 
102.00000000 0.49338953 0.42223214 0.03864065 0.01262472 0.01578722 0.01021451 0.00711122 
103.00000000 0.49678126 0.41791224 0.03908433 0.01277070 0.01586504 0.01033025 0.00725617 
104.00000000 0.50020502 0.41355915 0.03952679 0.01291883 0.01593759 0.01044916 0.00740345 
105.00000000 0.50365767 0.40917602 0.03996807 0.01306916 0.01600490 0.01057112 0.00755306 
106.00000000 0.50713767 0.40476456 0.04040794 0.01322184 0.01606696 0.01069608 0.00770494 
107.00000000 0.51064167 0.40032827 0.04084613 0.01337703 0.01612375 0.01082411 0.00785904 
108.00000000 0.51416253 0.39587419 0.04128251 0.01353488 0.01617527 0.01095535 0.00801527 
109.00000000 0.51768990 0.39141237 0.04171720 0.01369551 0.01622159 0.01108990 0.00817353 
110.00000000 0.52121288 0.38695333 0.04215051 0.01385892 0.01626281 0.01122779 0.00833376 
111.00000000 0.52472319 0.38250514 0.04258271 0.01402505 0.01629908 0.01136891 0.00849592 
112.00000000 0.52821690 0.37807186 0.04301380 0.01419376 0.01633056 0.01151310 0.00866001 
113.00000000 0.53169398 0.37365400 0.04344345 0.01436491 0.01635744 0.01166020 0.00882602 
114.00000000 0.53515581 0.36925088 0.04387103 0.01453840 0.01637991 0.01181010 0.00899388 
115.00000000 0.53860221 0.36486343 0.04429577 0.01471412 0.01639817 0.01196278 0.00916352 
116.00000000 0.54202949 0.36049592 0.04471702 0.01489200 0.01641253 0.01211826 0.00933478 
117.00000000 0.54543065 0.35615572 0.04513433 0.01507194 0.01642334 0.01227650 0.00950752 
118.00000000 0.54879741 0.35185134 0.04554744 0.01525376 0.01643107 0.01243737 0.00968162 
119.00000000 0.55212269 0.34759014 0.04595610 0.01543721 0.01643622 0.01260064 0.00985700 
120.00000000 0.55540217 0.34337687 0.04635996 0.01562200 0.01643936 0.01276602 0.01003362 
121.00000000 0.55863412 0.33921394 0.04675844 0.01580783 0.01644102 0.01293321 0.01021145 
122.00000000 0.56181770 0.33510297 0.04715075 0.01599442 0.01644175 0.01310201 0.01039041 
123.00000000 0.56495075 0.33104690 0.04753607 0.01618156 0.01644204 0.01327227 0.01057041 
124.00000000 0.56802839 0.32705120 0.04791371 0.01636906 0.01644239 0.01344395 0.01075131 
125.00000000 0.57104307 0.32312363 0.04828322 0.01655674 0.01644334 0.01361699 0.01093302 
126.00000000 0.57398624 0.31927269 0.04864448 0.01674436 0.01644541 0.01379133 0.01111547 
127.00000000 0.57685039 0.31550573 0.04899751 0.01693164 0.01644919 0.01396684 0.01129870 
128.00000000 0.57963043 0.31182771 0.04934233 0.01711825 0.01645521 0.01414330 0.01148277 
129.00000000 0.58232386 0.30824122 0.04967880 0.01730388 0.01646400 0.01432050 0.01166775 
130.00000000 0.58492969 0.30474757 0.05000661 0.01748826 0.01647597 0.01449822 0.01185367 
131.00000000 0.58744700 0.30134813 0.05032533 0.01767121 0.01649150 0.01467631 0.01204052 
132.00000000 0.58987369 0.29804536 0.05063453 0.01785258 0.01651090 0.01485471 0.01222822 
133.00000000 0.59220638 0.29484278 0.05093396 0.01803222 0.01653452 0.01503347 0.01241667 
134.00000000 0.59444104 0.29174426 0.05122358 0.01820995 0.01656272 0.01521264 0.01260580 
135.00000000 0.59657409 0.28875306 0.05150349 0.01838557 0.01659594 0.01539225 0.01279560 
136.00000000 0.59860318 0.28587129 0.05177382 0.01855886 0.01663460 0.01557222 0.01298603 
137.00000000 0.60052725 0.28310001 0.05203458 0.01872965 0.01667913 0.01575234 0.01317705 
138.00000000 0.60234601 0.28043979 0.05228559 0.01889785 0.01672987 0.01593236 0.01336853 
139.00000000 0.60405908 0.27789151 0.05252651 0.01906347 0.01678711 0.01611206 0.01356025 
140.00000000 0.60566514 0.27545693 0.05275697 0.01922656 0.01685113 0.01629135 0.01375192 
141.00000000 0.60716158 0.27313883 0.05297668 0.01938713 0.01692220 0.01647036 0.01394323 
142.00000000 0.60854459 0.27094076 0.05318562 0.01954516 0.01700069 0.01664930 0.01413388 
143.00000000 0.60980973 0.26886663 0.05338401 0.01970057 0.01708700 0.01682841 0.01432365 
144.00000000 0.61095262 0.26692018 0.05357225 0.01985330 0.01718155 0.01700777 0.01451232 
145.00000000 0.61196962 0.26510462 0.05375077 0.02000338 0.01728471 0.01718724 0.01469967 
146.00000000 0.61285813 0.26342238 0.05391992 0.02015094 0.01739670 0.01736651 0.01488542 
147.00000000 0.61361654 0.26187515 0.05407991 0.02029625 0.01751761 0.01754531 0.01506923 
148.00000000 0.61424389 0.26046393 0.05423088 0.02043958 0.01764744 0.01772355 0.01525073 
149.00000000 0.61473953 0.25918919 0.05437301 0.02058116 0.01778615 0.01790140 0.01542955 
150.00000000 0.61510278 0.25805104 0.05450666 0.02072120 0.01793368 0.01807928 0.01560537 
151.00000000 0.61533294 0.25704935 0.05463234 0.02085984 0.01808999 0.01825760 0.01577792 
152.00000000 0.61542961 0.25618372 0.05475072 0.02099733 0.01825502 0.01843659 0.01594701 
153.00000000 0.61539309 0.25545328 0.05486244 0.02113403 0.01842854 0.01861619 0.01611244 
154.00000000 0.61522476 0.25485650 0.05496802 0.02127043 0.01861021 0.01879610 0.01627397 
155.00000000 0.61492727 0.25439085 0.05506783 0.02140713 0.01879951 0.01897606 0.01643135 
156.00000000 0.61450433 0.25405275 0.05516205 0.02154467 0.01899583 0.01915602 0.01658434 
157.00000000 0.61396020 0.25383787 0.05525082 0.02168354 0.01919854 0.01933632 0.01673271 
158.00000000 0.61329890 0.25374179 0.05533428 0.02182414 0.01940707 0.01951753 0.01687628 
159.00000000 0.61252352 0.25376083 0.05541269 0.02196678 0.01962094 0.01970024 0.01701498 
160.00000000 0.61163601 0.25389256 0.05548638 0.02211178 0.01983972 0.01988478 0.01714877 
161.00000000 0.61063753 0.25413555 0.05555574 0.02225944 0.02006298 0.02007112 0.01727763 
162.00000000 0.60952932 0.25448865 0.05562114 0.02241008 0.02029028 0.02025896 0.01740157 
163.00000000 0.60831349 0.25495001 0.05568290 0.02256392 0.02052112 0.02044797 0.01752059 
164.00000000 0.60699338 0.25551643 0.05574126 0.02272116 0.02075500 0.02063803 0.01763474 
165.00000000 0.60557323 0.25618354 0.05579641 0.02288190 0.02099147 0.02082936 0.01774411 
166.00000000 0.60405736 0.25694655 0.05584853 0.02304618 0.02123015 0.02102237 0.01784886 
167.00000000 0.60244936 0.25780123 0.05589795 0.02321403 0.02147078 0.02121743 0.01794922 
168.00000000 0.60075192 0.25874430 0.05594510 0.02338544 0.02171321 0.02141459 0.01804545 
169.00000000 0.59896736 0.25977310 0.05599060 0.02356037 0.02195731 0.02161347 0.01813781 
170.00000000 0.59709861 0.26088459 0.05603509 0.02373873 0.02220296 0.02181344 0.01822658 
171.00000000 0.59515013 0.26207437 0.05607923 0.02392043 0.02244998 0.02201384 0.01831203 
172.00000000 0.59312809 0.26333620 0.05612353 0.02410538 0.02269810 0.02221426 0.01839445 
173.00000000 0.59103995 0.26466243 0.05616835 0.02429361 0.02294695 0.02241459 0.01847412 
174.00000000 0.58889331 0.26604511 0.05621390 0.02448527 0.02319616 0.02261491 0.01855135 
175.00000000 0.58669499 0.26747710 0.05626033 0.02468059 0.02344538 0.02281521 0.01862642 
176.00000000 0.58445058 0.26895272 0.05630777 0.02487975 0.02369438 0.02301521 0.01869959 
177.00000000 0.58216487 0.27046750 0.05635637 0.02508284 0.02394300 0.02321431 0.01877110 
178.00000000 0.57984256 0.27201735 0.05640626 0.02528976 0.02419119 0.02341171 0.01884118 
179.00000000 0.57748890 0.27359775 0.05645752 0.02550027 0.02443885 0.02360669 0.01891002 
180.00000000 0.57510976 0.27520354 0.05651005 0.02571418 0.02468584 0.02379880 0.01897784 
181.00000000 0.57271101 0.27682938 0.05656357 0.02593142 0.02493188 0.02398792 0.01904482 
182.00000000 0.57029763 0.27847070 0.05661766 0.02615212 0.02517667 0.02417408 0.01911114 
183.00000000 0.56787303 0.28012449 0.05667177 0.02637654 0.02541998 0.02435726 0.01917694 
184.00000000 0.56543908 0.28178935 0.05672544 0.02660480 0.02566177 0.02453720 0.01924236 
185.00000000 0.56299683 0.28346489 0.05677830 0.02683681 0.02590224 0.02471340 0.01930752 
186.00000000 0.56054733 0.28515072 0.05683024 0.02707210 0.02614183 0.02488522 0.01937256 
187.00000000 0.55809220 0.28684576 0.05688127 0.02731003 0.02638100 0.02505209 0.01943765 
188.00000000 0.55563341 0.28854830 0.05693150 0.02754998 0.02662019 0.02521365 0.01950296 
189.00000000 0.55317278 0.29025657 0.05698100 0.02779163 0.02685963 0.02536975 0.01956864 
190.00000000 0.55071123 0.29196947 0.05702971 0.02803498 0.02709940 0.02552039 0.01963481 
191.00000000 0.54824863 0.29368695 0.05707756 0.02828029 0.02733952 0.02566548 0.01970158 
192.00000000 0.54578424 0.29540959 0.05712449 0.02852774 0.02758015 0.02580477 0.01976902 
193.00000000 0.54331762 0.29713778 0.05717060 0.02877729 0.02782162 0.02593785 0.01983724 
194.00000000 0.54084938 0.29887082 0.05721620 0.02902852 0.02806448 0.02606423 0.01990638 
195.00000000 0.53838142 0.30060666 0.05726173 0.02928079 0.02830929 0.02618350 0.01997660 
196.00000000 0.53591644 0.30234236 0.05730766 0.02953356 0.02855646 0.02629543 0.02004808 
197.00000000 0.53345702 0.30407503 0.05735428 0.02978658 0.02880613 0.02640001 0.02012095 
198.00000000 0.53100481 0.30580269 0.05740170 0.03003999 0.02905808 0.02649738 0.02019535 
199.00000000 0.52856026 0.30752465 0.05744986 0.03029422 0.02931190 0.02658777 0.02027134 
200.00000000 0.52612315 0.30924094 0.05749866 0.03054964 0.02956722 0.02667138 0.02034902 
201.00000000 0.52369352 0.31095135 0.05754810 0.03080633 0.02982383 0.02674837 0.02042849 
202.00000000 0.52127261 0.31265448 0.05759838 0.03106398 0.03008179 0.02681888 0.02050989 
203.00000000 0.51886297 0.31434747 0.05764980 0.03132197 0.03034129 0.02688313 0.02059336 
204.00000000 0.51646796 0.31602672 0.05770268 0.03157968 0.03060249 0.02694144 0.02067903 
205.00000000 0.51409058 0.31768892 0.05775720 0.03183674 0.03086532 0.02699426 0.02076699 
206.00000000 0.51173254 0.31933214 0.05781333 0.03209313 0.03112938 0.02704219 0.02085729 
207.00000000 0.50939401 0.32095603 0.05787096 0.03234909 0.03139409 0.02708587 0.02094996 
208.00000000 0.50707426 0.32256111 0.05792997 0.03260486 0.03165889 0.02712594 0.02104497 
209.00000000 0.50477294 0.32414748 0.05799044 0.03286043 0.03192349 0.02716291 0.02114231 
210.00000000 0.50249114 0.32571376 0.05805260 0.03311541 0.03218796 0.02719720 0.02124193 
211.00000000 0.50023184 0.32725675 0.05811681 0.03336912 0.03245267 0.02722905 0.02134376 
212.00000000 0.49799936 0.32877207 0.05818332 0.03362084 0.03271803 0.02725868 0.02144771 
213.00000000 0.49579823 0.33025541 0.05825213 0.03387003 0.03298430 0.02728628 0.02155362 
214.00000000 0.49363212 0.33170354 0.05832300 0.03411650 0.03325140 0.02731210 0.02166136 
215.00000000 0.49150335 0.33311472 0.05839551 0.03436028 0.03351896 0.02733644 0.02177075 
216.00000000 0.48941330 0.33448812 0.05846932 0.03460150 0.03378654 0.02735958 0.02188165 
217.00000000 0.48736337 0.33582279 0.05854421 0.03484013 0.03405387 0.02738171 0.02199393 
218.00000000 0.48535600 0.33711671 0.05862018 0.03507585 0.03432096 0.02740284 0.02210745 
219.00000000 0.48339512 0.33836641 0.05869725 0.03530811 0.03458811 0.02742287 0.02222212 
220.00000000 0.48148591 0.33956743 0.05877528 0.03553632 0.03485564 0.02744159 0.02233783 
221.00000000 0.47963388 0.34071529 0.05885384 0.03575999 0.03512364 0.02745886 0.02245451 
222.00000000 0.47784376 0.34180646 0.05893223 0.03597891 0.03539185 0.02747466 0.02257214 
223.00000000 0.47611877 0.34283895 0.05900968 0.03619313 0.03565960 0.02748917 0.02269070 
224.00000000 0.47446047 0.34381214 0.05908556 0.03640286 0.03592612 0.02750265 0.02281021 
225.00000000 0.47286939 0.34472606 0.05915952 0.03660824 0.03619069 0.02751539 0.02293071 
226.00000000 0.47134603 0.34558050 0.05923144 0.03680926 0.03645292 0.02752760 0.02305225 
227.00000000 0.46989174 0.34637433 0.05930127 0.03700573 0.03671271 0.02753937 0.02317485 
228.00000000 0.46850904 0.34710541 0.05936879 0.03719732 0.03697010 0.02755076 0.02329858 
229.00000000 0.46720129 0.34777109 0.05943345 0.03738379 0.03722503 0.02756188 0.02342346 
230.00000000 0.46597164 0.34836914 0.05949442 0.03756508 0.03747717 0.02757303 0.02354952 
231.00000000 0.46482199 0.34889850 0.05955077 0.03774132 0.03772594 0.02758472 0.02367677 
232.00000000 0.46375239 0.34935971 0.05960171 0.03791281 0.03797061 0.02759761 0.02380517 
233.00000000 0.46276126 0.34975453 0.05964673 0.03807987 0.03821058 0.02761236 0.02393467 
234.00000000 0.46184639 0.35008510 0.05968557 0.03824270 0.03844551 0.02762951 0.02406521 
235.00000000 0.46100611 0.35035296 0.05971806 0.03840139 0.03867537 0.02764937 0.02419674 
236.00000000 0.46024024 0.35055840 0.05974384 0.03855588 0.03890031 0.02767209 0.02432924 
237.00000000 0.45954999 0.35070065 0.05976232 0.03870612 0.03912045 0.02769782 0.02446266 
238.00000000 0.45893700 0.35077868 0.05977270 0.03885219 0.03933564 0.02772681 0.02459697 
239.00000000 0.45840190 0.35079246 0.05977422 0.03899430 0.03954549 0.02775955 0.02473208 
240.00000000 0.45794324 0.35074368 0.05976634 0.03913286 0.03974933 0.02779667 0.02486788 
241.00000000 0.45755729 0.35063584 0.05974898 0.03926838 0.03994650 0.02783879 0.02500422 
242.00000000 0.45723907 0.35047337 0.05972238 0.03940136 0.04013649 0.02788636 0.02514097 
243.00000000 0.45698384 0.35026028 0.05968697 0.03953222 0.04031901 0.02793961 0.02527807 
244.00000000 0.45678854 0.34999905 0.05964314 0.03966128 0.04049398 0.02799852 0.02541550 
245.00000000 0.45665216 0.34969030 0.05959108 0.03978877 0.04066138 0.02806305 0.02555326 
246.00000000 0.45657495 0.34933351 0.05953093 0.03991493 0.04082101 0.02813330 0.02569137 
247.00000000 0.45655683 0.34892841 0.05946289 0.04004012 0.04097245 0.02820959 0.02582973 
248.00000000 0.45659591 0.34847614 0.05938747 0.04016481 0.04111505 0.02829243 0.02596819 
249.00000000 0.45668807 0.34797976 0.05930559 0.04028960 0.04124811 0.02838241 0.02610647 
250.00000000 0.45682768 0.34744351 0.05921841 0.04041509 0.04137110 0.02847991 0.02624429 
251.00000000 0.45700932 0.34687141 0.05912723 0.04054177 0.04148376 0.02858509 0.02638142 
252.00000000 0.45722944 0.34626574 0.05903319 0.04066992 0.04158619 0.02869785 0.02651767 
253.00000000 0.45748711 0.34562639 0.05893728 0.04079968 0.04167866 0.02881800 0.02665288 
254.00000000 0.45778328 0.34495147 0.05884037 0.04093113 0.04176144 0.02894540 0.02678691 
255.00000000 0.45811909 0.34423888 0.05874336 0.04106440 0.04183463 0.02908014 0.02691949 
256.00000000 0.45849411 0.34348786 0.05864734 0.04119981 0.04189811 0.02922247 0.02705030 
257.00000000 0.45890552 0.34269982 0.05855363 0.04133784 0.04195161 0.02937266 0.02717893 
258.00000000 0.45934865 0.34187788 0.05846363 0.04147904 0.04199495 0.02953086 0.02730500 
259.00000000 0.45981871 0.34102532 0.05837870 0.04162388 0.04202819 0.02969696 0.02742823 
260.00000000 0.46031260 0.34014395 0.05829995 0.04177274 0.04205170 0.02987058 0.02754849 
261.00000000 0.46082980 0.33923320 0.05822821 0.04192585 0.04206606 0.03005118 0.02766570 
262.00000000 0.46137194 0.33829052 0.05816411 0.04208347 0.04207188 0.03023825 0.02777983 
263.00000000 0.46194117 0.33731289 0.05810822 0.04224596 0.04206952 0.03043142 0.02789082 
264.00000000 0.46253829 0.33629845 0.05806126 0.04241389 0.04205907 0.03063053 0.02799852 
265.00000000 0.46316172 0.33524760 0.05802408 0.04258802 0.04204033 0.03083555 0.02810271 
266.00000000 0.46380775 0.33416274 0.05799763 0.04276918 0.04201310 0.03104638 0.02820321 
267.00000000 0.46447195 0.33304707 0.05798280 0.04295816 0.04197732 0.03126278 0.02829992 
268.00000000 0.46515087 0.33190297 0.05798024 0.04315556 0.04193329 0.03148424 0.02839282 
269.00000000 0.46584309 0.33073100 0.05799038 0.04336181 0.04188159 0.03171013 0.02848199 
270.00000000 0.46654917 0.32952994 0.05801352 0.04357715 0.04182292 0.03193978 0.02856752 
271.00000000 0.46727030 0.32829795 0.05805002 0.04380173 0.04175790 0.03217264 0.02864945 
272.00000000 0.46800674 0.32703411 0.05810044 0.04403567 0.04168691 0.03240838 0.02872776 
273.00000000 0.46875663 0.32573945 0.05816555 0.04427906 0.04161010 0.03264681 0.02880238 
274.00000000 0.46951599 0.32441712 0.05824627 0.04453196 0.04152757 0.03288776 0.02887332 
275.00000000 0.47027979 0.32307135 0.05834343 0.04479423 0.04143959 0.03313093 0.02894070 
276.00000000 0.47104348 0.32170611 0.05845757 0.04506553 0.04134673 0.03337580 0.02900478 
277.00000000 0.47180420 0.32032401 0.05858896 0.04534524 0.04124996 0.03362166 0.02906597 
278.00000000 0.47256104 0.31892601 0.05873758 0.04563242 0.04115048 0.03386772 0.02912474 
279.00000000 0.47331426 0.31751213 0.05890334 0.04592600 0.04104950 0.03411325 0.02918152 
280.00000000 0.47406392 0.31608265 0.05908617 0.04622481 0.04094806 0.03435765 0.02923673 
281.00000000 0.47480875 0.31463923 0.05928610 0.04652775 0.04084689 0.03460051 0.02929078 
282.00000000 0.47554570 0.31318521 0.05950321 0.04683381 0.04074649 0.03484148 0.02934410 
283.00000000 0.47627053 0.31172523 0.05973744 0.04714206 0.04064733 0.03508017 0.02939723 
284.00000000 0.47697888 0.31026422 0.05998844 0.04745156 0.04055007 0.03531601 0.02945080 
285.00000000 0.47766739 0.30880641 0.06025550 0.04776132 0.04045565 0.03554825 0.02950548 
286.00000000 0.47833420 0.30735485 0.06053757 0.04807018 0.04036526 0.03577607 0.02956187 
287.00000000 0.47897869 0.30591158 0.06083351 0.04837697 0.04028013 0.03599863 0.02962048 
288.00000000 0.47960039 0.30447855 0.06114225 0.04868048 0.04020135 0.03621529 0.02968169 
289.00000000 0.48019782 0.30305851 0.06146296 0.04897970 0.04012964 0.03642554 0.02974582 
290.00000000 0.48076788 0.30165574 0.06179501 0.04927378 0.04006539 0.03662901 0.02981319 
291.00000000 0.48130601 0.30027578 0.06213782 0.04956210 0.04000884 0.03682534 0.02988411 
292.00000000 0.48180719 0.29892474 0.06249063 0.04984412 0.03996029 0.03701408 0.02995895 
293.00000000 0.48226721 0.29760809 0.06285239 0.05011934 0.03992025 0.03719468 0.03003805 
294.00000000 0.48268356 0.29632985 0.06322178 0.05038714 0.03988951 0.03736650 0.03012165 
295.00000000 0.48305550 0.29509248 0.06359735 0.05064682 0.03986896 0.03752895 0.03020993 
296.00000000 0.48338316 0.29389748 0.06397777 0.05089761 0.03985940 0.03768161 0.03030298 
297.00000000 0.48366640 0.29274648 0.06436194 0.05113874 0.03986131 0.03782427 0.03040086 
298.00000000 0.48390399 0.29164190 0.06474909 0.05136958 0.03987482 0.03795693 0.03050369 
299.00000000 0.48409360 0.29058700 0.06513857 0.05158967 0.03989983 0.03807971 0.03061162 
300.00000000 0.48423283 0.28958504 0.06552971 0.05179865 0.03993617 0.03819274 0.03072486 
301.00000000 0.48432039 0.28863827 0.06592161 0.05199625 0.03998385 0.03829605 0.03084358 
302.00000000 0.48435695 0.28774715 0.06631312 0.05218215 0.04004315 0.03838959 0.03096789 
303.00000000 0.48434503 0.28691042 0.06670295 0.05235599 0.04011449 0.03847330 0.03109781 
304.00000000 0.48428799 0.28612591 0.06708991 0.05251739 0.04019827 0.03854723 0.03123330 
305.00000000 0.48418867 0.28539169 0.06747307 0.05266601 0.04029468 0.03861160 0.03137428 
306.00000000 0.48404851 0.28470688 0.06785187 0.05280166 0.04040358 0.03866676 0.03152075 
307.00000000 0.48386759 0.28407166 0.06822604 0.05292431 0.04052459 0.03871308 0.03167272 
308.00000000 0.48364552 0.28348657 0.06859539 0.05303415 0.04065727 0.03875087 0.03183022 
309.00000000 0.48338260 0.28295157 0.06895963 0.05313150 0.04080127 0.03878022 0.03199321 
310.00000000 0.48308058 0.28246537 0.06931818 0.05321683 0.04095648 0.03880105 0.03216151 
311.00000000 0.48274261 0.28202546 0.06967024 0.05329068 0.04112298 0.03881318 0.03233485 
312.00000000 0.48237227 0.28162888 0.07001493 0.05335369 0.04130087 0.03881644 0.03251292 
313.00000000 0.48197246 0.28127321 0.07035148 0.05340656 0.04149014 0.03881077 0.03269538 
314.00000000 0.48154453 0.28095725 0.07067943 0.05345006 0.04169049 0.03879623 0.03288201 
315.00000000 0.48108834 0.28068110 0.07099862 0.05348500 0.04190138 0.03877297 0.03307259 
316.00000000 0.48060313 0.28044535 0.07130906 0.05351229 0.04212215 0.03874110 0.03326693 
317.00000000 0.48008883 0.28025008 0.07161069 0.05353292 0.04235211 0.03870065 0.03346472 
318.00000000 0.47954694 0.28009399 0.07190321 0.05354801 0.04259070 0.03865160 0.03366555 
319.00000000 0.47898065 0.27997419 0.07218606 0.05355883 0.04283748 0.03859388 0.03386892 
320.00000000 0.47839407 0.27988681 0.07245851 0.05356672 0.04309203 0.03852755 0.03407431 
321.00000000 0.47779092 0.27982808 0.07271996 0.05357304 0.04335391 0.03845286 0.03428124 
322.00000000 0.47717343 0.27979534 0.07297011 0.05357901 0.04362249 0.03837026 0.03448936 
323.00000000 0.47654210 0.27978732 0.07320910 0.05358572 0.04389698 0.03828041 0.03469836 
324.00000000 0.47589642 0.27980367 0.07343742 0.05359409 0.04417648 0.03818399 0.03490792 
325.00000000 0.47523620 0.27984372 0.07365567 0.05360499 0.04446005 0.03808171 0.03511765 
326.00000000 0.47456275 0.27990546 0.07386432 0.05361938 0.04474687 0.03797416 0.03532707 
327.00000000 0.47387913 0.27998511 0.07406360 0.05363837 0.04503623 0.03786191 0.03553565 
328.00000000 0.47318939 0.28007780 0.07425357 0.05366321 0.04532761 0.03774553 0.03574289 
329.00000000 0.47249697 0.28017898 0.07443428 0.05369515 0.04562060 0.03762562 0.03594840 
330.00000000 0.47180328 0.28028585 0.07460604 0.05373522 0.04591486 0.03750279 0.03615196 
331.00000000 0.47110722 0.28039802 0.07476949 0.05378412 0.04621009 0.03737762 0.03635344 
332.00000000 0.47040597 0.28051699 0.07492556 0.05384223 0.04650593 0.03725060 0.03655273 
333.00000000 0.46969666 0.28064464 0.07507520 0.05390971 0.04680207 0.03712205 0.03674966 
334.00000000 0.46897805 0.28078164 0.07521907 0.05398678 0.04709824 0.03699215 0.03694407 
335.00000000 0.46825116 0.28092657 0.07535742 0.05407383 0.04739427 0.03686097 0.03713577 
336.00000000 0.46751868 0.28107639 0.07549012 0.05417143 0.04769019 0.03672849 0.03732471 
337.00000000 0.46678336 0.28122786 0.07561685 0.05428021 0.04798614 0.03659467 0.03751092 
338.00000000 0.46604634 0.28137919 0.07573741 0.05440068 0.04828238 0.03645943 0.03769457 
339.00000000 0.46530650 0.28153094 0.07585183 0.05453301 0.04857915 0.03632270 0.03787587 
340.00000000 0.46456110 0.28168556 0.07596040 0.05467702 0.04887654 0.03618442 0.03805497 
341.00000000 0.46380746 0.28184576 0.07606343 0.05483234 0.04917447 0.03604457 0.03823197 
342.00000000 0.46304471 0.28201270 0.07616109 0.05499861 0.04947271 0.03590325 0.03840694 
343.00000000 0.46227461 0.28218494 0.07625324 0.05517565 0.04977091 0.03576065 0.03858000 
344.00000000 0.46150092 0.28235873 0.07633952 0.05536361 0.05006878 0.03561707 0.03875137 
345.00000000 0.46072776 0.28252956 0.07641957 0.05556278 0.05036613 0.03547286 0.03892134 
346.00000000 0.45995775 0.28269419 0.07649320 0.05577341 0.05066278 0.03532841 0.03909025 
347.00000000 0.45919092 0.28285190 0.07656056 0.05599551 0.05095859 0.03518419 0.03925834 
348.00000000 0.45842503 0.28300443 0.07662214 0.05622865 0.05125328 0.03504071 0.03942577 
349.00000000 0.45765707 0.28315460 0.07667857 0.05647213 0.05154643 0.03489863 0.03959258 
350.00000000 0.45688504 0.28330435 0.07673047 0.05672505 0.05183755 0.03475875 0.03975880 
351.00000000 0.45610909 0.28345340 0.07677827 0.05698658 0.05212618 0.03462194 0.03992455 
352.00000000 0.45533140 0.28359918 0.07682224 0.05725605 0.05241200 0.03448910 0.04009003 
353.00000000 0.45455489 0.28373812 0.07686254 0.05753287 0.05269496 0.03436106 0.04025556 
354.00000000 0.45378149 0.28386761 0.07689939 0.05781636 0.05297522 0.03423852 0.04042141 
355.00000000 0.45301084 0.28398753 0.07693317 0.05810556 0.05325307 0.03412205 0.04058777 
356.00000000 0.45224031 0.28410048 0.07696442 0.05839913 0.05352880 0.03401217 0.04075468 
357.00000000 0.45146604 0.28421061 0.07699385 0.05869544 0.05380262 0.03390937 0.04092206 
358.00000000 0.45068463 0.28432175 0.07702217 0.05899276 0.05407464 0.03381416 0.04108989 
359.00000000 0.44989448 0.28443588 0.07704998 0.05928946 0.05434491 0.03372704 0.04125824 
360.00000000 0.44909590 0.28455279 0.07707775 0.05958423 0.05461350 0.03364846 0.04142736 
361.00000000 0.44829019 0.28467113 0.07710584 0.05987596 0.05488055 0.03357873 0.04159759 
362.00000000 0.44747791 0.28479031 0.07713457 0.06016368 0.05514622 0.03351802 0.04176928 
363.00000000 0.44665755 0.28491201 0.07716439 0.06044640 0.05541063 0.03346637 0.04194265 
364.00000000 0.44582520 0.28504059 0.07719594 0.06072294 0.05567377 0.03342377 0.04211779 
365.00000000 0.44497546 0.28518212 0.07723002 0.06099205 0.05593545 0.03339026 0.04229464 
366.00000000 0.44410298 0.28534261 0.07726753 0.06125245 0.05619532 0.03336598 0.04247313 
367.00000000 0.44320400 0.28552631 0.07730925 0.06150307 0.05645293 0.03335123 0.04265322 
368.00000000 0.44227691 0.28573509 0.07735581 0.06174303 0.05670784 0.03334639 0.04283493 
369.00000000 0.44132178 0.28596902 0.07740761 0.06197169 0.05695965 0.03335191 0.04301834 
370.00000000 0.44033912 0.28622775 0.07746494 0.06218847 0.05720805 0.03336821 0.04320347 
371.00000000 0.43932872 0.28651178 0.07752814 0.06239265 0.05745282 0.03339569 0.04339021 
372.00000000 0.43828918 0.28682304 0.07759765 0.06258335 0.05769374 0.03343474 0.04357831 
373.00000000 0.43721822 0.28716436 0.07767409 0.06275950 0.05793063 0.03348581 0.04376738 
374.00000000 0.43611385 0.28753822 0.07775811 0.06292003 0.05816335 0.03354945 0.04395698 
375.00000000 0.43497549 0.28794550 0.07785027 0.06306401 0.05839181 0.03362629 0.04414664 
376.00000000 0.43380459 0.28838478 0.07795093 0.06319079 0.05861597 0.03371700 0.04433595 
377.00000000 0.43260442 0.28885274 0.07806029 0.06329998 0.05883584 0.03382220 0.04452451 
378.00000000 0.43137904 0.28934528 0.07817843 0.06339141 0.05905146 0.03394240 0.04471198 
379.00000000 0.43013213 0.28985877 0.07830546 0.06346494 0.05926283 0.03407791 0.04489796 
380.00000000 0.42886624 0.29039089 0.07844161 0.06352044 0.05946994 0.03422885 0.04508201 
381.00000000 0.42758269 0.29094067 0.07858721 0.06355784 0.05967273 0.03439518 0.04526368 
382.00000000 0.42628223 0.29150762 0.07874255 0.06357723 0.05987112 0.03457676 0.04544249 
383.00000000 0.42496611 0.29209079 0.07890778 0.06357899 0.06006500 0.03477339 0.04561795 
384.00000000 0.42363678 0.29268800 0.07908274 0.06356390 0.06025413 0.03498482 0.04578962 
385.00000000 0.42229794 0.29329597 0.07926699 0.06353306 0.06043815 0.03521078 0.04595712 
386.00000000 0.42095392 0.29391100 0.07945985 0.06348773 0.06061647 0.03545091 0.04612012 
387.00000000 0.41960880 0.29452993 0.07966056 0.06342923 0.06078843 0.03570472 0.04627832 
388.00000000 0.41826571 0.29515074 0.07986839 0.06335872 0.06095334 0.03597160 0.04643150 
389.00000000 0.41692663 0.29577259 0.08008267 0.06327721 0.06111063 0.03625085 0.04657942 
390.00000000 0.41559289 0.29639526 0.08030281 0.06318559 0.06125983 0.03654174 0.04672188 
391.00000000 0.41426586 0.29701833 0.08052812 0.06308475 0.06140061 0.03684365 0.04685867 
392.00000000 0.41294762 0.29764070 0.08075777 0.06297570 0.06153256 0.03715608 0.04698957 
393.00000000 0.41164106 0.29826049 0.08099071 0.06285954 0.06165515 0.03747868 0.04711438 
394.00000000 0.41034955 0.29887543 0.08122580 0.06273745 0.06176768 0.03781119 0.04723290 
395.00000000 0.40907644 0.29948336 0.08146188 0.06261057 0.06186940 0.03815335 0.04734500 
396.00000000 0.40782464 0.30008246 0.08169802 0.06247986 0.06195970 0.03850477 0.04745055 
397.00000000 0.40659651 0.30067124 0.08193355 0.06234605 0.06203822 0.03886493 0.04754949 
398.00000000 0.40539412 0.30124825 0.08216802 0.06220972 0.06210494 0.03923319 0.04764176 
399.00000000 0.40421960 0.30181168 0.08240113 0.06207133 0.06216009 0.03960883 0.04772734 
400.00000000 0.40307538 0.30235931 0.08263260 0.06193139 0.06220396 0.03999113 0.04780623 
401.00000000 0.40196430 0.30288854 0.08286203 0.06179051 0.06223677 0.04037943 0.04787842 
402.00000000 0.40088932 0.30339670 0.08308894 0.06164938 0.06225863 0.04077304 0.04794398 
403.00000000 0.39985345 0.30388121 0.08331283 0.06150865 0.06226970 0.04117117 0.04800299 
404.00000000 0.39885949 0.30433959 0.08353326 0.06136879 0.06227034 0.04157291 0.04805561 
405.00000000 0.39791004 0.30476943 0.08374998 0.06123002 0.06226131 0.04197715 0.04810207 
406.00000000 0.39700742 0.30516832 0.08396289 0.06109222 0.06224382 0.04238266 0.04814267 
407.00000000 0.39615371 0.30553383 0.08417207 0.06095502 0.06221936 0.04278819 0.04817781 
408.00000000 0.39535069 0.30586373 0.08437769 0.06081790 0.06218948 0.04319257 0.04820795 
409.00000000 0.39459981 0.30615609 0.08457992 0.06068028 0.06215550 0.04359476 0.04823364 
410.00000000 0.39390219 0.30640949 0.08477886 0.06054158 0.06211844 0.04399393 0.04825551 
411.00000000 0.39325862 0.30662290 0.08497455 0.06040124 0.06207911 0.04438937 0.04827421 
412.00000000 0.39266965 0.30679552 0.08516698 0.06025865 0.06203825 0.04478049 0.04829046 
413.00000000 0.39213560 0.30692657 0.08535623 0.06011308 0.06199676 0.04516676 0.04830500 
414.00000000 0.39165657 0.30701518 0.08554257 0.05996367 0.06195574 0.04554769 0.04831859 
415.00000000 0.39123251 0.30706036 0.08572651 0.05980948 0.06191633 0.04592280 0.04833201 
416.00000000 0.39086314 0.30706113 0.08590882 0.05964961 0.06187950 0.04629172 0.04834608 
417.00000000 0.39054802 0.30701674 0.08609040 0.05948332 0.06184582 0.04665409 0.04836161 
418.00000000 0.39028651 0.30692674 0.08627210 0.05931010 0.06181538 0.04700971 0.04837946 
419.00000000 0.39007780 0.30679100 0.08645468 0.05912965 0.06178796 0.04735843 0.04840049 
420.00000000 0.38992081 0.30660960 0.08663877 0.05894188 0.06176321 0.04770020 0.04842552 
421.00000000 0.38981412 0.30638284 0.08682496 0.05874676 0.06174092 0.04803503 0.04845536 
422.00000000 0.38975581 0.30611115 0.08701397 0.05854431 0.06172112 0.04836291 0.04849074 
423.00000000 0.38974346 0.30579525 0.08720672 0.05833457 0.06170396 0.04868373 0.04853230 
424.00000000 0.38977430 0.30543615 0.08740436 0.05811773 0.06168954 0.04899731 0.04858060 
425.00000000 0.38984537 0.30503518 0.08760806 0.05789410 0.06167772 0.04930339 0.04863618 
426.00000000 0.38995375 0.30459390 0.08781883 0.05766428 0.06166805 0.04960164 0.04869955 
427.00000000 0.39009662 0.30411403 0.08803738 0.05742904 0.06165983 0.04989185 0.04877124 
428.00000000 0.39027104 0.30359749 0.08826411 0.05718940 0.06165229 0.05017392 0.04885174 
429.00000000 0.39047352 0.30304663 0.08849920 0.05694648 0.06164483 0.05044790 0.04894144 
430.00000000 0.39069985 0.30246435 0.08874281 0.05670148 0.06163704 0.05071394 0.04904054 
431.00000000 0.39094521 0.30185411 0.08899519 0.05645562 0.06162869 0.05097217 0.04914902 
432.00000000 0.39120476 0.30121957 0.08925665 0.05621016 0.06161955 0.05122264 0.04926666 
433.00000000 0.39147440 0.30056409 0.08952738 0.05596647 0.06160924 0.05146530 0.04939312 
434.00000000 0.39175139 0.29989022 0.08980728 0.05572605 0.06159709 0.05169999 0.04952799 
435.00000000 0.39203429 0.29919962 0.09009585 0.05549062 0.06158220 0.05192663 0.04967079 
436.00000000 0.39232224 0.29849349 0.09039229 0.05526211 0.06156359 0.05214530 0.04982098 
437.00000000 0.39261395 0.29777333 0.09069574 0.05504253 0.06154033 0.05235627 0.04997786 
438.00000000 0.39290700 0.29704150 0.09100542 0.05483390 0.06151169 0.05255995 0.05014054 
439.00000000 0.39319789 0.29630133 0.09132083 0.05463811 0.06147716 0.05275672 0.05030797 
