0.00000000 0.00225937 0.01191697 0.76937613 0.00190601 0.00102365 0.20810004 0.00541781 
1.00000000 0.00225946 0.01191738 0.76938935 0.00190626 0.00102404 0.20808579 0.00541773 
2.00000000 0.00225978 0.01191840 0.76942485 0.00190710 0.00102514 0.20804707 0.00541766 
3.00000000 0.00226074 0.01192053 0.76949842 0.00190859 0.00102696 0.20796762 0.00541713 
4.00000000 0.00226234 0.01192377 0.76960240 0.00191078 0.00102958 0.20785478 0.00541635 
5.00000000 0.00226435 0.01192832 0.76972870 0.00191355 0.00103308 0.20771619 0.00541580 
6.00000000 0.00226637 0.01193420 0.76985888 0.00191681 0.00103753 0.20756987 0.00541635 
7.00000000 0.00226838 0.01194177 0.76998787 0.00192043 0.00104276 0.20742046 0.00541833 
8.00000000 0.00227100 0.01195209 0.77013390 0.00192438 0.00104854 0.20724918 0.00542091 
9.00000000 0.00227525 0.01196659 0.77032985 0.00192858 0.00105462 0.20702270 0.00542239 
10.00000000 0.00228198 0.01198659 0.77060499 0.00193289 0.00106103 0.20671145 0.00542108 
11.00000000 0.00229121 0.01201252 0.77096019 0.00193706 0.00106800 0.20631450 0.00541652 
12.00000000 0.00230216 0.01204374 0.77136465 0.00194085 0.00107597 0.20586285 0.00540978 
13.00000000 0.00231374 0.01207900 0.77177344 0.00194418 0.00108525 0.20540173 0.00540267 
14.00000000 0.00232552 0.01211720 0.77215886 0.00194726 0.00109593 0.20495895 0.00539628 
15.00000000 0.00233818 0.01215806 0.77252945 0.00195060 0.00110791 0.20452579 0.00539002 
16.00000000 0.00235318 0.01220189 0.77291955 0.00195474 0.00112113 0.20406754 0.00538197 
17.00000000 0.00237176 0.01224877 0.77335291 0.00196002 0.00113575 0.20356031 0.00537048 
18.00000000 0.00239393 0.01229759 0.77380518 0.00196644 0.00115224 0.20302877 0.00535585 
19.00000000 0.00241832 0.01234582 0.77419405 0.00197368 0.00117112 0.20255608 0.00534093 
20.00000000 0.00244307 0.01239031 0.77440868 0.00198135 0.00119264 0.20225402 0.00532991 
21.00000000 0.00246719 0.01242878 0.77436292 0.00198939 0.00121654 0.20220907 0.00532612 
22.00000000 0.00249155 0.01246106 0.77403706 0.00199814 0.00124221 0.20243962 0.00533036 
23.00000000 0.00251864 0.01248923 0.77347904 0.00200830 0.00126914 0.20289481 0.00534085 
24.00000000 0.00255115 0.01251625 0.77276417 0.00202064 0.00129732 0.20349563 0.00535483 
25.00000000 0.00259052 0.01254438 0.77194275 0.00203572 0.00132728 0.20418866 0.00537068 
26.00000000 0.00263621 0.01257425 0.77101276 0.00205378 0.00135993 0.20497405 0.00538902 
27.00000000 0.00268652 0.01260531 0.76993584 0.00207485 0.00139613 0.20588941 0.00541193 
28.00000000 0.00274005 0.01263716 0.76868376 0.00209901 0.00143636 0.20696264 0.00544101 
29.00000000 0.00279705 0.01267071 0.76727934 0.00212659 0.00148067 0.20816989 0.00547576 
30.00000000 0.00285960 0.01270823 0.76579763 0.00215810 0.00152893 0.20943391 0.00551360 
31.00000000 0.00293037 0.01275209 0.76432149 0.00219386 0.00158116 0.21066951 0.00555151 
32.00000000 0.00301093 0.01280280 0.76288025 0.00223368 0.00163762 0.21184661 0.00558812 
33.00000000 0.00310073 0.01285787 0.76141545 0.00227670 0.00169871 0.21302589 0.00562465 
34.00000000 0.00319771 0.01291246 0.75980148 0.00232173 0.00176455 0.21433806 0.00566402 
35.00000000 0.00329998 0.01296171 0.75791182 0.00236774 0.00183469 0.21591537 0.00570869 
36.00000000 0.00340752 0.01300334 0.75568927 0.00241440 0.00190824 0.21781827 0.00575896 
37.00000000 0.00352265 0.01303865 0.75317311 0.00246208 0.00198449 0.22000618 0.00581283 
38.00000000 0.00364874 0.01307125 0.75046612 0.00251152 0.00206348 0.22237142 0.00586747 
39.00000000 0.00378800 0.01310430 0.74766553 0.00256330 0.00214612 0.22481147 0.00592129 
40.00000000 0.00393997 0.01313839 0.74480446 0.00261759 0.00223375 0.22729055 0.00597529 
41.00000000 0.00410175 0.01317142 0.74183975 0.00267417 0.00232744 0.22985274 0.00603273 
42.00000000 0.00426964 0.01320042 0.73869123 0.00273279 0.00242755 0.23258116 0.00609721 
43.00000000 0.00444132 0.01322420 0.73530496 0.00279363 0.00253368 0.23553168 0.00617054 
44.00000000 0.00461688 0.01324481 0.73169692 0.00285738 0.00264524 0.23868690 0.00625187 
45.00000000 0.00479829 0.01326674 0.72794677 0.00292497 0.00276184 0.24196271 0.00633868 
46.00000000 0.00498742 0.01329418 0.72414684 0.00299687 0.00288335 0.24526257 0.00642876 
47.00000000 0.00518441 0.01332835 0.72034297 0.00307268 0.00300959 0.24854036 0.00652164 
48.00000000 0.00538723 0.01336683 0.71650802 0.00315121 0.00314031 0.25182780 0.00661859 
49.00000000 0.00559301 0.01340546 0.71256570 0.00323114 0.00327520 0.25520837 0.00672112 
50.00000000 0.00579995 0.01344153 0.70844789 0.00331180 0.00341405 0.25875570 0.00682908 
51.00000000 0.00600871 0.01347605 0.70414576 0.00339350 0.00355691 0.26247901 0.00694007 
52.00000000 0.00622213 0.01351348 0.69971965 0.00347738 0.00370424 0.26631259 0.00705054 
53.00000000 0.00644362 0.01355930 0.69526242 0.00356476 0.00385682 0.27015512 0.00715796 
54.00000000 0.00667519 0.01361702 0.69084124 0.00365652 0.00401546 0.27393229 0.00726228 
55.00000000 0.00691655 0.01368657 0.68645443 0.00375276 0.00418071 0.27764315 0.00736583 
56.00000000 0.00716565 0.01376519 0.68203156 0.00385278 0.00435247 0.28136078 0.00747156 
57.00000000 0.00742020 0.01385038 0.67747975 0.00395543 0.00452976 0.28518380 0.00758068 
58.00000000 0.00767912 0.01394280 0.67274792 0.00405968 0.00471094 0.28916794 0.00769160 
59.00000000 0.00794316 0.01404708 0.66786758 0.00416497 0.00489440 0.29328170 0.00780112 
60.00000000 0.00821417 0.01416946 0.66294528 0.00427132 0.00507937 0.29741349 0.00790690 
61.00000000 0.00849346 0.01431394 0.65811295 0.00437910 0.00526609 0.30142497 0.00800948 
62.00000000 0.00878038 0.01447913 0.65346479 0.00448868 0.00545549 0.30521920 0.00811233 
63.00000000 0.00907216 0.01465809 0.64901674 0.00460024 0.00564867 0.30878409 0.00821999 
64.00000000 0.00936504 0.01484140 0.64471329 0.00471401 0.00584653 0.31218428 0.00833544 
65.00000000 0.00965595 0.01502159 0.64047720 0.00483083 0.00604979 0.31550651 0.00845813 
66.00000000 0.00994384 0.01519631 0.63626705 0.00495246 0.00625936 0.31879685 0.00858413 
67.00000000 0.01022989 0.01536814 0.63210207 0.00508120 0.00647665 0.32203389 0.00870816 
68.00000000 0.01051645 0.01554182 0.62803853 0.00521873 0.00670303 0.32515526 0.00882618 
69.00000000 0.01080560 0.01572073 0.62411777 0.00536488 0.00693889 0.32811533 0.00893681 
70.00000000 0.01109833 0.01590503 0.62032612 0.00551717 0.00718269 0.33092987 0.00904080 
71.00000000 0.01139469 0.01609250 0.61659694 0.00567161 0.00743106 0.33367410 0.00913910 
72.00000000 0.01169462 0.01628133 0.61285149 0.00582441 0.00767986 0.33643731 0.00923097 
73.00000000 0.01199904 0.01647286 0.60904746 0.00597378 0.00792593 0.33926748 0.00931345 
74.00000000 0.01231016 0.01667197 0.60520363 0.00612053 0.00816856 0.34214225 0.00938290 
75.00000000 0.01263057 0.01688498 0.60138838 0.00626733 0.00840957 0.34498187 0.00943729 
76.00000000 0.01296169 0.01711609 0.59768050 0.00641696 0.00865177 0.34769518 0.00947781 
77.00000000 0.01330269 0.01736455 0.59412550 0.00657085 0.00889686 0.35023085 0.00950870 
78.00000000 0.01365077 0.01762448 0.59071574 0.00672857 0.00914416 0.35260110 0.00953518 
79.00000000 0.01400233 0.01788769 0.58740829 0.00688853 0.00939082 0.35486150 0.00956084 
80.00000000 0.01435416 0.01814794 0.58416681 0.00704915 0.00963337 0.35706250 0.00958607 
81.00000000 0.01470416 0.01840358 0.58099634 0.00720957 0.00986983 0.35920795 0.00960856 
82.00000000 0.01505103 0.01865719 0.57794842 0.00736953 0.01010070 0.36124738 0.00962577 
83.00000000 0.01539338 0.01891252 0.57509715 0.00752873 0.01032817 0.36310249 0.00963755 
84.00000000 0.01572925 0.01917106 0.57250353 0.00768624 0.01055422 0.36470849 0.00964721 
85.00000000 0.01605639 0.01943006 0.57018860 0.00784036 0.01077912 0.36604549 0.00965998 
86.00000000 0.01637363 0.01968339 0.56812831 0.00798918 0.01100159 0.36714405 0.00967985 
87.00000000 0.01668215 0.01992463 0.56627050 0.00813147 0.01122034 0.36806401 0.00970690 
88.00000000 0.01698600 0.02015035 0.56456286 0.00826756 0.01143594 0.36886034 0.00973694 
89.00000000 0.01729101 0.02036143 0.56297625 0.00839955 0.01165199 0.36955591 0.00976386 
90.00000000 0.01760278 0.02056179 0.56151148 0.00853063 0.01187409 0.37013608 0.00978316 
91.00000000 0.01792534 0.02075572 0.56018802 0.00866387 0.01210728 0.37056534 0.00979443 
92.00000000 0.01826129 0.02094518 0.55902597 0.00880089 0.01235340 0.37081202 0.00980125 
93.00000000 0.01861274 0.02112889 0.55803459 0.00894139 0.01261006 0.37086366 0.00980867 
94.00000000 0.01898173 0.02130371 0.55721183 0.00908355 0.01287214 0.37072684 0.00982020 
95.00000000 0.01936942 0.02146727 0.55654752 0.00922525 0.01313487 0.37041943 0.00983623 
96.00000000 0.01977472 0.02161985 0.55602195 0.00936517 0.01339681 0.36996660 0.00985490 
97.00000000 0.02019354 0.02176434 0.55559904 0.00950319 0.01366052 0.36940457 0.00987480 
98.00000000 0.02061990 0.02190439 0.55522232 0.00964021 0.01393038 0.36878516 0.00989764 
99.00000000 0.02104833 0.02204204 0.55482397 0.00977746 0.01420950 0.36817012 0.00992858 
100.00000000 0.02147640 0.02217613 0.55434863 0.00991575 0.01449779 0.36761167 0.00997363 
101.00000000 0.02190573 0.02230289 0.55377842 0.01005503 0.01479208 0.36713010 0.01003575 
102.00000000 0.02234072 0.02241837 0.55313860 0.01019453 0.01508784 0.36670711 0.01011282 
103.00000000 0.02278573 0.02252126 0.55247580 0.01033342 0.01538156 0.36630311 0.01019911 
104.00000000 0.02324223 0.02261433 0.55182299 0.01047145 0.01567202 0.36588774 0.01028924 
105.00000000 0.02370792 0.02270363 0.55117738 0.01060917 0.01595961 0.36546049 0.01038180 
106.00000000 0.02417849 0.02279589 0.55050862 0.01074757 0.01624438 0.36504487 0.01048018 
107.00000000 0.02465044 0.02289550 0.54979176 0.01088731 0.01652465 0.36466035 0.01059000 
108.00000000 0.02512251 0.02300281 0.54903702 0.01102797 0.01679732 0.36429752 0.01071486 
109.00000000 0.02559448 0.02311513 0.54828877 0.01116796 0.01705945 0.36392087 0.01085334 
110.00000000 0.02606467 0.02322946 0.54759192 0.01130521 0.01730997 0.36349939 0.01099938 
111.00000000 0.02652873 0.02334504 0.54695215 0.01143807 0.01755033 0.36303995 0.01114573 
112.00000000 0.02698116 0.02346370 0.54632098 0.01156601 0.01778334 0.36259654 0.01128828 
113.00000000 0.02741871 0.02358767 0.54561854 0.01168944 0.01801107 0.36224602 0.01142854 
114.00000000 0.02784297 0.02371621 0.54478249 0.01180891 0.01823296 0.36204376 0.01157271 
115.00000000 0.02825973 0.02384377 0.54381205 0.01192406 0.01844534 0.36198709 0.01172796 
116.00000000 0.02867581 0.02396154 0.54277480 0.01203350 0.01864228 0.36201345 0.01189861 
117.00000000 0.02909528 0.02406179 0.54176794 0.01213562 0.01881781 0.36203700 0.01208456 
118.00000000 0.02951757 0.02414238 0.54086059 0.01222961 0.01896831 0.36199912 0.01228242 
119.00000000 0.02993825 0.02420826 0.54005809 0.01231585 0.01909398 0.36189756 0.01248801 
120.00000000 0.03035176 0.02426921 0.53931196 0.01239557 0.01919851 0.36177469 0.01269830 
121.00000000 0.03075443 0.02433488 0.53856673 0.01247022 0.01928768 0.36167430 0.01291177 
122.00000000 0.03114572 0.02441014 0.53780855 0.01254102 0.01936780 0.36159970 0.01312707 
123.00000000 0.03152744 0.02449346 0.53707795 0.01260881 0.01944429 0.36150636 0.01334169 
124.00000000 0.03190182 0.02457946 0.53643676 0.01267423 0.01952050 0.36133524 0.01355200 
125.00000000 0.03226993 0.02466351 0.53591609 0.01273800 0.01959732 0.36106003 0.01375512 
126.00000000 0.03263121 0.02474524 0.53548537 0.01280061 0.01967400 0.36071269 0.01395087 
127.00000000 0.03298393 0.02482838 0.53506319 0.01286176 0.01974930 0.36037089 0.01414255 
128.00000000 0.03332615 0.02491733 0.53456254 0.01291999 0.01982238 0.36011582 0.01433578 
129.00000000 0.03365650 0.02501310 0.53394235 0.01297298 0.01989297 0.35998603 0.01453607 
130.00000000 0.03397410 0.02511202 0.53323156 0.01301850 0.01996067 0.35995646 0.01474669 
131.00000000 0.03427828 0.02520844 0.53250845 0.01305544 0.02002400 0.35995721 0.01496818 
132.00000000 0.03456814 0.02529960 0.53185029 0.01308434 0.02008024 0.35991809 0.01519930 
133.00000000 0.03484262 0.02538896 0.53128862 0.01310670 0.02012634 0.35980837 0.01543839 
134.00000000 0.03510096 0.02548561 0.53079770 0.01312356 0.02016066 0.35964757 0.01568393 
135.00000000 0.03534347 0.02559982 0.53031946 0.01313469 0.02018433 0.35948387 0.01593436 
136.00000000 0.03557195 0.02573735 0.52980762 0.01313899 0.02020136 0.35935506 0.01618766 
137.00000000 0.03578915 0.02589645 0.52926324 0.01313575 0.02021712 0.35925691 0.01644138 
138.00000000 0.03599780 0.02606926 0.52873888 0.01312569 0.02023555 0.35913954 0.01669328 
139.00000000 0.03620022 0.02624699 0.52831009 0.01311115 0.02025691 0.35893277 0.01694188 
140.00000000 0.03639847 0.02642538 0.52803589 0.01309521 0.02027789 0.35858103 0.01718613 
141.00000000 0.03659454 0.02660732 0.52793489 0.01308048 0.02029402 0.35806440 0.01742433 
142.00000000 0.03679004 0.02680095 0.52798932 0.01306856 0.02030297 0.35739519 0.01765297 
143.00000000 0.03698561 0.02701433 0.52816961 0.01306056 0.02030656 0.35659661 0.01786672 
144.00000000 0.03718038 0.02725003 0.52845916 0.01305799 0.02031032 0.35568203 0.01806008 
145.00000000 0.03737218 0.02750325 0.52886020 0.01306302 0.02032046 0.35465088 0.01823001 
146.00000000 0.03755862 0.02776485 0.52937799 0.01307801 0.02034015 0.35350217 0.01837821 
147.00000000 0.03773844 0.02802758 0.52999885 0.01310463 0.02036751 0.35225174 0.01851125 
148.00000000 0.03791216 0.02829117 0.53067992 0.01314299 0.02039661 0.35093913 0.01863801 
149.00000000 0.03808186 0.02856259 0.53135740 0.01319130 0.02042088 0.34962003 0.01876594 
150.00000000 0.03825004 0.02885096 0.53196814 0.01324633 0.02043661 0.34834960 0.01889832 
151.00000000 0.03841809 0.02916044 0.53247368 0.01330452 0.02044449 0.34716450 0.01903428 
152.00000000 0.03858519 0.02948596 0.53287275 0.01336324 0.02044828 0.34607359 0.01917099 
153.00000000 0.03874840 0.02981465 0.53319295 0.01342169 0.02045162 0.34506415 0.01930654 
154.00000000 0.03890396 0.03013224 0.53346660 0.01348100 0.02045545 0.34411979 0.01944095 
155.00000000 0.03904882 0.03043056 0.53370722 0.01354351 0.02045810 0.34323687 0.01957493 
156.00000000 0.03918192 0.03071153 0.53390082 0.01361143 0.02045757 0.34242916 0.01970757 
157.00000000 0.03930444 0.03098500 0.53401451 0.01368581 0.02045426 0.34172057 0.01983542 
158.00000000 0.03941885 0.03126153 0.53401510 0.01376623 0.02045195 0.34113260 0.01995373 
159.00000000 0.03952709 0.03154530 0.53388741 0.01385145 0.02045627 0.34067323 0.02005926 
160.00000000 0.03962905 0.03183216 0.53364271 0.01394016 0.02047135 0.34033199 0.02015258 
161.00000000 0.03972251 0.03211419 0.53331383 0.01403164 0.02049700 0.34008257 0.02023826 
162.00000000 0.03980468 0.03238762 0.53294076 0.01412553 0.02052842 0.33989066 0.02032233 
163.00000000 0.03987447 0.03265805 0.53255566 0.01422136 0.02055885 0.33972262 0.02040900 
164.00000000 0.03993385 0.03293879 0.53217617 0.01431812 0.02058346 0.33955114 0.02049848 
165.00000000 0.03998716 0.03324304 0.53180977 0.01441460 0.02060169 0.33935621 0.02058753 
166.00000000 0.04003891 0.03357533 0.53146279 0.01451000 0.02061714 0.33912401 0.02067182 
167.00000000 0.04009184 0.03392807 0.53114327 0.01460440 0.02063515 0.33884870 0.02074857 
168.00000000 0.04014626 0.03428568 0.53085466 0.01469896 0.02066013 0.33853660 0.02081770 
169.00000000 0.04020061 0.03463362 0.53058912 0.01479568 0.02069400 0.33820598 0.02088098 
170.00000000 0.04025293 0.03496650 0.53032803 0.01489700 0.02073651 0.33787904 0.02093999 
171.00000000 0.04030225 0.03529007 0.53004888 0.01500494 0.02078678 0.33757214 0.02099494 
172.00000000 0.04034904 0.03561574 0.52973300 0.01512039 0.02084476 0.33729202 0.02104506 
173.00000000 0.04039457 0.03595167 0.52937140 0.01524284 0.02091132 0.33703834 0.02108986 
174.00000000 0.04044012 0.03629662 0.52896733 0.01537071 0.02098699 0.33680818 0.02113006 
175.00000000 0.04048669 0.03664058 0.52853439 0.01550224 0.02106997 0.33659857 0.02116756 
176.00000000 0.04053563 0.03697142 0.52809178 0.01563650 0.02115552 0.33640475 0.02120440 
177.00000000 0.04058943 0.03728292 0.52765897 0.01577381 0.02123782 0.33621556 0.02124148 
178.00000000 0.04065205 0.03757897 0.52724993 0.01591513 0.02131349 0.33601239 0.02127804 
179.00000000 0.04072827 0.03787097 0.52686587 0.01606058 0.02138404 0.33577783 0.02131245 
180.00000000 0.04082238 0.03817014 0.52648924 0.01620826 0.02145522 0.33551129 0.02134346 
181.00000000 0.04093753 0.03847986 0.52608317 0.01635421 0.02153373 0.33524060 0.02137091 
182.00000000 0.04107578 0.03879304 0.52559934 0.01649371 0.02162354 0.33501899 0.02139560 
183.00000000 0.04123853 0.03909662 0.52499335 0.01662352 0.02172419 0.33490506 0.02141872 
184.00000000 0.04142663 0.03938013 0.52424193 0.01674360 0.02183217 0.33493451 0.02144102 
185.00000000 0.04164018 0.03964278 0.52335240 0.01685675 0.02194445 0.33510101 0.02146242 
186.00000000 0.04187808 0.03989376 0.52235791 0.01696635 0.02206151 0.33535983 0.02148256 
187.00000000 0.04213763 0.04014548 0.52130139 0.01707378 0.02218766 0.33565229 0.02150178 
188.00000000 0.04241510 0.04040423 0.52021743 0.01717750 0.02232836 0.33593549 0.02152188 
189.00000000 0.04270755 0.04066496 0.51911959 0.01727412 0.02248672 0.33620102 0.02154604 
190.00000000 0.04301450 0.04091348 0.51799716 0.01736091 0.02266196 0.33647425 0.02157774 
191.00000000 0.04333805 0.04113493 0.51682263 0.01743801 0.02285136 0.33679601 0.02161901 
192.00000000 0.04368094 0.04132309 0.51556583 0.01750886 0.02305415 0.33719791 0.02166923 
193.00000000 0.04404405 0.04148475 0.51420680 0.01757840 0.02327401 0.33768666 0.02172532 
194.00000000 0.04442488 0.04163615 0.51274227 0.01765029 0.02351780 0.33824535 0.02178327 
195.00000000 0.04481806 0.04179370 0.51118616 0.01772494 0.02379125 0.33884615 0.02183975 
196.00000000 0.04521748 0.04196505 0.50956534 0.01779964 0.02409494 0.33946437 0.02189317 
197.00000000 0.04561846 0.04214609 0.50790969 0.01787080 0.02442358 0.34008780 0.02194358 
198.00000000 0.04601850 0.04232552 0.50623961 0.01793699 0.02476920 0.34071833 0.02199184 
199.00000000 0.04641662 0.04249352 0.50455893 0.01800074 0.02512631 0.34136506 0.02203882 
200.00000000 0.04681186 0.04264845 0.50285836 0.01806763 0.02549542 0.34203307 0.02208521 
201.00000000 0.04720220 0.04279699 0.50112588 0.01814334 0.02588272 0.34271706 0.02213181 
202.00000000 0.04758426 0.04294751 0.49935601 0.01823111 0.02629590 0.34340543 0.02217979 
203.00000000 0.04795418 0.04310200 0.49755213 0.01833136 0.02673902 0.34409104 0.02223028 
204.00000000 0.04830906 0.04325211 0.49572162 0.01844355 0.02720976 0.34478041 0.02228348 
205.00000000 0.04864798 0.04338210 0.49386871 0.01856892 0.02770100 0.34549364 0.02233765 
206.00000000 0.04897189 0.04347711 0.49199273 0.01871194 0.02820517 0.34625255 0.02238861 
207.00000000 0.04928276 0.04353181 0.49009522 0.01887911 0.02871800 0.34706233 0.02243077 
208.00000000 0.04958282 0.04355401 0.48819132 0.01907542 0.02923869 0.34789852 0.02245922 
209.00000000 0.04987402 0.04356067 0.48631661 0.01930065 0.02976667 0.34870924 0.02247215 
210.00000000 0.05015762 0.04356860 0.48452226 0.01954860 0.03029786 0.34943303 0.02247203 
211.00000000 0.05043392 0.04358590 0.48285680 0.01980972 0.03082352 0.35002518 0.02246496 
212.00000000 0.05070208 0.04360938 0.48134010 0.02007547 0.03133283 0.35048168 0.02245846 
213.00000000 0.05096032 0.04362914 0.47994445 0.02034197 0.03181755 0.35084788 0.02245870 
214.00000000 0.05120653 0.04363708 0.47859887 0.02061040 0.03227601 0.35120233 0.02246878 
215.00000000 0.05143933 0.04363358 0.47721944 0.02088444 0.03271367 0.35162094 0.02248860 
216.00000000 0.05165907 0.04362763 0.47575026 0.02116659 0.03313988 0.35214060 0.02251598 
217.00000000 0.05186792 0.04363079 0.47419168 0.02145640 0.03356242 0.35274262 0.02254816 
218.00000000 0.05206884 0.04364932 0.47260020 0.02175124 0.03398386 0.35336376 0.02258279 
219.00000000 0.05226394 0.04367993 0.47106019 0.02204837 0.03440177 0.35392765 0.02261816 
220.00000000 0.05245302 0.04371188 0.46964335 0.02234657 0.03481243 0.35437996 0.02265279 
221.00000000 0.05263341 0.04373424 0.46837837 0.02264601 0.03521461 0.35470832 0.02268504 
222.00000000 0.05280150 0.04374373 0.46724650 0.02294661 0.03561062 0.35493791 0.02271314 
223.00000000 0.05295518 0.04374784 0.46620187 0.02324611 0.03600385 0.35510929 0.02273586 
224.00000000 0.05309548 0.04376106 0.46520023 0.02354002 0.03639513 0.35525478 0.02275331 
225.00000000 0.05322606 0.04379686 0.46421752 0.02382366 0.03678060 0.35538787 0.02276744 
226.00000000 0.05335116 0.04386075 0.46324833 0.02409512 0.03715322 0.35550997 0.02278145 
227.00000000 0.05347383 0.04394830 0.46228879 0.02435692 0.03750709 0.35562708 0.02279798 
228.00000000 0.05359572 0.04404890 0.46131931 0.02461549 0.03784179 0.35576179 0.02281700 
229.00000000 0.05371867 0.04415270 0.46030293 0.02487854 0.03816352 0.35594866 0.02283499 
230.00000000 0.05384668 0.04425629 0.45920232 0.02515180 0.03848222 0.35621433 0.02284636 
231.00000000 0.05398627 0.04436376 0.45800361 0.02543697 0.03880622 0.35655656 0.02284661 
232.00000000 0.05414454 0.04448308 0.45673055 0.02573205 0.03913791 0.35693683 0.02283503 
233.00000000 0.05432578 0.04462088 0.45543984 0.02603346 0.03947310 0.35729187 0.02281508 
234.00000000 0.05452853 0.04477911 0.45419795 0.02633782 0.03980410 0.35756038 0.02279210 
235.00000000 0.05474514 0.04495530 0.45304905 0.02664257 0.04012380 0.35771388 0.02277026 
236.00000000 0.05496439 0.04514585 0.45199127 0.02694515 0.04042789 0.35777484 0.02275062 
237.00000000 0.05517595 0.04534950 0.45097743 0.02724223 0.04071461 0.35780842 0.02273186 
238.00000000 0.05537432 0.04556822 0.44994241 0.02752989 0.04098283 0.35788962 0.02271272 
239.00000000 0.05556012 0.04580461 0.44884056 0.02780544 0.04123020 0.35806452 0.02269455 
240.00000000 0.05573851 0.04605819 0.44766956 0.02806939 0.04145294 0.35832951 0.02268190 
241.00000000 0.05591586 0.04632316 0.44646579 0.02832568 0.04164762 0.35864097 0.02268092 
242.00000000 0.05609657 0.04658930 0.44527487 0.02857958 0.04181384 0.35894901 0.02269683 
243.00000000 0.05628168 0.04684542 0.44411717 0.02883448 0.04195546 0.35923340 0.02273239 
244.00000000 0.05646986 0.04708356 0.44297190 0.02908947 0.04207907 0.35951778 0.02278835 
245.00000000 0.05665998 0.04730157 0.44178943 0.02933935 0.04219060 0.35985371 0.02286538 
246.00000000 0.05685300 0.04750278 0.44052172 0.02957737 0.04229232 0.36028736 0.02296545 
247.00000000 0.05705201 0.04769335 0.43914974 0.02979936 0.04238228 0.36083214 0.02309112 
248.00000000 0.05726042 0.04787885 0.43769106 0.03000617 0.04245618 0.36146437 0.02324294 
249.00000000 0.05747995 0.04806189 0.43618391 0.03020272 0.04251052 0.36214370 0.02341732 
250.00000000 0.05770959 0.04824187 0.43465903 0.03039435 0.04254491 0.36284352 0.02360674 
251.00000000 0.05794627 0.04841704 0.43311984 0.03058380 0.04256247 0.36356822 0.02380236 
252.00000000 0.05818649 0.04858747 0.43154604 0.03077065 0.04256841 0.36434328 0.02399765 
253.00000000 0.05842759 0.04875687 0.42991748 0.03095318 0.04256765 0.36518615 0.02419108 
254.00000000 0.05866776 0.04893201 0.42823934 0.03113065 0.04256286 0.36608095 0.02438642 
255.00000000 0.05890498 0.04912012 0.42654990 0.03130407 0.04255377 0.36697656 0.02459059 
256.00000000 0.05913581 0.04932570 0.42490492 0.03147504 0.04253789 0.36781004 0.02481059 
257.00000000 0.05935504 0.04954883 0.42334865 0.03164407 0.04251184 0.36854025 0.02505131 
258.00000000 0.05955663 0.04978586 0.42189116 0.03180988 0.04247213 0.36916912 0.02531521 
259.00000000 0.05973581 0.05003203 0.42050785 0.03197026 0.04241509 0.36973590 0.02560305 
260.00000000 0.05989083 0.05028429 0.41916121 0.03212373 0.04233693 0.37028920 0.02591381 
261.00000000 0.06002349 0.05054206 0.41782894 0.03227081 0.04223465 0.37085663 0.02624342 
262.00000000 0.06013837 0.05080544 0.41651969 0.03241427 0.04210772 0.37143131 0.02658321 
263.00000000 0.06024175 0.05107209 0.41526780 0.03255782 0.04195963 0.37198085 0.02692006 
264.00000000 0.06034034 0.05133533 0.41411242 0.03270390 0.04179793 0.37247050 0.02723958 
265.00000000 0.06044000 0.05158552 0.41307508 0.03285199 0.04163206 0.37288433 0.02753103 
266.00000000 0.06054462 0.05181422 0.41214954 0.03299864 0.04146979 0.37323181 0.02779138 
267.00000000 0.06065569 0.05201848 0.41130837 0.03313890 0.04131464 0.37353789 0.02802604 
268.00000000 0.06077291 0.05220208 0.41051982 0.03326815 0.04116595 0.37382552 0.02824557 
269.00000000 0.06089539 0.05237270 0.40976433 0.03338351 0.04102154 0.37410222 0.02846031 
270.00000000 0.06102270 0.05253691 0.40904121 0.03348448 0.04088071 0.37435795 0.02867605 
271.00000000 0.06115527 0.05269627 0.40836269 0.03357274 0.04074564 0.37457444 0.02889295 
272.00000000 0.06129382 0.05284751 0.40773997 0.03365148 0.04062034 0.37473912 0.02910776 
273.00000000 0.06143863 0.05298667 0.40717182 0.03372462 0.04050844 0.37485269 0.02931713 
274.00000000 0.06158901 0.05311465 0.40664480 0.03379611 0.04041159 0.37492415 0.02951968 
275.00000000 0.06174306 0.05324038 0.40614444 0.03386908 0.04032999 0.37495752 0.02971553 
276.00000000 0.06189766 0.05337920 0.40566805 0.03394519 0.04026408 0.37494138 0.02990443 
277.00000000 0.06204918 0.05354730 0.40522818 0.03402460 0.04021589 0.37485045 0.03008441 
278.00000000 0.06219441 0.05375571 0.40484294 0.03410677 0.04018851 0.37465949 0.03025217 
279.00000000 0.06233128 0.05400769 0.40451984 0.03419177 0.04018361 0.37436074 0.03040507 
280.00000000 0.06245874 0.05430028 0.40424637 0.03428131 0.04019839 0.37397184 0.03054306 
281.00000000 0.06257632 0.05462841 0.40399628 0.03437891 0.04022442 0.37352680 0.03066884 
282.00000000 0.06268410 0.05498808 0.40374741 0.03448895 0.04024991 0.37305561 0.03078594 
283.00000000 0.06278299 0.05537658 0.40349748 0.03461511 0.04026448 0.37256753 0.03089583 
284.00000000 0.06287502 0.05578983 0.40326649 0.03475933 0.04026334 0.37204972 0.03099626 
285.00000000 0.06296316 0.05621957 0.40308554 0.03492156 0.04024819 0.37147978 0.03108219 
286.00000000 0.06305092 0.05665314 0.40298187 0.03510051 0.04022446 0.37084035 0.03114875 
287.00000000 0.06314206 0.05707664 0.40297033 0.03529469 0.04019671 0.37012507 0.03119450 
288.00000000 0.06324009 0.05747955 0.40305438 0.03550317 0.04016533 0.36933452 0.03122295 
289.00000000 0.06334777 0.05785816 0.40323141 0.03572535 0.04012636 0.36846915 0.03124179 
290.00000000 0.06346668 0.05821573 0.40349569 0.03595976 0.04007466 0.36752716 0.03126033 
291.00000000 0.06359775 0.05855901 0.40383688 0.03620292 0.04000806 0.36650871 0.03128667 
292.00000000 0.06374237 0.05889357 0.40423764 0.03644966 0.03992962 0.36542122 0.03132592 
293.00000000 0.06390296 0.05922074 0.40467511 0.03669535 0.03984697 0.36427930 0.03137958 
294.00000000 0.06408240 0.05953792 0.40512752 0.03693894 0.03976913 0.36309835 0.03144573 
295.00000000 0.06428276 0.05984137 0.40558167 0.03718448 0.03970359 0.36188670 0.03151943 
296.00000000 0.06450391 0.06012893 0.40603466 0.03743953 0.03965537 0.36064370 0.03159391 
297.00000000 0.06474283 0.06040086 0.40648684 0.03771127 0.03962846 0.35936697 0.03166277 
298.00000000 0.06499362 0.06065826 0.40693088 0.03800239 0.03962778 0.35806414 0.03172295 
299.00000000 0.06524851 0.06090056 0.40734734 0.03830935 0.03965969 0.35675795 0.03177660 
300.00000000 0.06549988 0.06112458 0.40771300 0.03862381 0.03973098 0.35547733 0.03183041 
301.00000000 0.06574220 0.06132608 0.40801738 0.03893650 0.03984663 0.35423905 0.03189215 
302.00000000 0.06597314 0.06150268 0.40827422 0.03924119 0.04000755 0.35303458 0.03196665 
303.00000000 0.06619311 0.06165571 0.40851764 0.03953672 0.04020925 0.35183381 0.03205375 
304.00000000 0.06640431 0.06178939 0.40878316 0.03982609 0.04044277 0.35060515 0.03214912 
305.00000000 0.06661011 0.06190793 0.40908417 0.04011342 0.04069761 0.34933989 0.03224686 
306.00000000 0.06681514 0.06201241 0.40939846 0.04040093 0.04096519 0.34806561 0.03234226 
307.00000000 0.06702544 0.06210007 0.40967464 0.04068776 0.04124080 0.34683843 0.03243286 
308.00000000 0.06724783 0.06216659 0.40985699 0.04097100 0.04152345 0.34571648 0.03251765 
309.00000000 0.06748871 0.06220984 0.40991377 0.04124781 0.04181425 0.34473050 0.03259511 
310.00000000 0.06775227 0.06223245 0.40985044 0.04151668 0.04211431 0.34387139 0.03266246 
311.00000000 0.06803883 0.06224145 0.40969919 0.04177712 0.04242307 0.34310319 0.03271716 
312.00000000 0.06834407 0.06224600 0.40949292 0.04202802 0.04273769 0.34239128 0.03276003 
313.00000000 0.06866026 0.06225485 0.40924372 0.04226587 0.04305374 0.34172426 0.03279729 
314.00000000 0.06897911 0.06227579 0.40894130 0.04248426 0.04336666 0.34111350 0.03283938 
315.00000000 0.06929409 0.06231722 0.40857108 0.04267562 0.04367304 0.34057222 0.03289674 
316.00000000 0.06960099 0.06239047 0.40813667 0.04283467 0.04397106 0.34009126 0.03297487 
317.00000000 0.06989669 0.06250972 0.40766992 0.04296177 0.04425990 0.33963009 0.03307191 
318.00000000 0.07017826 0.06268803 0.40722094 0.04306366 0.04453916 0.33912994 0.03318001 
319.00000000 0.07044349 0.06293103 0.40683393 0.04315100 0.04480864 0.33854203 0.03328987 
320.00000000 0.07069289 0.06323184 0.40652325 0.04323400 0.04506863 0.33785376 0.03339563 
321.00000000 0.07093131 0.06357053 0.40626569 0.04331864 0.04532040 0.33709578 0.03349764 
322.00000000 0.07116779 0.06391941 0.40601505 0.04340554 0.04556681 0.33632371 0.03360169 
323.00000000 0.07141323 0.06425165 0.40573059 0.04349177 0.04581258 0.33558497 0.03371520 
324.00000000 0.07167685 0.06454865 0.40540156 0.04357421 0.04606386 0.33489207 0.03384279 
325.00000000 0.07196311 0.06480226 0.40505272 0.04365211 0.04632691 0.33421896 0.03398392 
326.00000000 0.07227042 0.06501214 0.40472799 0.04372738 0.04660658 0.33352158 0.03413392 
327.00000000 0.07259214 0.06518143 0.40446274 0.04380284 0.04690552 0.33276825 0.03428707 
328.00000000 0.07291948 0.06531472 0.40426168 0.04387982 0.04722427 0.33196078 0.03443925 
329.00000000 0.07324411 0.06541916 0.40409476 0.04395720 0.04756180 0.33113433 0.03458864 
330.00000000 0.07355945 0.06550701 0.40391198 0.04403253 0.04791588 0.33033859 0.03473456 
331.00000000 0.07386031 0.06559598 0.40366700 0.04410433 0.04828325 0.32961306 0.03487607 
332.00000000 0.07414240 0.06570525 0.40333680 0.04417363 0.04865939 0.32897076 0.03501178 
333.00000000 0.07440264 0.06584872 0.40292763 0.04424364 0.04903803 0.32839798 0.03514137 
334.00000000 0.07464052 0.06602937 0.40246621 0.04431810 0.04941048 0.32786810 0.03526724 
335.00000000 0.07485991 0.06623825 0.40198268 0.04439929 0.04976573 0.32735950 0.03539463 
336.00000000 0.07506936 0.06645906 0.40149556 0.04448734 0.05009194 0.32686719 0.03552955 
337.00000000 0.07527999 0.06667583 0.40100589 0.04458084 0.05037906 0.32640287 0.03567552 
338.00000000 0.07550176 0.06687918 0.40050211 0.04467841 0.05062166 0.32598558 0.03583129 
339.00000000 0.07574007 0.06706752 0.39997189 0.04477981 0.05082073 0.32562898 0.03599099 
340.00000000 0.07599453 0.06724269 0.39941308 0.04488585 0.05098406 0.32533284 0.03614695 
341.00000000 0.07625997 0.06740434 0.39883653 0.04499722 0.05112491 0.32508390 0.03629312 
342.00000000 0.07652889 0.06754726 0.39825907 0.04511317 0.05125932 0.32486542 0.03642687 
343.00000000 0.07679402 0.06766358 0.39769167 0.04523131 0.05140256 0.32466863 0.03654821 
344.00000000 0.07705014 0.06774802 0.39713136 0.04534873 0.05156589 0.32449822 0.03665764 
345.00000000 0.07729480 0.06780194 0.39656244 0.04546349 0.05175468 0.32436802 0.03675464 
346.00000000 0.07752843 0.06783319 0.39596725 0.04557532 0.05196856 0.32428940 0.03683785 
347.00000000 0.07775381 0.06785155 0.39534056 0.04568494 0.05220322 0.32425923 0.03690668 
348.00000000 0.07797461 0.06786357 0.39469920 0.04579240 0.05245290 0.32425500 0.03696231 
349.00000000 0.07819315 0.06787068 0.39408111 0.04589576 0.05271228 0.32424012 0.03700690 
350.00000000 0.07840842 0.06787200 0.39353317 0.04599092 0.05297701 0.32417731 0.03704116 
351.00000000 0.07861522 0.06786934 0.39309305 0.04607316 0.05324339 0.32404347 0.03706236 
352.00000000 0.07880493 0.06787039 0.39277406 0.04613923 0.05350799 0.32383883 0.03706456 
353.00000000 0.07896793 0.06788747 0.39256183 0.04618860 0.05376805 0.32358485 0.03704128 
354.00000000 0.07909636 0.06793223 0.39242571 0.04622307 0.05402241 0.32331088 0.03698934 
355.00000000 0.07918587 0.06801008 0.39233868 0.04624508 0.05427230 0.32303625 0.03691175 
356.00000000 0.07923575 0.06811791 0.39229474 0.04625608 0.05452096 0.32275670 0.03681786 
357.00000000 0.07924800 0.06824696 0.39231492 0.04625631 0.05477207 0.32244149 0.03672024 
358.00000000 0.07922636 0.06838845 0.39243956 0.04624589 0.05502777 0.32204216 0.03662981 
359.00000000 0.07917584 0.06853814 0.39271123 0.04622653 0.05528731 0.32150889 0.03655207 
360.00000000 0.07910291 0.06869693 0.39315742 0.04620227 0.05554693 0.32080724 0.03648629 
361.00000000 0.07901591 0.06886752 0.39378091 0.04617863 0.05580120 0.31992800 0.03642784 
362.00000000 0.07892421 0.06905021 0.39456085 0.04616033 0.05604509 0.31888738 0.03637194 
363.00000000 0.07883548 0.06924144 0.39546163 0.04614917 0.05627575 0.31771998 0.03631655 
364.00000000 0.07875216 0.06943646 0.39644359 0.04614336 0.05649240 0.31646930 0.03626274 
365.00000000 0.07866976 0.06963377 0.39746969 0.04613891 0.05669487 0.31518053 0.03621247 
366.00000000 0.07857908 0.06983761 0.39850595 0.04613203 0.05688212 0.31389745 0.03616577 
367.00000000 0.07847184 0.07005559 0.39951841 0.04612085 0.05705239 0.31266138 0.03611952 
368.00000000 0.07834665 0.07029339 0.40047210 0.04610547 0.05720466 0.31150851 0.03606922 
369.00000000 0.07821164 0.07055024 0.40133456 0.04608642 0.05733990 0.31046466 0.03601258 
370.00000000 0.07808187 0.07081882 0.40208320 0.04606306 0.05746093 0.30953959 0.03595254 
371.00000000 0.07797286 0.07108901 0.40271289 0.04603326 0.05757085 0.30872393 0.03589721 
372.00000000 0.07789432 0.07135242 0.40323917 0.04599487 0.05767129 0.30799147 0.03585646 
373.00000000 0.07784786 0.07160412 0.40369265 0.04594814 0.05776171 0.30730817 0.03583735 
374.00000000 0.07782957 0.07184076 0.40410495 0.04589720 0.05783999 0.30664609 0.03584144 
375.00000000 0.07783520 0.07205737 0.40449328 0.04584973 0.05790392 0.30599546 0.03586506 
376.00000000 0.07786401 0.07224599 0.40485311 0.04581463 0.05795239 0.30536776 0.03590211 
377.00000000 0.07791833 0.07239812 0.40516354 0.04579916 0.05798565 0.30478753 0.03594767 
378.00000000 0.07799957 0.07250977 0.40540229 0.04580653 0.05800449 0.30427697 0.03600037 
379.00000000 0.07810427 0.07258565 0.40556205 0.04583504 0.05800898 0.30384143 0.03606259 
380.00000000 0.07822402 0.07263892 0.40565879 0.04587861 0.05799769 0.30346356 0.03613841 
381.00000000 0.07834977 0.07268560 0.40572732 0.04592868 0.05796845 0.30310924 0.03623095 
382.00000000 0.07847768 0.07273643 0.40580644 0.04597682 0.05792017 0.30274182 0.03634063 
383.00000000 0.07861252 0.07279133 0.40592224 0.04601725 0.05785444 0.30233704 0.03646518 
384.00000000 0.07876605 0.07283975 0.40607816 0.04604826 0.05777518 0.30189139 0.03660121 
385.00000000 0.07895097 0.07286654 0.40625715 0.04607219 0.05768668 0.30142029 0.03674619 
386.00000000 0.07917399 0.07285958 0.40643389 0.04609419 0.05759119 0.30094755 0.03689961 
387.00000000 0.07943238 0.07281479 0.40658867 0.04612031 0.05748757 0.30049321 0.03706308 
388.00000000 0.07971595 0.07273577 0.40671419 0.04615560 0.05737190 0.30006725 0.03723933 
389.00000000 0.08001305 0.07262914 0.40681333 0.04620289 0.05723982 0.29967107 0.03743070 
390.00000000 0.08031629 0.07249922 0.40689248 0.04626262 0.05708924 0.29930226 0.03763788 
391.00000000 0.08062468 0.07234645 0.40695640 0.04633330 0.05692164 0.29895768 0.03785985 
392.00000000 0.08094076 0.07217109 0.40700680 0.04641171 0.05674102 0.29863339 0.03809522 
393.00000000 0.08126550 0.07197921 0.40704402 0.04649245 0.05655162 0.29832321 0.03834399 
394.00000000 0.08159487 0.07178558 0.40706912 0.04656768 0.05635623 0.29801842 0.03860809 
395.00000000 0.08192089 0.07160989 0.40708410 0.04662826 0.05615639 0.29771054 0.03888993 
396.00000000 0.08223609 0.07146756 0.40708949 0.04666695 0.05595372 0.29739657 0.03918962 
397.00000000 0.08253800 0.07136108 0.40708097 0.04668257 0.05575047 0.29708416 0.03950276 
398.00000000 0.08282984 0.07127801 0.40704801 0.04668257 0.05554843 0.29679272 0.03982042 
399.00000000 0.08311665 0.07119791 0.40697682 0.04668225 0.05534692 0.29654806 0.04013138 
400.00000000 0.08339923 0.07110428 0.40685685 0.04670018 0.05514196 0.29637160 0.04042590 
401.00000000 0.08367071 0.07099410 0.40668686 0.04675190 0.05492800 0.29626970 0.04069874 
402.00000000 0.08391841 0.07087882 0.40647637 0.04684463 0.05470172 0.29623008 0.04094997 
403.00000000 0.08412973 0.07077618 0.40624195 0.04697582 0.05446567 0.29622748 0.04118317 
404.00000000 0.08429772 0.07069862 0.40600108 0.04713602 0.05422943 0.29623459 0.04140254 
405.00000000 0.08442272 0.07064629 0.40576703 0.04731423 0.05400728 0.29623144 0.04161102 
406.00000000 0.08450951 0.07060912 0.40554657 0.04750224 0.05381325 0.29620912 0.04181019 
407.00000000 0.08456272 0.07057580 0.40533976 0.04769580 0.05365635 0.29616821 0.04200137 
408.00000000 0.08458409 0.07054272 0.40513981 0.04789282 0.05353838 0.29611560 0.04218657 
409.00000000 0.08457326 0.07051655 0.40493234 0.04809065 0.05345545 0.29606331 0.04236844 
410.00000000 0.08453052 0.07050879 0.40469606 0.04828508 0.05340166 0.29602861 0.04254929 
411.00000000 0.08445868 0.07052654 0.40440793 0.04847182 0.05337216 0.29603263 0.04273023 
412.00000000 0.08436233 0.07056630 0.40405198 0.04864959 0.05336394 0.29609494 0.04291092 
413.00000000 0.08424522 0.07061498 0.40362731 0.04882218 0.05337466 0.29622557 0.04309008 
414.00000000 0.08410798 0.07065790 0.40314952 0.04899756 0.05340156 0.29641908 0.04326639 
415.00000000 0.08394834 0.07068867 0.40264326 0.04918396 0.05344199 0.29665490 0.04343888 
416.00000000 0.08376390 0.07071444 0.40212912 0.04938493 0.05349582 0.29690555 0.04360624 
417.00000000 0.08355529 0.07075311 0.40161215 0.04959654 0.05356826 0.29714910 0.04376555 
418.00000000 0.08332694 0.07082385 0.40107911 0.04980862 0.05367030 0.29737919 0.04391200 
419.00000000 0.08308466 0.07093699 0.40050564 0.05000952 0.05381563 0.29760692 0.04404064 
420.00000000 0.08283185 0.07108962 0.39986904 0.05019147 0.05401504 0.29785378 0.04414921 
421.00000000 0.08256725 0.07126910 0.39915950 0.05035359 0.05427131 0.29813983 0.04423942 
422.00000000 0.08228606 0.07146126 0.39838394 0.05050118 0.05457780 0.29847410 0.04431565 
423.00000000 0.08198364 0.07165746 0.39756044 0.05064179 0.05492161 0.29885285 0.04438220 
424.00000000 0.08165943 0.07185601 0.39670739 0.05078065 0.05528928 0.29926591 0.04444133 
425.00000000 0.08131838 0.07205770 0.39583506 0.05091843 0.05567150 0.29970508 0.04449384 
426.00000000 0.08096928 0.07225946 0.39494424 0.05105249 0.05606458 0.30016861 0.04454134 
427.00000000 0.08062143 0.07245171 0.39403089 0.05118002 0.05646870 0.30065941 0.04458785 
428.00000000 0.08028180 0.07262233 0.39309170 0.05130032 0.05688495 0.30117979 0.04463910 
429.00000000 0.07995404 0.07276515 0.39212621 0.05141438 0.05731300 0.30172744 0.04469978 
430.00000000 0.07963927 0.07288649 0.39113444 0.05152238 0.05775078 0.30229590 0.04477074 
431.00000000 0.07933719 0.07300501 0.39011292 0.05162126 0.05819582 0.30287932 0.04484849 
432.00000000 0.07904630 0.07314441 0.38905375 0.05170430 0.05864652 0.30347687 0.04492784 
433.00000000 0.07876307 0.07332374 0.38795002 0.05176325 0.05910180 0.30409185 0.04500628 
434.00000000 0.07848161 0.07355102 0.38680513 0.05179200 0.05955880 0.30472455 0.04508689 
435.00000000 0.07819493 0.07382296 0.38564047 0.05179008 0.06001049 0.30536334 0.04517773 
436.00000000 0.07789727 0.07412953 0.38449559 0.05176391 0.06044567 0.30598027 0.04528776 
437.00000000 0.07758635 0.07445925 0.38341938 0.05172497 0.06085238 0.30653539 0.04542228 
438.00000000 0.07726398 0.07480241 0.38245586 0.05168550 0.06122307 0.30698869 0.04558049 
439.00000000 0.07693465 0.07515130 0.38163112 0.05165415 0.06155821 0.30731428 0.04575630 
