0.00000000 0.00000000 0.00000000 0.00000000 0.00000000 0.00000000 1.00000000 0.00000000 
1.00000000 0.00000666 0.00000494 0.00000327 0.00001027 0.00023332 0.99968564 0.00005590 
2.00000000 0.00002661 0.00001976 0.00001308 0.00004120 0.00093260 0.99874335 0.00022341 
3.00000000 0.00005979 0.00004444 0.00002942 0.00009324 0.00209585 0.99717539 0.00050188 
4.00000000 0.00010609 0.00007896 0.00005228 0.00016705 0.00371978 0.99498558 0.00089027 
5.00000000 0.00016535 0.00012329 0.00008165 0.00026362 0.00579981 0.99217916 0.00138712 
6.00000000 0.00023738 0.00017740 0.00011752 0.00038416 0.00833012 0.98876282 0.00199059 
7.00000000 0.00032196 0.00024124 0.00015987 0.00053016 0.01130370 0.98474461 0.00269847 
8.00000000 0.00041880 0.00031475 0.00020869 0.00070332 0.01471235 0.98013388 0.00350820 
9.00000000 0.00052761 0.00039789 0.00026396 0.00090563 0.01854678 0.97494120 0.00441692 
10.00000000 0.00064804 0.00049060 0.00032567 0.00113925 0.02279671 0.96917829 0.00542144 
11.00000000 0.00077971 0.00059282 0.00039382 0.00140658 0.02745087 0.96285792 0.00651828 
12.00000000 0.00092220 0.00070450 0.00046839 0.00171017 0.03249713 0.95599392 0.00770369 
13.00000000 0.00107505 0.00082557 0.00054940 0.00205274 0.03792245 0.94860113 0.00897366 
14.00000000 0.00123776 0.00095597 0.00063684 0.00243714 0.04371294 0.94069530 0.01032405 
15.00000000 0.00140980 0.00109564 0.00073071 0.00286633 0.04985387 0.93229308 0.01175056 
16.00000000 0.00159061 0.00124454 0.00083102 0.00334345 0.05632965 0.92341199 0.01324874 
17.00000000 0.00177960 0.00140259 0.00093781 0.00387173 0.06312386 0.91407047 0.01481394 
18.00000000 0.00197615 0.00156975 0.00105109 0.00445459 0.07021910 0.90428807 0.01644125 
19.00000000 0.00217961 0.00174597 0.00117088 0.00509555 0.07759703 0.89408547 0.01812549 
20.00000000 0.00238931 0.00193119 0.00129718 0.00579819 0.08523835 0.88348451 0.01986128 
21.00000000 0.00260455 0.00212535 0.00142996 0.00656613 0.09312298 0.87250790 0.02164314 
22.00000000 0.00282461 0.00232840 0.00156919 0.00740291 0.10123032 0.86117892 0.02346565 
23.00000000 0.00304877 0.00254030 0.00171483 0.00831195 0.10953962 0.84952107 0.02532347 
24.00000000 0.00327627 0.00276098 0.00186685 0.00929649 0.11803025 0.83755781 0.02721134 
25.00000000 0.00350636 0.00299042 0.00202522 0.01035952 0.12668190 0.82531253 0.02912405 
26.00000000 0.00373828 0.00322856 0.00218991 0.01150375 0.13547450 0.81280863 0.03105637 
27.00000000 0.00397126 0.00347535 0.00236085 0.01273159 0.14438822 0.80006955 0.03300319 
28.00000000 0.00420457 0.00373074 0.00253793 0.01404512 0.15340331 0.78711879 0.03495953 
29.00000000 0.00443749 0.00399467 0.00272104 0.01544622 0.16250012 0.77397977 0.03692071 
30.00000000 0.00466933 0.00426707 0.00291001 0.01693659 0.17165905 0.76067572 0.03888223 
31.00000000 0.00489945 0.00454791 0.00310469 0.01851784 0.18086071 0.74722973 0.04083966 
32.00000000 0.00512719 0.00483714 0.00330494 0.02019147 0.19008600 0.73366480 0.04278847 
33.00000000 0.00535192 0.00513473 0.00351059 0.02195881 0.19931614 0.72000389 0.04472392 
34.00000000 0.00557302 0.00544063 0.00372150 0.02382092 0.20853280 0.70626990 0.04664124 
35.00000000 0.00578985 0.00575477 0.00393750 0.02577853 0.21771810 0.69248543 0.04853582 
36.00000000 0.00600178 0.00607711 0.00415843 0.02783191 0.22685485 0.67867242 0.05040350 
37.00000000 0.00620822 0.00640756 0.00438413 0.02998096 0.23592675 0.66485174 0.05224065 
38.00000000 0.00640858 0.00674605 0.00461447 0.03222515 0.24491862 0.65104298 0.05404416 
39.00000000 0.00660231 0.00709251 0.00484935 0.03456366 0.25381630 0.63726463 0.05581124 
40.00000000 0.00678892 0.00744684 0.00508867 0.03699537 0.26260640 0.62353453 0.05753926 
41.00000000 0.00696792 0.00780896 0.00533232 0.03951893 0.27127574 0.60987046 0.05922567 
42.00000000 0.00713889 0.00817874 0.00558007 0.04213285 0.27981088 0.59629051 0.06086807 
43.00000000 0.00730139 0.00855604 0.00583164 0.04483549 0.28819787 0.58281322 0.06246435 
44.00000000 0.00745503 0.00894076 0.00608664 0.04762515 0.29642222 0.56945743 0.06401278 
45.00000000 0.00759939 0.00933277 0.00634463 0.05050000 0.30446924 0.55624199 0.06551198 
46.00000000 0.00773407 0.00973195 0.00660518 0.05345794 0.31232449 0.54318556 0.06696080 
47.00000000 0.00785870 0.01013820 0.00686784 0.05649639 0.31997428 0.53030645 0.06835815 
48.00000000 0.00797289 0.01055133 0.00713222 0.05961207 0.32740590 0.51762251 0.06970307 
49.00000000 0.00807632 0.01097117 0.00739793 0.06280096 0.33460771 0.50515112 0.07099478 
50.00000000 0.00816870 0.01139748 0.00766455 0.06605836 0.34156908 0.49290892 0.07223292 
51.00000000 0.00824980 0.01182997 0.00793167 0.06937911 0.34828029 0.48091151 0.07341763 
52.00000000 0.00831950 0.01226838 0.00819887 0.07275790 0.35473264 0.46917321 0.07454950 
53.00000000 0.00837773 0.01271240 0.00846578 0.07618940 0.36091841 0.45770702 0.07562926 
54.00000000 0.00842454 0.01316174 0.00873208 0.07966838 0.36683085 0.44652488 0.07665753 
55.00000000 0.00846000 0.01361609 0.00899752 0.08318975 0.37246398 0.43563802 0.07763464 
56.00000000 0.00848425 0.01407515 0.00926184 0.08674851 0.37781230 0.42505736 0.07856061 
57.00000000 0.00849740 0.01453857 0.00952471 0.09033979 0.38287055 0.41479352 0.07943545 
58.00000000 0.00849960 0.01500604 0.00978577 0.09395871 0.38763370 0.40485678 0.08025939 
59.00000000 0.00849097 0.01547725 0.01004454 0.09760027 0.39209716 0.39525667 0.08103314 
60.00000000 0.00847168 0.01595191 0.01030054 0.10125908 0.39625723 0.38600169 0.08175788 
61.00000000 0.00844188 0.01642971 0.01055333 0.10492919 0.40011148 0.37709919 0.08243521 
62.00000000 0.00840179 0.01691036 0.01080250 0.10860395 0.40365894 0.36855540 0.08306706 
63.00000000 0.00835162 0.01739355 0.01104764 0.11227597 0.40689980 0.36037581 0.08365561 
64.00000000 0.00829162 0.01787894 0.01128832 0.11593741 0.40983490 0.35256551 0.08420330 
65.00000000 0.00822208 0.01836617 0.01152400 0.11958026 0.41246504 0.34512961 0.08471285 
66.00000000 0.00814332 0.01885483 0.01175406 0.12319677 0.41479055 0.33807333 0.08518713 
67.00000000 0.00805572 0.01934452 0.01197788 0.12677973 0.41681104 0.33140210 0.08562900 
68.00000000 0.00795972 0.01983479 0.01219493 0.13032250 0.41852564 0.32512138 0.08604104 
69.00000000 0.00785581 0.02032513 0.01240479 0.13381888 0.41993339 0.31923647 0.08642553 
70.00000000 0.00774451 0.02081499 0.01260722 0.13726272 0.42103383 0.31375218 0.08678455 
71.00000000 0.00762636 0.02130376 0.01280204 0.14064754 0.42182751 0.30867256 0.08712023 
72.00000000 0.00750197 0.02179080 0.01298911 0.14396620 0.42231633 0.30400054 0.08743506 
73.00000000 0.00737197 0.02227542 0.01316827 0.14721085 0.42250381 0.29973763 0.08773204 
74.00000000 0.00723709 0.02275691 0.01333941 0.15037309 0.42239525 0.29588358 0.08801467 
75.00000000 0.00709816 0.02323453 0.01350246 0.15344425 0.42199759 0.29243626 0.08828674 
76.00000000 0.00695607 0.02370753 0.01365746 0.15641578 0.42131922 0.28939183 0.08855211 
77.00000000 0.00681174 0.02417519 0.01380452 0.15927945 0.42036935 0.28674521 0.08881455 
78.00000000 0.00666608 0.02463679 0.01394378 0.16202767 0.41915730 0.28449077 0.08907760 
79.00000000 0.00652000 0.02509163 0.01407530 0.16465365 0.41769174 0.28262314 0.08934454 
80.00000000 0.00637437 0.02553903 0.01419906 0.16715159 0.41598005 0.28113767 0.08961822 
81.00000000 0.00623009 0.02597828 0.01431497 0.16951681 0.41402823 0.28003060 0.08990103 
82.00000000 0.00608809 0.02640863 0.01442292 0.17174562 0.41184111 0.27929881 0.09019481 
83.00000000 0.00594934 0.02682931 0.01452291 0.17383519 0.40942308 0.27893924 0.09050094 
84.00000000 0.00581478 0.02723955 0.01461502 0.17578298 0.40677886 0.27894829 0.09082052 
85.00000000 0.00568534 0.02763857 0.01469941 0.17758637 0.40391420 0.27932148 0.09115464 
86.00000000 0.00556188 0.02802567 0.01477630 0.17924216 0.40083620 0.28005321 0.09150457 
87.00000000 0.00544527 0.02840012 0.01484586 0.18074662 0.39755336 0.28113697 0.09187179 
88.00000000 0.00533638 0.02876120 0.01490828 0.18209571 0.39407521 0.28256538 0.09225785 
89.00000000 0.00523616 0.02910813 0.01496374 0.18328565 0.39041184 0.28433038 0.09266411 
90.00000000 0.00514560 0.02944014 0.01501252 0.18431347 0.38657341 0.28642328 0.09309157 
91.00000000 0.00506571 0.02975647 0.01505500 0.18517730 0.38256976 0.28883493 0.09354084 
92.00000000 0.00499744 0.03005641 0.01509163 0.18587622 0.37841020 0.29155590 0.09401219 
93.00000000 0.00494166 0.03033936 0.01512292 0.18640989 0.37410358 0.29457679 0.09450580 
94.00000000 0.00489917 0.03060473 0.01514939 0.18677791 0.36965855 0.29788844 0.09502180 
95.00000000 0.00487075 0.03085198 0.01517155 0.18697945 0.36508393 0.30148199 0.09556036 
96.00000000 0.00485718 0.03108052 0.01518992 0.18701312 0.36038914 0.30534859 0.09612153 
97.00000000 0.00485929 0.03128975 0.01520508 0.18687725 0.35558439 0.30947901 0.09670523 
98.00000000 0.00487788 0.03147914 0.01521768 0.18657025 0.35068061 0.31386322 0.09731123 
99.00000000 0.00491367 0.03164823 0.01522842 0.18609103 0.34568913 0.31849033 0.09793920 
100.00000000 0.00496729 0.03179672 0.01523802 0.18543920 0.34062112 0.32334889 0.09858876 
101.00000000 0.00503924 0.03192444 0.01524718 0.18461522 0.33548712 0.32842741 0.09925940 
102.00000000 0.00513001 0.03203121 0.01525658 0.18362046 0.33029657 0.33371496 0.09995020 
103.00000000 0.00524012 0.03211688 0.01526682 0.18245755 0.32505765 0.33920139 0.10065959 
104.00000000 0.00537014 0.03218124 0.01527849 0.18113065 0.31977725 0.34487718 0.10138504 
105.00000000 0.00552067 0.03222411 0.01529207 0.17964583 0.31446106 0.35073312 0.10212315 
106.00000000 0.00569224 0.03224541 0.01530799 0.17801091 0.30911384 0.35675982 0.10286980 
107.00000000 0.00588524 0.03224526 0.01532657 0.17623488 0.30373980 0.36294754 0.10362072 
108.00000000 0.00609990 0.03222397 0.01534804 0.17432692 0.29834323 0.36928612 0.10437182 
109.00000000 0.00633636 0.03218193 0.01537258 0.17229537 0.29292916 0.37576506 0.10511955 
110.00000000 0.00659469 0.03211959 0.01540034 0.17014729 0.28750389 0.38237339 0.10586081 
111.00000000 0.00687502 0.03203737 0.01543145 0.16788864 0.28207516 0.38909960 0.10659277 
112.00000000 0.00717746 0.03193565 0.01546602 0.16552506 0.27665167 0.39593149 0.10731266 
113.00000000 0.00750208 0.03181493 0.01550412 0.16306271 0.27124230 0.40285621 0.10801766 
114.00000000 0.00784882 0.03167580 0.01554579 0.16050875 0.26585520 0.40986069 0.10870494 
115.00000000 0.00821750 0.03151906 0.01559104 0.15787117 0.26049724 0.41693214 0.10937185 
116.00000000 0.00860780 0.03134558 0.01563990 0.15515832 0.25517402 0.42405850 0.11001588 
117.00000000 0.00901935 0.03115628 0.01569240 0.15237840 0.24989048 0.43122855 0.11063453 
118.00000000 0.00945183 0.03095199 0.01574863 0.14953928 0.24465162 0.43843154 0.11122511 
119.00000000 0.00990487 0.03073353 0.01580866 0.14664884 0.23946292 0.44565663 0.11178455 
120.00000000 0.01037807 0.03050172 0.01587257 0.14371532 0.23433032 0.45289243 0.11230957 
121.00000000 0.01087084 0.03025758 0.01594041 0.14074755 0.22925982 0.46012683 0.11279698 
122.00000000 0.01138238 0.03000231 0.01601225 0.13775466 0.22425709 0.46734718 0.11324412 
123.00000000 0.01191169 0.02973735 0.01608819 0.13474552 0.21932739 0.47454070 0.11364916 
124.00000000 0.01245763 0.02946420 0.01616842 0.13172822 0.21447584 0.48169470 0.11401098 
125.00000000 0.01301906 0.02918434 0.01625318 0.12871003 0.20970766 0.48879684 0.11432889 
126.00000000 0.01359486 0.02889917 0.01634272 0.12569782 0.20502822 0.49583510 0.11460212 
127.00000000 0.01418395 0.02861000 0.01643724 0.12269879 0.20044261 0.50279787 0.11482954 
128.00000000 0.01478519 0.02831819 0.01653683 0.11972096 0.19595509 0.50967405 0.11500969 
129.00000000 0.01539737 0.02802519 0.01664145 0.11677307 0.19156866 0.51645320 0.11514105 
130.00000000 0.01601916 0.02773257 0.01675097 0.11386401 0.18728523 0.52312567 0.11522238 
131.00000000 0.01664917 0.02744198 0.01686519 0.11100198 0.18310628 0.52968249 0.11525291 
132.00000000 0.01728604 0.02715497 0.01698392 0.10819402 0.17903377 0.53611504 0.11523223 
133.00000000 0.01792845 0.02687294 0.01710693 0.10544594 0.17507085 0.54241473 0.11516015 
134.00000000 0.01857520 0.02659709 0.01723398 0.10276269 0.17122194 0.54857261 0.11503649 
135.00000000 0.01922506 0.02632848 0.01736481 0.10014880 0.16749228 0.55457934 0.11486124 
136.00000000 0.01987679 0.02606816 0.01749914 0.09760863 0.16388718 0.56042530 0.11463480 
137.00000000 0.02052907 0.02581725 0.01763674 0.09514620 0.16041158 0.56610085 0.11435832 
138.00000000 0.02118055 0.02557695 0.01777742 0.09276486 0.15707000 0.57159647 0.11403375 
139.00000000 0.02182993 0.02534841 0.01792109 0.09046714 0.15386690 0.57690287 0.11366366 
140.00000000 0.02247603 0.02513265 0.01806770 0.08825474 0.15080710 0.58201099 0.11325079 
141.00000000 0.02311784 0.02493050 0.01821726 0.08612886 0.14789595 0.58691196 0.11279764 
142.00000000 0.02375442 0.02474268 0.01836975 0.08409057 0.14513914 0.59159707 0.11230638 
143.00000000 0.02438484 0.02456987 0.01852513 0.08214101 0.14254236 0.59605784 0.11177895 
144.00000000 0.02500809 0.02441286 0.01868336 0.08028132 0.14011092 0.60028606 0.11121739 
145.00000000 0.02562302 0.02427260 0.01884438 0.07851241 0.13784967 0.60427390 0.11062401 
146.00000000 0.02622841 0.02415011 0.01900816 0.07683473 0.13576312 0.60801401 0.11000145 
147.00000000 0.02682307 0.02404632 0.01917467 0.07524816 0.13385565 0.61149963 0.10935251 
148.00000000 0.02740585 0.02396195 0.01934386 0.07375208 0.13213153 0.61472475 0.10867997 
149.00000000 0.02797574 0.02389748 0.01951569 0.07234554 0.13059483 0.61768425 0.10798648 
150.00000000 0.02853170 0.02385322 0.01969004 0.07102731 0.12924911 0.62037389 0.10727472 
151.00000000 0.02907270 0.02382945 0.01986678 0.06979599 0.12809734 0.62279026 0.10654748 
152.00000000 0.02959759 0.02382647 0.02004571 0.06864995 0.12714189 0.62493056 0.10580784 
153.00000000 0.03010520 0.02384465 0.02022657 0.06758722 0.12638477 0.62679253 0.10505907 
154.00000000 0.03059441 0.02388431 0.02040908 0.06660548 0.12582789 0.62837435 0.10430447 
155.00000000 0.03106422 0.02394563 0.02059292 0.06570209 0.12547323 0.62967470 0.10354721 
156.00000000 0.03151374 0.02402863 0.02077776 0.06487413 0.12532280 0.63069277 0.10279017 
157.00000000 0.03194217 0.02413322 0.02096334 0.06411854 0.12537846 0.63142822 0.10203605 
158.00000000 0.03234864 0.02425939 0.02114942 0.06343220 0.12564169 0.63188125 0.10128741 
159.00000000 0.03273223 0.02440728 0.02133584 0.06281206 0.12611338 0.63205251 0.10054671 
160.00000000 0.03309194 0.02457721 0.02152249 0.06225508 0.12679386 0.63194306 0.09981635 
161.00000000 0.03342682 0.02476961 0.02170929 0.06175827 0.12768290 0.63155442 0.09909870 
162.00000000 0.03373605 0.02498482 0.02189619 0.06131847 0.12877977 0.63088859 0.09839613 
163.00000000 0.03401907 0.02522300 0.02208316 0.06093234 0.13008319 0.62994803 0.09771121 
164.00000000 0.03427550 0.02548414 0.02227019 0.06059630 0.13159140 0.62873570 0.09704678 
165.00000000 0.03450510 0.02576810 0.02245721 0.06030667 0.13330220 0.62725482 0.09640590 
166.00000000 0.03470767 0.02607478 0.02264413 0.06005999 0.13521309 0.62550868 0.09579165 
167.00000000 0.03488302 0.02640419 0.02283075 0.05985325 0.13732142 0.62350056 0.09520682 
168.00000000 0.03503097 0.02675638 0.02301675 0.05968408 0.13962443 0.62123367 0.09465371 
169.00000000 0.03515148 0.02713142 0.02320175 0.05955078 0.14211904 0.61871145 0.09413410 
170.00000000 0.03524462 0.02752922 0.02338531 0.05945207 0.14480152 0.61593791 0.09364935 
171.00000000 0.03531061 0.02794960 0.02356700 0.05938697 0.14766727 0.61291791 0.09320065 
172.00000000 0.03534968 0.02839233 0.02374641 0.05935459 0.15071069 0.60965722 0.09278907 
173.00000000 0.03536203 0.02885727 0.02392320 0.05935408 0.15392550 0.60616236 0.09241555 
174.00000000 0.03534777 0.02934441 0.02409705 0.05938465 0.15730505 0.60244037 0.09208070 
175.00000000 0.03530702 0.02985384 0.02426767 0.05944557 0.16084256 0.59849853 0.09178481 
176.00000000 0.03524001 0.03038562 0.02443479 0.05953616 0.16453105 0.59434443 0.09152795 
177.00000000 0.03514721 0.03093960 0.02459812 0.05965567 0.16836308 0.58998603 0.09131028 
178.00000000 0.03502936 0.03151539 0.02475741 0.05980328 0.17233049 0.58543178 0.09113228 
179.00000000 0.03488740 0.03211235 0.02491235 0.05997813 0.17642440 0.58069054 0.09099482 
180.00000000 0.03472236 0.03272978 0.02506257 0.06017952 0.18063546 0.57577148 0.09089883 
181.00000000 0.03453522 0.03336698 0.02520764 0.06040714 0.18495421 0.57068391 0.09084489 
182.00000000 0.03432691 0.03402338 0.02534703 0.06066120 0.18937129 0.56543740 0.09083278 
183.00000000 0.03409830 0.03469845 0.02548018 0.06094243 0.19387735 0.56004185 0.09086145 
184.00000000 0.03385031 0.03539163 0.02560657 0.06125175 0.19846271 0.55450770 0.09092934 
185.00000000 0.03358391 0.03610227 0.02572579 0.06159002 0.20311719 0.54884594 0.09103488 
186.00000000 0.03330014 0.03682959 0.02583757 0.06195777 0.20783016 0.54306785 0.09117692 
187.00000000 0.03299998 0.03757279 0.02594178 0.06235505 0.21259098 0.53718465 0.09135476 
188.00000000 0.03268429 0.03833118 0.02603836 0.06278159 0.21738956 0.53120713 0.09156790 
189.00000000 0.03235383 0.03910413 0.02612727 0.06323703 0.22221655 0.52514556 0.09181563 
190.00000000 0.03200930 0.03989109 0.02620849 0.06372119 0.22706331 0.51900977 0.09209687 
191.00000000 0.03165148 0.04069137 0.02628198 0.06423426 0.23192137 0.51280931 0.09241022 
192.00000000 0.03128135 0.04150413 0.02634774 0.06477684 0.23678201 0.50655362 0.09275431 
193.00000000 0.03090006 0.04232827 0.02640578 0.06534976 0.24163606 0.50025199 0.09312808 
194.00000000 0.03050887 0.04316260 0.02645616 0.06595391 0.24647416 0.49391352 0.09353078 
195.00000000 0.03010897 0.04400598 0.02649896 0.06659008 0.25128724 0.48754713 0.09396164 
196.00000000 0.02970142 0.04485742 0.02653428 0.06725875 0.25606696 0.48116173 0.09441944 
197.00000000 0.02928716 0.04571603 0.02656231 0.06796006 0.26080575 0.47476639 0.09490230 
198.00000000 0.02886705 0.04658099 0.02658327 0.06869370 0.26549662 0.46837057 0.09540781 
199.00000000 0.02844206 0.04745130 0.02659748 0.06945886 0.27013276 0.46198404 0.09593349 
200.00000000 0.02801335 0.04832572 0.02660539 0.07025426 0.27470720 0.45561677 0.09647732 
201.00000000 0.02758225 0.04920273 0.02660747 0.07107820 0.27921268 0.44927878 0.09703789 
202.00000000 0.02715021 0.05008064 0.02660426 0.07192887 0.28364170 0.44298009 0.09761422 
203.00000000 0.02671864 0.05095769 0.02659624 0.07280465 0.28798657 0.43673087 0.09820534 
204.00000000 0.02628886 0.05183213 0.02658387 0.07370443 0.29223936 0.43054157 0.09880979 
205.00000000 0.02586215 0.05270220 0.02656756 0.07462777 0.29639181 0.42442297 0.09942556 
206.00000000 0.02543976 0.05356611 0.02654773 0.07557484 0.30043515 0.41838613 0.10005028 
207.00000000 0.02502300 0.05442197 0.02652489 0.07654611 0.30436027 0.41244211 0.10068165 
208.00000000 0.02461317 0.05526790 0.02649967 0.07754186 0.30815818 0.40660154 0.10131767 
209.00000000 0.02421154 0.05610203 0.02647287 0.07856182 0.31182067 0.40087432 0.10195675 
210.00000000 0.02381916 0.05692270 0.02644540 0.07960496 0.31534096 0.39526932 0.10259750 
211.00000000 0.02343689 0.05772842 0.02641829 0.08066949 0.31871404 0.38979434 0.10323852 
212.00000000 0.02306544 0.05851787 0.02639256 0.08175313 0.32193651 0.38445617 0.10387832 
213.00000000 0.02270546 0.05928971 0.02636917 0.08285336 0.32500614 0.37926065 0.10451551 
214.00000000 0.02235776 0.06004253 0.02634896 0.08396768 0.32792114 0.37421295 0.10514898 
215.00000000 0.02202332 0.06077478 0.02633265 0.08509383 0.33067962 0.36931775 0.10577806 
216.00000000 0.02170329 0.06148481 0.02632083 0.08622980 0.33327915 0.36457968 0.10640244 
217.00000000 0.02139885 0.06217102 0.02631402 0.08737388 0.33571666 0.36000371 0.10702188 
218.00000000 0.02111109 0.06283195 0.02631264 0.08852464 0.33798848 0.35559536 0.10763585 
219.00000000 0.02084091 0.06346632 0.02631712 0.08968080 0.34009064 0.35136078 0.10824343 
220.00000000 0.02058905 0.06407303 0.02632786 0.09084103 0.34201920 0.34730645 0.10884337 
221.00000000 0.02035611 0.06465104 0.02634530 0.09200371 0.34377056 0.34343891 0.10943437 
222.00000000 0.02014264 0.06519939 0.02636989 0.09316664 0.34534184 0.33976429 0.11001531 
223.00000000 0.01994916 0.06571713 0.02640217 0.09432701 0.34673119 0.33628799 0.11058534 
224.00000000 0.01977615 0.06620338 0.02644277 0.09548149 0.34793809 0.33301439 0.11114373 
225.00000000 0.01962401 0.06665739 0.02649236 0.09662644 0.34896347 0.32994658 0.11168975 
226.00000000 0.01949305 0.06707849 0.02655167 0.09775836 0.34980960 0.32708622 0.11222260 
227.00000000 0.01938351 0.06746611 0.02662138 0.09887415 0.35047974 0.32443363 0.11274148 
228.00000000 0.01929558 0.06781974 0.02670205 0.09997137 0.35097748 0.32198805 0.11324574 
229.00000000 0.01922949 0.06813889 0.02679406 0.10104817 0.35130616 0.31974822 0.11373501 
230.00000000 0.01918553 0.06842318 0.02689761 0.10210308 0.35146853 0.31771291 0.11420916 
231.00000000 0.01916394 0.06867233 0.02701281 0.10313469 0.35146676 0.31588130 0.11466818 
232.00000000 0.01916492 0.06888622 0.02713970 0.10414131 0.35130287 0.31425289 0.11511208 
233.00000000 0.01918850 0.06906496 0.02727837 0.10512074 0.35097930 0.31282718 0.11554095 
234.00000000 0.01923456 0.06920878 0.02742891 0.10607025 0.35049926 0.31160317 0.11595507 
235.00000000 0.01930277 0.06931807 0.02759134 0.10698683 0.34986681 0.31057907 0.11635511 
236.00000000 0.01939271 0.06939329 0.02776559 0.10786749 0.34908652 0.30975238 0.11674202 
237.00000000 0.01950389 0.06943495 0.02795140 0.10870964 0.34816299 0.30912029 0.11711684 
238.00000000 0.01963582 0.06944356 0.02814840 0.10951133 0.34710040 0.30868020 0.11748030 
239.00000000 0.01978804 0.06941962 0.02835616 0.11027139 0.34590218 0.30843009 0.11783253 
240.00000000 0.01996010 0.06936367 0.02857423 0.11098934 0.34457104 0.30836861 0.11817301 
241.00000000 0.02015152 0.06927628 0.02880220 0.11166537 0.34310897 0.30849488 0.11850077 
242.00000000 0.02036178 0.06915811 0.02903961 0.11230012 0.34151734 0.30880831 0.11881473 
243.00000000 0.02059031 0.06900983 0.02928596 0.11289451 0.33979700 0.30930842 0.11911397 
244.00000000 0.02083652 0.06883220 0.02954062 0.11344952 0.33794864 0.30999468 0.11939782 
245.00000000 0.02109987 0.06862599 0.02980293 0.11396582 0.33597322 0.31086641 0.11966575 
246.00000000 0.02137985 0.06839203 0.03007224 0.11444357 0.33387268 0.31192236 0.11991727 
247.00000000 0.02167603 0.06813120 0.03034799 0.11488224 0.33165050 0.31316017 0.12015187 
248.00000000 0.02198805 0.06784443 0.03062975 0.11528070 0.32931195 0.31457586 0.12036925 
249.00000000 0.02231559 0.06753268 0.03091714 0.11563757 0.32686388 0.31616362 0.12056952 
250.00000000 0.02265834 0.06719690 0.03120976 0.11595161 0.32431397 0.31791620 0.12075323 
251.00000000 0.02301600 0.06683798 0.03150713 0.11622219 0.32166985 0.31982567 0.12092118 
252.00000000 0.02338831 0.06645675 0.03180866 0.11644943 0.31893845 0.32188440 0.12107400 
253.00000000 0.02377500 0.06605399 0.03211369 0.11663418 0.31612568 0.32408572 0.12121174 
254.00000000 0.02417579 0.06563050 0.03242161 0.11677771 0.31323669 0.32642397 0.12133373 
255.00000000 0.02459033 0.06518717 0.03273186 0.11688129 0.31027627 0.32889418 0.12143890 
256.00000000 0.02501814 0.06472504 0.03304396 0.11694597 0.30724934 0.33149131 0.12152623 
257.00000000 0.02545855 0.06424534 0.03335749 0.11697242 0.30416116 0.33420974 0.12159531 
258.00000000 0.02591067 0.06374944 0.03367200 0.11696112 0.30101738 0.33704295 0.12164644 
259.00000000 0.02637346 0.06323882 0.03398701 0.11691255 0.29782393 0.33998368 0.12168055 
260.00000000 0.02684572 0.06271510 0.03430203 0.11682741 0.29458689 0.34302417 0.12169869 
261.00000000 0.02732624 0.06217992 0.03461661 0.11670668 0.29131233 0.34615649 0.12170173 
262.00000000 0.02781377 0.06163500 0.03493037 0.11655174 0.28800620 0.34937275 0.12169016 
263.00000000 0.02830710 0.06108206 0.03524300 0.11636432 0.28467400 0.35266532 0.12166420 
264.00000000 0.02880503 0.06052276 0.03555419 0.11614658 0.28132045 0.35602702 0.12162399 
265.00000000 0.02930637 0.05995867 0.03586357 0.11590105 0.27794923 0.35945145 0.12156966 
266.00000000 0.02980997 0.05939126 0.03617065 0.11563065 0.27456289 0.36293327 0.12150131 
267.00000000 0.03031470 0.05882185 0.03647492 0.11533850 0.27116316 0.36646813 0.12141875 
268.00000000 0.03081952 0.05825165 0.03677585 0.11502760 0.26775157 0.37005232 0.12132148 
269.00000000 0.03132344 0.05768182 0.03707308 0.11470051 0.26433026 0.37368205 0.12120883 
270.00000000 0.03182556 0.05711348 0.03736635 0.11435906 0.26090256 0.37735261 0.12108037 
271.00000000 0.03232499 0.05654776 0.03765553 0.11400427 0.25747317 0.38105796 0.12093632 
272.00000000 0.03282084 0.05598581 0.03794046 0.11363646 0.25404796 0.38479070 0.12077777 
273.00000000 0.03331221 0.05542879 0.03822095 0.11325566 0.25063335 0.38854257 0.12060646 
274.00000000 0.03379818 0.05487785 0.03849679 0.11286195 0.24723570 0.39230515 0.12042438 
275.00000000 0.03427784 0.05433405 0.03876776 0.11245585 0.24386084 0.39607051 0.12023315 
276.00000000 0.03475032 0.05379844 0.03903377 0.11203839 0.24051397 0.39983136 0.12003375 
277.00000000 0.03521477 0.05327197 0.03929479 0.11161105 0.23719981 0.40358108 0.11982653 
278.00000000 0.03567038 0.05275561 0.03955086 0.11117540 0.23392296 0.40731332 0.11961148 
279.00000000 0.03611630 0.05225032 0.03980197 0.11073280 0.23068825 0.41102170 0.11938865 
280.00000000 0.03655164 0.05175710 0.04004803 0.11028417 0.22750096 0.41469969 0.11915840 
281.00000000 0.03697547 0.05127692 0.04028884 0.10982998 0.22436690 0.41834051 0.11892138 
282.00000000 0.03738687 0.05081070 0.04052415 0.10937035 0.22129225 0.42193724 0.11867844 
283.00000000 0.03778496 0.05035927 0.04075377 0.10890531 0.21828345 0.42548284 0.11843041 
284.00000000 0.03816895 0.04992335 0.04097754 0.10843492 0.21534701 0.42897014 0.11817809 
285.00000000 0.03853816 0.04950356 0.04119534 0.10795933 0.21248940 0.43239194 0.11792227 
286.00000000 0.03889200 0.04910046 0.04140696 0.10747879 0.20971675 0.43574122 0.11766382 
287.00000000 0.03922995 0.04871457 0.04161205 0.10699356 0.20703454 0.43901166 0.11740367 
288.00000000 0.03955159 0.04834636 0.04181009 0.10650404 0.20444721 0.44219801 0.11714270 
289.00000000 0.03985659 0.04799618 0.04200046 0.10601080 0.20195796 0.44529645 0.11688156 
290.00000000 0.04014470 0.04766425 0.04218255 0.10551469 0.19956882 0.44830442 0.11662057 
291.00000000 0.04041579 0.04735066 0.04235586 0.10501670 0.19728106 0.45122010 0.11635984 
292.00000000 0.04066974 0.04705540 0.04252009 0.10451776 0.19509578 0.45404174 0.11609948 
293.00000000 0.04090645 0.04677840 0.04267517 0.10401844 0.19301458 0.45676704 0.11583993 
294.00000000 0.04112576 0.04651962 0.04282118 0.10351869 0.19103986 0.45939280 0.11558208 
295.00000000 0.04132753 0.04627906 0.04295838 0.10301787 0.18917482 0.46191506 0.11532727 
296.00000000 0.04151164 0.04605673 0.04308710 0.10251505 0.18742308 0.46432941 0.11507700 
297.00000000 0.04167816 0.04585257 0.04320776 0.10200937 0.18578819 0.46663133 0.11483263 
298.00000000 0.04182733 0.04566650 0.04332082 0.10150043 0.18427331 0.46881649 0.11459512 
299.00000000 0.04195961 0.04549836 0.04342682 0.10098846 0.18288105 0.47088075 0.11436495 
300.00000000 0.04207560 0.04534800 0.04352627 0.10047433 0.18161356 0.47282013 0.11414210 
301.00000000 0.04217597 0.04521530 0.04361965 0.09995932 0.18047275 0.47463076 0.11392625 
302.00000000 0.04226137 0.04510020 0.04370729 0.09944495 0.17946030 0.47630902 0.11371688 
303.00000000 0.04233247 0.04500260 0.04378934 0.09893285 0.17857764 0.47785169 0.11351341 
304.00000000 0.04238995 0.04492233 0.04386579 0.09842472 0.17782577 0.47925616 0.11331528 
305.00000000 0.04243454 0.04485903 0.04393650 0.09792232 0.17720513 0.48052046 0.11312203 
306.00000000 0.04246691 0.04481225 0.04400130 0.09742745 0.17671564 0.48164308 0.11293336 
307.00000000 0.04248771 0.04478147 0.04406006 0.09694201 0.17635685 0.48262269 0.11274922 
308.00000000 0.04249741 0.04476619 0.04411276 0.09646789 0.17612807 0.48345796 0.11256974 
309.00000000 0.04249636 0.04476600 0.04415948 0.09600701 0.17602840 0.48414755 0.11239520 
310.00000000 0.04248491 0.04478055 0.04420040 0.09556131 0.17605650 0.48469042 0.11222591 
311.00000000 0.04246348 0.04480950 0.04423572 0.09513273 0.17621028 0.48508618 0.11206211 
312.00000000 0.04243267 0.04485246 0.04426566 0.09472321 0.17648671 0.48533536 0.11190394 
313.00000000 0.04239324 0.04490896 0.04429045 0.09433465 0.17688188 0.48543936 0.11175144 
314.00000000 0.04234605 0.04497851 0.04431037 0.09396895 0.17739138 0.48540010 0.11160464 
315.00000000 0.04229187 0.04506063 0.04432570 0.09362801 0.17801067 0.48521955 0.11146357 
316.00000000 0.04223132 0.04515498 0.04433672 0.09331383 0.17873555 0.48489930 0.11132830 
317.00000000 0.04216487 0.04526130 0.04434368 0.09302859 0.17956209 0.48444055 0.11119893 
318.00000000 0.04209288 0.04537941 0.04434671 0.09277455 0.18048653 0.48384431 0.11107561 
319.00000000 0.04201568 0.04550917 0.04434587 0.09255406 0.18150490 0.48311182 0.11095851 
320.00000000 0.04193356 0.04565045 0.04434117 0.09236933 0.18261282 0.48224478 0.11084788 
321.00000000 0.04184674 0.04580322 0.04433265 0.09222249 0.18380553 0.48124540 0.11074398 
322.00000000 0.04175531 0.04596751 0.04432041 0.09211557 0.18507815 0.48011608 0.11064697 
323.00000000 0.04165921 0.04614346 0.04430466 0.09205062 0.18642597 0.47885921 0.11055686 
324.00000000 0.04155834 0.04633125 0.04428564 0.09202969 0.18784462 0.47747704 0.11047341 
325.00000000 0.04145266 0.04653102 0.04426359 0.09205465 0.18933003 0.47597186 0.11039619 
326.00000000 0.04134226 0.04674270 0.04423869 0.09212695 0.19087831 0.47434641 0.11032468 
327.00000000 0.04122743 0.04696603 0.04421106 0.09224736 0.19248560 0.47260403 0.11025848 
328.00000000 0.04110853 0.04720060 0.04418082 0.09241593 0.19414814 0.47074864 0.11019733 
329.00000000 0.04098589 0.04744592 0.04414808 0.09263220 0.19586247 0.46878436 0.11014108 
330.00000000 0.04085971 0.04770154 0.04411299 0.09289550 0.19762566 0.46671511 0.11008949 
331.00000000 0.04073005 0.04796714 0.04407574 0.09320524 0.19943534 0.46454438 0.11004211 
332.00000000 0.04059691 0.04824249 0.04403652 0.09356097 0.20128954 0.46227536 0.10999821 
333.00000000 0.04046032 0.04852739 0.04399560 0.09396216 0.20318634 0.45991130 0.10995689 
334.00000000 0.04032039 0.04882164 0.04395330 0.09440793 0.20512365 0.45745579 0.10991730 
335.00000000 0.04017736 0.04912499 0.04391004 0.09489686 0.20709911 0.45491284 0.10987879 
336.00000000 0.04003153 0.04943711 0.04386632 0.09542704 0.20911029 0.45228671 0.10984100 
337.00000000 0.03988320 0.04975765 0.04382261 0.09599631 0.21115483 0.44958165 0.10980375 
338.00000000 0.03973267 0.05008623 0.04377928 0.09660256 0.21323046 0.44680179 0.10976700 
339.00000000 0.03958029 0.05042245 0.04373656 0.09724378 0.21533485 0.44395138 0.10973069 
340.00000000 0.03942645 0.05076583 0.04369456 0.09791797 0.21746527 0.44103512 0.10969479 
341.00000000 0.03927160 0.05111581 0.04365343 0.09862294 0.21961837 0.43805848 0.10965938 
342.00000000 0.03911620 0.05147180 0.04361342 0.09935604 0.22179014 0.43502775 0.10962465 
343.00000000 0.03896058 0.05183328 0.04357505 0.10011426 0.22397623 0.43194975 0.10959085 
344.00000000 0.03880486 0.05219986 0.04353906 0.10089434 0.22617239 0.42883139 0.10955810 
345.00000000 0.03864898 0.05257135 0.04350636 0.10169305 0.22837473 0.42567927 0.10952626 
346.00000000 0.03849272 0.05294772 0.04347790 0.10250734 0.23057996 0.42249947 0.10949490 
347.00000000 0.03833587 0.05332897 0.04345463 0.10333429 0.23278521 0.41929757 0.10946346 
348.00000000 0.03817835 0.05371502 0.04343744 0.10417091 0.23498794 0.41607877 0.10943157 
349.00000000 0.03802023 0.05410562 0.04342716 0.10501401 0.23718572 0.41284793 0.10939934 
350.00000000 0.03786176 0.05450029 0.04342448 0.10586020 0.23937620 0.40960962 0.10936744 
351.00000000 0.03770329 0.05489844 0.04342985 0.10670611 0.24155709 0.40636816 0.10933706 
352.00000000 0.03754525 0.05529934 0.04344334 0.10754867 0.24372611 0.40312767 0.10930963 
353.00000000 0.03738813 0.05570226 0.04346470 0.10838524 0.24588084 0.39989227 0.10928656 
354.00000000 0.03723247 0.05610641 0.04349340 0.10921358 0.24801860 0.39666641 0.10926914 
355.00000000 0.03707883 0.05651100 0.04352885 0.11003152 0.25013634 0.39345494 0.10925851 
356.00000000 0.03692781 0.05691522 0.04357059 0.11083665 0.25223082 0.39026317 0.10925575 
357.00000000 0.03677988 0.05731830 0.04361842 0.11162598 0.25429885 0.38709670 0.10926188 
358.00000000 0.03663538 0.05771959 0.04367233 0.11239600 0.25633774 0.38396109 0.10927787 
359.00000000 0.03649450 0.05811858 0.04373246 0.11314283 0.25834545 0.38086169 0.10930450 
360.00000000 0.03635728 0.05851484 0.04379889 0.11386252 0.26032059 0.37780346 0.10934240 
361.00000000 0.03622381 0.05890801 0.04387163 0.11455134 0.26226205 0.37479110 0.10939206 
362.00000000 0.03609423 0.05929766 0.04395056 0.11520587 0.26416860 0.37182909 0.10945397 
363.00000000 0.03596886 0.05968331 0.04403549 0.11582314 0.26603858 0.36892186 0.10952875 
364.00000000 0.03584813 0.06006442 0.04412616 0.11640058 0.26786983 0.36607373 0.10961715 
365.00000000 0.03573250 0.06044044 0.04422220 0.11693613 0.26965991 0.36328886 0.10971995 
366.00000000 0.03562242 0.06081096 0.04432317 0.11742823 0.27140640 0.36057106 0.10983776 
367.00000000 0.03551821 0.06117563 0.04442851 0.11787585 0.27310711 0.35792380 0.10997089 
368.00000000 0.03542009 0.06153418 0.04453768 0.11827848 0.27476012 0.35535011 0.11011934 
369.00000000 0.03532822 0.06188637 0.04465021 0.11863596 0.27636369 0.35285267 0.11028287 
370.00000000 0.03524272 0.06223191 0.04476579 0.11894848 0.27791603 0.35043382 0.11046124 
371.00000000 0.03516372 0.06257044 0.04488424 0.11921642 0.27941522 0.34809561 0.11065435 
372.00000000 0.03509131 0.06290162 0.04500544 0.11944040 0.28085914 0.34583986 0.11086224 
373.00000000 0.03502556 0.06322510 0.04512915 0.11962140 0.28224542 0.34366829 0.11108508 
374.00000000 0.03496654 0.06354054 0.04525496 0.11976088 0.28357134 0.34158270 0.11132304 
375.00000000 0.03491431 0.06384759 0.04538225 0.11986087 0.28483370 0.33958505 0.11157623 
376.00000000 0.03486902 0.06414580 0.04551025 0.11992406 0.28602865 0.33767755 0.11184468 
377.00000000 0.03483097 0.06443461 0.04563813 0.11995368 0.28715164 0.33586269 0.11212827 
378.00000000 0.03480056 0.06471346 0.04576505 0.11995335 0.28819765 0.33414317 0.11242677 
379.00000000 0.03477824 0.06498184 0.04589018 0.11992684 0.28916155 0.33252169 0.11273967 
380.00000000 0.03476443 0.06523946 0.04601269 0.11987781 0.29003874 0.33100071 0.11306615 
381.00000000 0.03475942 0.06548628 0.04613176 0.11980970 0.29082568 0.32958207 0.11340509 
382.00000000 0.03476330 0.06572250 0.04624664 0.11972567 0.29152018 0.32826657 0.11375514 
383.00000000 0.03477607 0.06594847 0.04635669 0.11962870 0.29212130 0.32705382 0.11411496 
384.00000000 0.03479770 0.06616460 0.04646139 0.11952174 0.29262907 0.32594214 0.11448337 
385.00000000 0.03482822 0.06637124 0.04656033 0.11940793 0.29304391 0.32492893 0.11485944 
386.00000000 0.03486779 0.06656868 0.04665309 0.11929056 0.29336629 0.32401110 0.11524249 
387.00000000 0.03491665 0.06675718 0.04673916 0.11917308 0.29359649 0.32318553 0.11563192 
388.00000000 0.03497506 0.06693696 0.04681798 0.11905887 0.29373463 0.32244933 0.11602716 
389.00000000 0.03504320 0.06710822 0.04688899 0.11895112 0.29378085 0.32180000 0.11642762 
390.00000000 0.03512118 0.06727108 0.04695172 0.11885272 0.29373530 0.32123533 0.11683267 
391.00000000 0.03520900 0.06742552 0.04700598 0.11876627 0.29359817 0.32075339 0.11724167 
392.00000000 0.03530665 0.06757142 0.04705179 0.11869410 0.29336963 0.32035246 0.11765395 
393.00000000 0.03541413 0.06770854 0.04708938 0.11863829 0.29304998 0.32003093 0.11806875 
394.00000000 0.03553145 0.06783664 0.04711912 0.11860055 0.29263981 0.31978722 0.11848522 
395.00000000 0.03565861 0.06795552 0.04714146 0.11858215 0.29214030 0.31961952 0.11890245 
396.00000000 0.03579555 0.06806506 0.04715694 0.11858393 0.29155330 0.31952563 0.11931959 
397.00000000 0.03594221 0.06816516 0.04716619 0.11860640 0.29088120 0.31950283 0.11973601 
398.00000000 0.03609854 0.06825564 0.04716988 0.11864999 0.29012657 0.31954805 0.12015134 
399.00000000 0.03626461 0.06833618 0.04716873 0.11871524 0.28929167 0.31965815 0.12056542 
400.00000000 0.03644065 0.06840631 0.04716343 0.11880291 0.28837822 0.31983037 0.12097811 
401.00000000 0.03662699 0.06846550 0.04715456 0.11891385 0.28738733 0.32006262 0.12138914 
402.00000000 0.03682398 0.06851323 0.04714258 0.11904878 0.28631986 0.32035357 0.12179800 
403.00000000 0.03703180 0.06854910 0.04712794 0.11920800 0.28517681 0.32070236 0.12220400 
404.00000000 0.03725042 0.06857288 0.04711109 0.11939130 0.28395970 0.32110822 0.12260639 
405.00000000 0.03747962 0.06858443 0.04709258 0.11959797 0.28267082 0.32157001 0.12300457 
406.00000000 0.03771906 0.06858366 0.04707306 0.11982695 0.28131322 0.32208594 0.12339811 
407.00000000 0.03796845 0.06857044 0.04705324 0.12007702 0.27989052 0.32265354 0.12378678 
408.00000000 0.03822761 0.06854463 0.04703378 0.12034698 0.27840673 0.32326987 0.12417040 
409.00000000 0.03849653 0.06850608 0.04701520 0.12063570 0.27686598 0.32393172 0.12454878 
410.00000000 0.03877528 0.06845474 0.04699791 0.12094205 0.27527239 0.32463585 0.12492177 
411.00000000 0.03906392 0.06839066 0.04698219 0.12126500 0.27362998 0.32537905 0.12528921 
412.00000000 0.03936247 0.06831398 0.04696823 0.12160359 0.27194263 0.32615810 0.12565100 
413.00000000 0.03967093 0.06822490 0.04695619 0.12195705 0.27021399 0.32696991 0.12600703 
414.00000000 0.03998928 0.06812361 0.04694616 0.12232485 0.26844753 0.32781154 0.12635703 
415.00000000 0.04031754 0.06801030 0.04693812 0.12270661 0.26664658 0.32868037 0.12670047 
416.00000000 0.04065571 0.06788517 0.04693194 0.12310198 0.26481456 0.32957406 0.12703657 
417.00000000 0.04100370 0.06774855 0.04692738 0.12351041 0.26295517 0.33049036 0.12736443 
418.00000000 0.04136125 0.06760093 0.04692413 0.12393104 0.26107262 0.33142675 0.12768329 
419.00000000 0.04172794 0.06744291 0.04692195 0.12436261 0.25917171 0.33238013 0.12799275 
420.00000000 0.04210327 0.06727516 0.04692074 0.12480365 0.25725767 0.33334672 0.12829279 
421.00000000 0.04248681 0.06709822 0.04692051 0.12525270 0.25533580 0.33432227 0.12858370 
422.00000000 0.04287831 0.06691250 0.04692140 0.12570852 0.25341097 0.33530255 0.12886575 
423.00000000 0.04327775 0.06671822 0.04692360 0.12617023 0.25148724 0.33628389 0.12913908 
424.00000000 0.04368526 0.06651558 0.04692728 0.12663722 0.24956764 0.33726341 0.12940360 
425.00000000 0.04410096 0.06630484 0.04693261 0.12710895 0.24765437 0.33823909 0.12965917 
426.00000000 0.04452483 0.06608646 0.04693975 0.12758471 0.24574915 0.33920943 0.12990568 
427.00000000 0.04495665 0.06586107 0.04694888 0.12806347 0.24385355 0.34017311 0.13014327 
428.00000000 0.04539603 0.06562947 0.04696020 0.12854391 0.24196930 0.34112879 0.13037230 
429.00000000 0.04584245 0.06539253 0.04697389 0.12902448 0.24009828 0.34207502 0.13059335 
430.00000000 0.04629534 0.06515116 0.04699005 0.12950355 0.23824246 0.34301023 0.13080721 
431.00000000 0.04675402 0.06490640 0.04700869 0.12997945 0.23640380 0.34393277 0.13101486 
432.00000000 0.04721771 0.06465939 0.04702974 0.13045045 0.23458431 0.34484077 0.13121763 
433.00000000 0.04768544 0.06441150 0.04705313 0.13091472 0.23278612 0.34573196 0.13141714 
434.00000000 0.04815605 0.06416422 0.04707892 0.13137037 0.23101163 0.34660362 0.13161518 
435.00000000 0.04862835 0.06391907 0.04710736 0.13181560 0.22926349 0.34745264 0.13181349 
436.00000000 0.04910120 0.06367745 0.04713884 0.13224895 0.22754437 0.34827583 0.13201336 
437.00000000 0.04957359 0.06344056 0.04717386 0.13266950 0.22585683 0.34907023 0.13221543 
438.00000000 0.05004471 0.06320941 0.04721292 0.13307690 0.22420310 0.34983331 0.13241964 
439.00000000 0.05051385 0.06298490 0.04725638 0.13347123 0.22258526 0.35056293 0.13262545 
