0.00000000 0.00225937 0.01191697 0.76937613 0.00190601 0.00102365 0.20810004 0.00541781 
1.00000000 0.00225971 0.01191753 0.76938850 0.00190632 0.00102373 0.20808730 0.00541691 
2.00000000 0.00226058 0.01191883 0.76941700 0.00190717 0.00102387 0.20805830 0.00541425 
3.00000000 0.00226190 0.01192055 0.76944947 0.00190845 0.00102392 0.20802581 0.00540991 
4.00000000 0.00226381 0.01192301 0.76948534 0.00191006 0.00102384 0.20799006 0.00540388 
5.00000000 0.00226670 0.01192713 0.76954045 0.00191211 0.00102378 0.20793383 0.00539601 
6.00000000 0.00227097 0.01193381 0.76963803 0.00191484 0.00102402 0.20783221 0.00538612 
7.00000000 0.00227675 0.01194327 0.76979052 0.00191856 0.00102481 0.20767188 0.00537422 
8.00000000 0.00228379 0.01195473 0.76998494 0.00192334 0.00102620 0.20746635 0.00536065 
9.00000000 0.00229161 0.01196685 0.77018381 0.00192896 0.00102800 0.20725464 0.00534612 
10.00000000 0.00229988 0.01197862 0.77034373 0.00193502 0.00102994 0.20708134 0.00533146 
11.00000000 0.00230875 0.01199026 0.77044088 0.00194115 0.00103187 0.20696978 0.00531731 
12.00000000 0.00231891 0.01200330 0.77048618 0.00194731 0.00103403 0.20690631 0.00530395 
13.00000000 0.00233128 0.01201984 0.77051827 0.00195393 0.00103701 0.20684825 0.00529143 
14.00000000 0.00234646 0.01204119 0.77057596 0.00196168 0.00104153 0.20675332 0.00527987 
15.00000000 0.00236432 0.01206684 0.77066571 0.00197110 0.00104813 0.20661407 0.00526983 
16.00000000 0.00238401 0.01209440 0.77074526 0.00198231 0.00105685 0.20647480 0.00526237 
17.00000000 0.00240448 0.01212077 0.77073682 0.00199486 0.00106732 0.20641701 0.00525874 
18.00000000 0.00242516 0.01214380 0.77056451 0.00200806 0.00107901 0.20651948 0.00525998 
19.00000000 0.00244645 0.01216365 0.77019394 0.00202139 0.00109164 0.20681652 0.00526641 
20.00000000 0.00246960 0.01218272 0.76964929 0.00203493 0.00110545 0.20728031 0.00527770 
21.00000000 0.00249614 0.01220430 0.76899656 0.00204936 0.00112120 0.20783922 0.00529321 
22.00000000 0.00252701 0.01223060 0.76830169 0.00206566 0.00113984 0.20842259 0.00531261 
23.00000000 0.00256205 0.01226133 0.76758717 0.00208453 0.00116200 0.20900678 0.00533616 
24.00000000 0.00260017 0.01229377 0.76681331 0.00210597 0.00118767 0.20963440 0.00536470 
25.00000000 0.00264016 0.01232443 0.76589780 0.00212929 0.00121630 0.21039288 0.00539914 
26.00000000 0.00268165 0.01235133 0.76476328 0.00215349 0.00124711 0.21136317 0.00543997 
27.00000000 0.00272568 0.01237556 0.76338451 0.00217791 0.00127965 0.21256975 0.00548694 
28.00000000 0.00277436 0.01240110 0.76180577 0.00220264 0.00131411 0.21396278 0.00553924 
29.00000000 0.00282995 0.01243290 0.76011791 0.00222856 0.00135129 0.21544330 0.00559608 
30.00000000 0.00289377 0.01247435 0.75840778 0.00225689 0.00139216 0.21691777 0.00565729 
31.00000000 0.00296554 0.01252545 0.75670781 0.00228846 0.00143742 0.21835182 0.00572350 
32.00000000 0.00304369 0.01258302 0.75497492 0.00232327 0.00148710 0.21979220 0.00579580 
33.00000000 0.00312644 0.01264272 0.75311273 0.00236045 0.00154068 0.22134180 0.00587518 
34.00000000 0.00321314 0.01270182 0.75102615 0.00239884 0.00159746 0.22310062 0.00596197 
35.00000000 0.00330486 0.01276104 0.74867575 0.00243769 0.00165711 0.22510785 0.00605570 
36.00000000 0.00340397 0.01282429 0.74609885 0.00247727 0.00171982 0.22732044 0.00615536 
37.00000000 0.00351291 0.01289660 0.74338537 0.00251877 0.00178624 0.22964003 0.00626008 
38.00000000 0.00363282 0.01298115 0.74062369 0.00256377 0.00185715 0.23197183 0.00636959 
39.00000000 0.00376277 0.01307734 0.73784755 0.00261339 0.00193306 0.23428167 0.00648423 
40.00000000 0.00390026 0.01318093 0.73501395 0.00266768 0.00201401 0.23661878 0.00660439 
41.00000000 0.00404256 0.01328632 0.73202604 0.00272569 0.00209962 0.23908974 0.00673003 
42.00000000 0.00418838 0.01338954 0.72878909 0.00278609 0.00218945 0.24179703 0.00686042 
43.00000000 0.00433864 0.01349046 0.72526712 0.00284801 0.00228324 0.24477815 0.00699439 
44.00000000 0.00449595 0.01359276 0.72150608 0.00291168 0.00238103 0.24798183 0.00713068 
45.00000000 0.00466296 0.01370181 0.71761077 0.00297838 0.00248311 0.25129455 0.00726842 
46.00000000 0.00484086 0.01382150 0.71369017 0.00304981 0.00258978 0.25460061 0.00740727 
47.00000000 0.00502847 0.01395189 0.70980203 0.00312712 0.00270127 0.25784209 0.00754713 
48.00000000 0.00522288 0.01408897 0.70592549 0.00321037 0.00281759 0.26104697 0.00768773 
49.00000000 0.00542110 0.01422682 0.70197640 0.00329850 0.00293869 0.26430991 0.00782858 
50.00000000 0.00562192 0.01436097 0.69785839 0.00338994 0.00306462 0.26773503 0.00796914 
51.00000000 0.00582675 0.01449096 0.69352197 0.00348352 0.00319552 0.27137217 0.00810912 
52.00000000 0.00603885 0.01462081 0.68899739 0.00357912 0.00333161 0.27518382 0.00824841 
53.00000000 0.00626148 0.01475694 0.68438205 0.00367770 0.00347301 0.27906192 0.00838690 
54.00000000 0.00649612 0.01490478 0.67979099 0.00378075 0.00361957 0.28288358 0.00852420 
55.00000000 0.00674161 0.01506582 0.67529848 0.00388933 0.00377109 0.28657418 0.00865948 
56.00000000 0.00699493 0.01523689 0.67090120 0.00400351 0.00392745 0.29014445 0.00879157 
57.00000000 0.00725301 0.01541215 0.66652270 0.00412220 0.00408887 0.29368155 0.00891951 
58.00000000 0.00751466 0.01558648 0.66205869 0.00424374 0.00425591 0.29729760 0.00904292 
59.00000000 0.00778126 0.01575850 0.65743924 0.00436663 0.00442915 0.30106307 0.00916214 
60.00000000 0.00805582 0.01593142 0.65267196 0.00449028 0.00460883 0.30496396 0.00927772 
61.00000000 0.00834098 0.01611127 0.64784118 0.00461528 0.00479443 0.30890698 0.00938987 
62.00000000 0.00863734 0.01630352 0.64306541 0.00474295 0.00498482 0.31276792 0.00949804 
63.00000000 0.00894310 0.01650991 0.63843820 0.00487463 0.00517880 0.31645438 0.00960098 
64.00000000 0.00925508 0.01672735 0.63398423 0.00501090 0.00537580 0.31994935 0.00969729 
65.00000000 0.00957073 0.01694958 0.62965315 0.00515134 0.00557630 0.32331275 0.00978615 
66.00000000 0.00988979 0.01717062 0.62535531 0.00529481 0.00578155 0.32664018 0.00986774 
67.00000000 0.01021434 0.01738802 0.62101983 0.00544005 0.00599278 0.33000180 0.00994319 
68.00000000 0.01054733 0.01760410 0.61664106 0.00558632 0.00621032 0.33339687 0.01001401 
69.00000000 0.01089064 0.01782450 0.61228640 0.00573385 0.00643303 0.33675025 0.01008133 
70.00000000 0.01124392 0.01805483 0.60806264 0.00588373 0.00665874 0.33995072 0.01014542 
71.00000000 0.01160501 0.01829740 0.60406167 0.00603731 0.00688533 0.34290755 0.01020573 
72.00000000 0.01197150 0.01854985 0.60031543 0.00619557 0.00711199 0.34559430 0.01026136 
73.00000000 0.01234253 0.01880653 0.59678357 0.00635868 0.00733979 0.34805721 0.01031168 
74.00000000 0.01271959 0.01906179 0.59338041 0.00652592 0.00757112 0.35038444 0.01035673 
75.00000000 0.01310569 0.01931321 0.59002587 0.00669598 0.00780822 0.35265382 0.01039722 
76.00000000 0.01350339 0.01956287 0.58669006 0.00686739 0.00805177 0.35489033 0.01043418 
77.00000000 0.01391316 0.01981605 0.58340541 0.00703912 0.00830009 0.35705758 0.01046858 
78.00000000 0.01433304 0.02007817 0.58024177 0.00721089 0.00854982 0.35908539 0.01050092 
79.00000000 0.01475989 0.02035165 0.57726244 0.00738314 0.00879763 0.36091404 0.01053121 
80.00000000 0.01519131 0.02063462 0.57448764 0.00755674 0.00904211 0.36252848 0.01055909 
81.00000000 0.01562717 0.02092202 0.57188521 0.00773245 0.00928461 0.36396444 0.01058411 
82.00000000 0.01606984 0.02120849 0.56939235 0.00791042 0.00952838 0.36528471 0.01060581 
83.00000000 0.01652271 0.02149137 0.56695397 0.00808989 0.00977656 0.36654156 0.01062394 
84.00000000 0.01698789 0.02177193 0.56455291 0.00826928 0.01003009 0.36774929 0.01063861 
85.00000000 0.01746459 0.02205432 0.56221415 0.00844671 0.01028680 0.36888299 0.01065044 
86.00000000 0.01794920 0.02234287 0.55998351 0.00862096 0.01054233 0.36990056 0.01066057 
87.00000000 0.01843715 0.02263932 0.55789803 0.00879210 0.01079247 0.37077056 0.01067037 
88.00000000 0.01892533 0.02294160 0.55596732 0.00896164 0.01103551 0.37148760 0.01068100 
89.00000000 0.01941396 0.02324463 0.55417569 0.00913187 0.01127326 0.37206771 0.01069287 
90.00000000 0.01990652 0.02354301 0.55250119 0.00930480 0.01150982 0.37252931 0.01070536 
91.00000000 0.02040758 0.02383378 0.55093702 0.00948106 0.01174911 0.37287438 0.01071707 
92.00000000 0.02091964 0.02411785 0.54949928 0.00965952 0.01199241 0.37308449 0.01072682 
93.00000000 0.02144091 0.02439905 0.54821531 0.00983781 0.01223745 0.37313479 0.01073468 
94.00000000 0.02196571 0.02468163 0.54710211 0.01001361 0.01247955 0.37301484 0.01074255 
95.00000000 0.02248723 0.02496759 0.54615205 0.01018606 0.01271416 0.37273921 0.01075370 
96.00000000 0.02300107 0.02525555 0.54533759 0.01035628 0.01293944 0.37233858 0.01077149 
97.00000000 0.02350764 0.02554143 0.54463248 0.01052691 0.01315719 0.37183651 0.01079784 
98.00000000 0.02401178 0.02582082 0.54403509 0.01070074 0.01337161 0.37122762 0.01083235 
99.00000000 0.02451968 0.02609155 0.54357632 0.01087914 0.01358677 0.37047378 0.01087275 
100.00000000 0.02503468 0.02635496 0.54330360 0.01106117 0.01380423 0.36952471 0.01091665 
101.00000000 0.02555476 0.02661490 0.54324855 0.01124382 0.01402206 0.36835246 0.01096346 
102.00000000 0.02607329 0.02687541 0.54340035 0.01142338 0.01423589 0.36697641 0.01101527 
103.00000000 0.02658266 0.02713834 0.54370545 0.01159737 0.01444117 0.36545897 0.01107605 
104.00000000 0.02707852 0.02740230 0.54409716 0.01176575 0.01463564 0.36387107 0.01114955 
105.00000000 0.02756229 0.02766330 0.54453799 0.01193091 0.01482042 0.36224805 0.01123704 
106.00000000 0.02804034 0.02791670 0.54504750 0.01209623 0.01499922 0.36056370 0.01133631 
107.00000000 0.02852024 0.02815950 0.54569592 0.01226419 0.01517626 0.35874130 0.01144258 
108.00000000 0.02900627 0.02839172 0.54656355 0.01243472 0.01535402 0.35669865 0.01155107 
109.00000000 0.02949675 0.02861609 0.54768850 0.01260507 0.01553208 0.35440199 0.01165952 
110.00000000 0.02998495 0.02883622 0.54903595 0.01277119 0.01570757 0.35189488 0.01176924 
111.00000000 0.03046303 0.02905452 0.55051040 0.01292999 0.01587690 0.34928127 0.01188390 
112.00000000 0.03092663 0.02927095 0.55200543 0.01308112 0.01603780 0.34667120 0.01200686 
113.00000000 0.03137751 0.02948296 0.55346158 0.01322719 0.01619064 0.34412131 0.01213882 
114.00000000 0.03182266 0.02968663 0.55489748 0.01337236 0.01633818 0.34160575 0.01227694 
115.00000000 0.03227024 0.02987877 0.55639461 0.01352009 0.01648419 0.33903587 0.01241624 
116.00000000 0.03272460 0.03005878 0.55804243 0.01367128 0.01663154 0.33631907 0.01255230 
117.00000000 0.03318349 0.03022918 0.55987527 0.01382374 0.01678096 0.33342359 0.01268377 
118.00000000 0.03363906 0.03039445 0.56183996 0.01397354 0.01693073 0.33040933 0.01281292 
119.00000000 0.03408244 0.03055887 0.56381604 0.01411718 0.01707762 0.32740375 0.01294411 
120.00000000 0.03450900 0.03072464 0.56567762 0.01425346 0.01721830 0.32453591 0.01308107 
121.00000000 0.03492109 0.03089107 0.56736013 0.01438396 0.01735087 0.32186805 0.01322483 
122.00000000 0.03532657 0.03105510 0.56889251 0.01451191 0.01747548 0.31936511 0.01337331 
123.00000000 0.03573385 0.03121327 0.57037528 0.01464025 0.01759422 0.31692044 0.01352270 
124.00000000 0.03614655 0.03136394 0.57191694 0.01476987 0.01771000 0.31442291 0.01366980 
125.00000000 0.03656096 0.03150860 0.57356647 0.01489902 0.01782517 0.31182586 0.01381393 
126.00000000 0.03696815 0.03165121 0.57528382 0.01502418 0.01794031 0.30917516 0.01395718 
127.00000000 0.03735941 0.03179634 0.57696657 0.01514193 0.01805382 0.30657902 0.01410291 
128.00000000 0.03773155 0.03194712 0.57851461 0.01525065 0.01816259 0.30413984 0.01425365 
129.00000000 0.03808878 0.03210383 0.57989126 0.01535104 0.01826362 0.30189172 0.01440975 
130.00000000 0.03843989 0.03226384 0.58114398 0.01544549 0.01835572 0.29978165 0.01456941 
131.00000000 0.03879274 0.03242287 0.58237336 0.01553654 0.01844055 0.29770402 0.01472993 
132.00000000 0.03914941 0.03257719 0.58366989 0.01562543 0.01852215 0.29556659 0.01488934 
133.00000000 0.03950498 0.03272557 0.58505769 0.01571147 0.01860514 0.29334755 0.01504760 
134.00000000 0.03985057 0.03286972 0.58647946 0.01579251 0.01869246 0.29110876 0.01520652 
135.00000000 0.04017884 0.03301325 0.58783044 0.01586637 0.01878383 0.28895867 0.01536859 
136.00000000 0.04048862 0.03315984 0.58901741 0.01593209 0.01887581 0.28699063 0.01553560 
137.00000000 0.04078573 0.03331131 0.59000557 0.01599036 0.01896355 0.28523540 0.01570808 
138.00000000 0.04107951 0.03346654 0.59082704 0.01604307 0.01904323 0.28365500 0.01588562 
139.00000000 0.04137741 0.03362188 0.59154898 0.01609222 0.01911406 0.28217799 0.01606745 
140.00000000 0.04168087 0.03377305 0.59222302 0.01613899 0.01917850 0.28075251 0.01625306 
141.00000000 0.04198472 0.03391748 0.59284837 0.01618320 0.01924059 0.27938326 0.01644237 
142.00000000 0.04228053 0.03405561 0.59337204 0.01622365 0.01930348 0.27812916 0.01663553 
143.00000000 0.04256181 0.03419050 0.59372466 0.01625904 0.01936741 0.27706404 0.01683255 
144.00000000 0.04282807 0.03432625 0.59386712 0.01628879 0.01942939 0.27622720 0.01703319 
145.00000000 0.04308524 0.03446594 0.59381788 0.01631326 0.01948463 0.27559578 0.01723727 
146.00000000 0.04334204 0.03461015 0.59364506 0.01633338 0.01952915 0.27509528 0.01744494 
147.00000000 0.04360479 0.03475679 0.59342969 0.01635017 0.01956204 0.27464016 0.01765636 
148.00000000 0.04387389 0.03490233 0.59322328 0.01636438 0.01958608 0.27417905 0.01787099 
149.00000000 0.04414402 0.03504373 0.59302622 0.01637634 0.01960652 0.27371596 0.01808721 
150.00000000 0.04440770 0.03517981 0.59280095 0.01638621 0.01962868 0.27329402 0.01830262 
151.00000000 0.04466002 0.03531156 0.59250994 0.01639443 0.01965584 0.27295341 0.01851479 
152.00000000 0.04490169 0.03544139 0.59215146 0.01640191 0.01968847 0.27269268 0.01872240 
153.00000000 0.04513848 0.03557196 0.59176882 0.01640977 0.01972490 0.27246011 0.01892595 
154.00000000 0.04537761 0.03570506 0.59142760 0.01641885 0.01976309 0.27218042 0.01912736 
155.00000000 0.04562336 0.03584080 0.59117610 0.01642962 0.01980226 0.27179943 0.01932843 
156.00000000 0.04587480 0.03597761 0.59101402 0.01644243 0.01984368 0.27131828 0.01952919 
157.00000000 0.04612672 0.03611284 0.59089010 0.01645791 0.01989027 0.27079473 0.01972743 
158.00000000 0.04637296 0.03624366 0.59073197 0.01647723 0.01994545 0.27030912 0.01991962 
159.00000000 0.04660986 0.03636795 0.59048898 0.01650214 0.02001195 0.26991631 0.02010280 
160.00000000 0.04683792 0.03648510 0.59015961 0.01653447 0.02009094 0.26961544 0.02027652 
161.00000000 0.04706089 0.03659633 0.58978575 0.01657522 0.02018156 0.26935671 0.02044354 
162.00000000 0.04728305 0.03670425 0.58941995 0.01662394 0.02028114 0.26907906 0.02060861 
163.00000000 0.04750630 0.03681172 0.58908766 0.01667905 0.02038594 0.26875356 0.02077577 
164.00000000 0.04772886 0.03692043 0.58876819 0.01673894 0.02049237 0.26840529 0.02094591 
165.00000000 0.04794636 0.03702994 0.58840612 0.01680314 0.02059822 0.26810001 0.02111620 
166.00000000 0.04815433 0.03713766 0.58794639 0.01687293 0.02070346 0.26790345 0.02128179 
167.00000000 0.04835072 0.03723983 0.58737039 0.01695084 0.02081022 0.26783922 0.02143877 
168.00000000 0.04853683 0.03733327 0.58670886 0.01703939 0.02092169 0.26787318 0.02158679 
169.00000000 0.04871626 0.03741706 0.58602343 0.01713935 0.02104030 0.26793398 0.02172961 
170.00000000 0.04889263 0.03749321 0.58537008 0.01724899 0.02116618 0.26795586 0.02187305 
171.00000000 0.04906729 0.03756571 0.58476745 0.01736477 0.02129693 0.26791646 0.02202138 
172.00000000 0.04923850 0.03763864 0.58418842 0.01748338 0.02142891 0.26784761 0.02217454 
173.00000000 0.04940276 0.03771396 0.58357885 0.01760369 0.02155932 0.26781329 0.02232813 
174.00000000 0.04955737 0.03779022 0.58289227 0.01772751 0.02168822 0.26786826 0.02247615 
175.00000000 0.04970257 0.03786287 0.58211918 0.01785867 0.02181905 0.26802312 0.02261454 
176.00000000 0.04984178 0.03792629 0.58129191 0.01800074 0.02195758 0.26823806 0.02274363 
177.00000000 0.04997966 0.03797683 0.58046248 0.01815462 0.02210931 0.26844913 0.02286797 
178.00000000 0.05011945 0.03801502 0.57966857 0.01831749 0.02227687 0.26860890 0.02299370 
179.00000000 0.05026110 0.03804587 0.57890973 0.01848381 0.02245886 0.26871565 0.02312498 
180.00000000 0.05040146 0.03807680 0.57814754 0.01864810 0.02265074 0.26881356 0.02326180 
181.00000000 0.05053648 0.03811449 0.57732900 0.01880759 0.02284722 0.26896472 0.02340050 
182.00000000 0.05066425 0.03816189 0.57641885 0.01896338 0.02304501 0.26921023 0.02353640 
183.00000000 0.05078664 0.03821729 0.57542065 0.01911928 0.02324446 0.26954495 0.02366673 
184.00000000 0.05090839 0.03827606 0.57437292 0.01927913 0.02344913 0.26992212 0.02379224 
185.00000000 0.05103424 0.03833426 0.57332336 0.01944389 0.02366348 0.27028399 0.02391678 
186.00000000 0.05116592 0.03839189 0.57229944 0.01961048 0.02388992 0.27059711 0.02404525 
187.00000000 0.05130102 0.03845387 0.57129443 0.01977308 0.02412711 0.27086962 0.02418087 
188.00000000 0.05143433 0.03852808 0.57027612 0.01992625 0.02437046 0.27114126 0.02432351 
189.00000000 0.05156078 0.03862170 0.56921096 0.02006791 0.02461437 0.27145441 0.02446988 
190.00000000 0.05167855 0.03873768 0.56808769 0.02020053 0.02485502 0.27182512 0.02461542 
191.00000000 0.05179019 0.03887314 0.56692532 0.02032978 0.02509212 0.27223278 0.02475666 
192.00000000 0.05190099 0.03902065 0.56576053 0.02046154 0.02532877 0.27263477 0.02489274 
193.00000000 0.05201555 0.03917180 0.56462341 0.02059885 0.02556949 0.27299535 0.02502554 
194.00000000 0.05213474 0.03932091 0.56351893 0.02074058 0.02581783 0.27330882 0.02515818 
195.00000000 0.05225492 0.03946692 0.56242568 0.02088269 0.02607481 0.27360216 0.02529283 
196.00000000 0.05236972 0.03961268 0.56131106 0.02102098 0.02633900 0.27391761 0.02542896 
197.00000000 0.05247344 0.03976226 0.56015191 0.02115395 0.02660782 0.27428743 0.02556321 
198.00000000 0.05256434 0.03991772 0.55894782 0.02128398 0.02687905 0.27471620 0.02569088 
199.00000000 0.05264591 0.04007700 0.55771946 0.02141629 0.02715187 0.27518144 0.02580804 
200.00000000 0.05272499 0.04023405 0.55649302 0.02155622 0.02742687 0.27565178 0.02591308 
201.00000000 0.05280793 0.04038150 0.55528191 0.02170649 0.02770538 0.27611004 0.02600676 
202.00000000 0.05289686 0.04051430 0.55407899 0.02186584 0.02798836 0.27656451 0.02609114 
203.00000000 0.05298849 0.04063229 0.55286441 0.02202991 0.02827574 0.27704127 0.02616788 
204.00000000 0.05307599 0.04074029 0.55162274 0.02219371 0.02856622 0.27756411 0.02623694 
205.00000000 0.05315282 0.04084574 0.55035757 0.02235434 0.02885761 0.27813548 0.02629644 
206.00000000 0.05321652 0.04095521 0.54909468 0.02251251 0.02914729 0.27873027 0.02634352 
207.00000000 0.05327022 0.04107144 0.54787104 0.02267202 0.02943271 0.27930685 0.02637571 
208.00000000 0.05332074 0.04119258 0.54671561 0.02283766 0.02971179 0.27982966 0.02639197 
209.00000000 0.05337437 0.04131393 0.54563430 0.02301261 0.02998322 0.28028855 0.02639302 
210.00000000 0.05343306 0.04143131 0.54461001 0.02319694 0.03024657 0.28070107 0.02638105 
211.00000000 0.05349315 0.04154374 0.54361775 0.02338774 0.03050216 0.28109652 0.02635894 
212.00000000 0.05354727 0.04165414 0.54264394 0.02358087 0.03075089 0.28149365 0.02632924 
213.00000000 0.05358817 0.04176763 0.54169683 0.02377304 0.03099396 0.28188713 0.02629325 
214.00000000 0.05361243 0.04188869 0.54080149 0.02396340 0.03123236 0.28225078 0.02625086 
215.00000000 0.05362204 0.04201860 0.53998222 0.02415368 0.03146649 0.28255582 0.02620115 
216.00000000 0.05362303 0.04215428 0.53924261 0.02434704 0.03169618 0.28279339 0.02614347 
217.00000000 0.05362199 0.04228940 0.53855646 0.02454613 0.03192108 0.28298648 0.02607846 
218.00000000 0.05362254 0.04241725 0.53787696 0.02475151 0.03214141 0.28318187 0.02600845 
219.00000000 0.05362395 0.04253386 0.53715903 0.02496110 0.03235838 0.28342674 0.02593695 
220.00000000 0.05362203 0.04263949 0.53637978 0.02517087 0.03257428 0.28374614 0.02586741 
221.00000000 0.05361201 0.04273797 0.53554421 0.02537627 0.03279190 0.28413577 0.02580188 
222.00000000 0.05359177 0.04283431 0.53467360 0.02557387 0.03301332 0.28457269 0.02574044 
223.00000000 0.05356362 0.04293184 0.53378515 0.02576253 0.03323884 0.28503627 0.02568175 
224.00000000 0.05353373 0.04303035 0.53287516 0.02594333 0.03346682 0.28552636 0.02562424 
225.00000000 0.05350921 0.04312636 0.53191675 0.02611855 0.03369461 0.28606724 0.02556728 
226.00000000 0.05349497 0.04321557 0.53087411 0.02629015 0.03391988 0.28669372 0.02551160 
227.00000000 0.05349187 0.04329609 0.52972414 0.02645865 0.03414150 0.28742866 0.02545909 
228.00000000 0.05349700 0.04337024 0.52847077 0.02662270 0.03435963 0.28826782 0.02541184 
229.00000000 0.05350580 0.04344397 0.52714285 0.02677955 0.03457500 0.28918178 0.02537106 
230.00000000 0.05351490 0.04352423 0.52577826 0.02692630 0.03478761 0.29013214 0.02533656 
231.00000000 0.05352421 0.04361583 0.52440447 0.02706135 0.03499589 0.29109115 0.02530709 
232.00000000 0.05353690 0.04371936 0.52302651 0.02718540 0.03519711 0.29205349 0.02528124 
233.00000000 0.05355748 0.04383127 0.52162887 0.02730131 0.03538861 0.29303401 0.02525845 
234.00000000 0.05358956 0.04394615 0.52019013 0.02741308 0.03556911 0.29405241 0.02523956 
235.00000000 0.05363425 0.04405998 0.51870074 0.02752435 0.03573887 0.29511499 0.02522683 
236.00000000 0.05368999 0.04417229 0.51717257 0.02763698 0.03589909 0.29620594 0.02522315 
237.00000000 0.05375343 0.04428606 0.51563473 0.02775035 0.03605097 0.29729355 0.02523091 
238.00000000 0.05382110 0.04440563 0.51411958 0.02786185 0.03619481 0.29834589 0.02525113 
239.00000000 0.05389092 0.04453393 0.51264756 0.02796856 0.03632976 0.29934574 0.02528353 
240.00000000 0.05396296 0.04467033 0.51121922 0.02806903 0.03645449 0.30029654 0.02532743 
241.00000000 0.05403914 0.04481024 0.50981864 0.02816432 0.03656828 0.30121662 0.02538277 
242.00000000 0.05412250 0.04494687 0.50842648 0.02825757 0.03667160 0.30212440 0.02545058 
243.00000000 0.05421617 0.04507457 0.50703460 0.02835257 0.03676556 0.30302384 0.02553269 
244.00000000 0.05432207 0.04519189 0.50565298 0.02845200 0.03685091 0.30389951 0.02563065 
245.00000000 0.05443971 0.04530255 0.50430539 0.02855618 0.03692726 0.30472429 0.02574461 
246.00000000 0.05456602 0.04541385 0.50301755 0.02866314 0.03699302 0.30547362 0.02587280 
247.00000000 0.05469667 0.04553328 0.50180497 0.02877002 0.03704595 0.30613697 0.02601215 
248.00000000 0.05482819 0.04566514 0.50066702 0.02887484 0.03708434 0.30672070 0.02615978 
249.00000000 0.05495998 0.04580865 0.49958979 0.02897774 0.03710822 0.30724141 0.02631422 
250.00000000 0.05509484 0.04595897 0.49855577 0.02908099 0.03711969 0.30771420 0.02647555 
251.00000000 0.05523754 0.04611077 0.49755372 0.02918810 0.03712187 0.30814341 0.02664460 
252.00000000 0.05539163 0.04626237 0.49658297 0.02930247 0.03711729 0.30852153 0.02682174 
253.00000000 0.05555628 0.04641759 0.49565121 0.02942607 0.03710679 0.30883594 0.02700612 
254.00000000 0.05572514 0.04658430 0.49476867 0.02955864 0.03708973 0.30907779 0.02719573 
255.00000000 0.05588865 0.04677034 0.49394237 0.02969788 0.03706512 0.30924712 0.02738853 
256.00000000 0.05603843 0.04697915 0.49317250 0.02984064 0.03703333 0.30935216 0.02758379 
257.00000000 0.05617121 0.04720738 0.49245225 0.02998436 0.03699730 0.30940465 0.02778285 
258.00000000 0.05629012 0.04744577 0.49177043 0.03012820 0.03696246 0.30941461 0.02798841 
259.00000000 0.05640235 0.04768317 0.49111516 0.03027342 0.03693494 0.30938779 0.02820317 
260.00000000 0.05651451 0.04791152 0.49047702 0.03042266 0.03691914 0.30932674 0.02842841 
261.00000000 0.05662824 0.04812886 0.48985177 0.03057831 0.03691616 0.30923324 0.02866343 
262.00000000 0.05673877 0.04833864 0.48924237 0.03074083 0.03692408 0.30910940 0.02890591 
263.00000000 0.05683784 0.04854630 0.48865912 0.03090813 0.03693967 0.30895589 0.02915304 
264.00000000 0.05691919 0.04875492 0.48811674 0.03107639 0.03696071 0.30876931 0.02940273 
265.00000000 0.05698327 0.04896247 0.48762906 0.03124189 0.03698763 0.30854144 0.02965424 
266.00000000 0.05703821 0.04916192 0.48720372 0.03140273 0.03702349 0.30826221 0.02990772 
267.00000000 0.05709641 0.04934437 0.48683907 0.03155955 0.03707236 0.30792511 0.03016313 
268.00000000 0.05716852 0.04950362 0.48652521 0.03171501 0.03713675 0.30753174 0.03041916 
269.00000000 0.05725815 0.04963946 0.48624962 0.03187217 0.03721590 0.30709182 0.03067288 
270.00000000 0.05736059 0.04975783 0.48600524 0.03203271 0.03730590 0.30661745 0.03092028 
271.00000000 0.05746643 0.04986798 0.48579623 0.03219602 0.03740156 0.30611454 0.03115725 
272.00000000 0.05756808 0.04997825 0.48563733 0.03235958 0.03749900 0.30557690 0.03138086 
273.00000000 0.05766476 0.05009266 0.48554695 0.03252032 0.03759758 0.30498762 0.03159010 
274.00000000 0.05776302 0.05020978 0.48553721 0.03267599 0.03770022 0.30432797 0.03178581 
275.00000000 0.05787249 0.05032436 0.48560615 0.03282602 0.03781192 0.30358923 0.03196983 
276.00000000 0.05799974 0.05043103 0.48573621 0.03297164 0.03793725 0.30278032 0.03214381 
277.00000000 0.05814385 0.05052785 0.48590052 0.03311497 0.03807815 0.30192639 0.03230827 
278.00000000 0.05829650 0.05061747 0.48607410 0.03325773 0.03823337 0.30105860 0.03246224 
279.00000000 0.05844665 0.05070566 0.48624406 0.03340011 0.03839961 0.30020024 0.03260366 
280.00000000 0.05858694 0.05079813 0.48641312 0.03354059 0.03857367 0.29935716 0.03273039 
281.00000000 0.05871774 0.05089752 0.48659454 0.03367645 0.03875442 0.29851796 0.03284137 
282.00000000 0.05884651 0.05100196 0.48680180 0.03380486 0.03894345 0.29766402 0.03293740 
283.00000000 0.05898300 0.05110603 0.48703838 0.03392400 0.03914441 0.29678334 0.03302084 
284.00000000 0.05913356 0.05120386 0.48729304 0.03403379 0.03936109 0.29588026 0.03309441 
285.00000000 0.05929757 0.05129240 0.48754350 0.03413588 0.03959544 0.29497565 0.03315956 
286.00000000 0.05946813 0.05137315 0.48776718 0.03423277 0.03984647 0.29409669 0.03321560 
287.00000000 0.05963649 0.05145124 0.48795369 0.03432669 0.04011059 0.29326141 0.03325989 
288.00000000 0.05979747 0.05153298 0.48811202 0.03441882 0.04038295 0.29246633 0.03328944 
289.00000000 0.05995262 0.05162307 0.48826807 0.03450916 0.04065920 0.29168502 0.03330286 
290.00000000 0.06010909 0.05172298 0.48845385 0.03459697 0.04093675 0.29087872 0.03330163 
291.00000000 0.06027506 0.05183120 0.48869393 0.03468154 0.04121517 0.29001324 0.03328986 
292.00000000 0.06045448 0.05194530 0.48899610 0.03476309 0.04149565 0.28907283 0.03327255 
293.00000000 0.06064421 0.05206460 0.48935090 0.03484313 0.04177980 0.28806391 0.03325345 
294.00000000 0.06083540 0.05219157 0.48974015 0.03492394 0.04206829 0.28700699 0.03323367 
295.00000000 0.06101817 0.05233115 0.49014971 0.03500775 0.04235991 0.28592140 0.03321189 
296.00000000 0.06118706 0.05248862 0.49057901 0.03509585 0.04265148 0.28481187 0.03318611 
297.00000000 0.06134369 0.05266715 0.49104192 0.03518835 0.04293854 0.28366483 0.03315551 
298.00000000 0.06149529 0.05286661 0.49155903 0.03528420 0.04321688 0.28245647 0.03312153 
299.00000000 0.06164975 0.05308394 0.49214598 0.03538171 0.04348431 0.28116682 0.03308748 
300.00000000 0.06181061 0.05331526 0.49280441 0.03547924 0.04374188 0.27979178 0.03305682 
301.00000000 0.06197477 0.05355812 0.49351965 0.03557556 0.04399377 0.27834682 0.03303131 
302.00000000 0.06213463 0.05381253 0.49426644 0.03566983 0.04424572 0.27686102 0.03300984 
303.00000000 0.06228309 0.05408002 0.49501964 0.03576128 0.04450229 0.27536474 0.03298893 
304.00000000 0.06241855 0.05436155 0.49576416 0.03584923 0.04476466 0.27387740 0.03296444 
305.00000000 0.06254659 0.05465576 0.49649901 0.03593321 0.04502985 0.27240199 0.03293359 
306.00000000 0.06267734 0.05495887 0.49723314 0.03601298 0.04529236 0.27092910 0.03289621 
307.00000000 0.06282003 0.05526616 0.49797617 0.03608842 0.04554749 0.26944723 0.03285450 
308.00000000 0.06297824 0.05557416 0.49872912 0.03615934 0.04579449 0.26795294 0.03281171 
309.00000000 0.06314866 0.05588212 0.49948069 0.03622538 0.04603763 0.26645513 0.03277039 
310.00000000 0.06332420 0.05619170 0.50021073 0.03628596 0.04628438 0.26497180 0.03273122 
311.00000000 0.06349949 0.05650500 0.50089886 0.03634060 0.04654124 0.26352159 0.03269322 
312.00000000 0.06367497 0.05682240 0.50153309 0.03638959 0.04680968 0.26211517 0.03265510 
313.00000000 0.06385713 0.05714153 0.50211350 0.03643457 0.04708458 0.26075172 0.03261697 
314.00000000 0.06405459 0.05745823 0.50264887 0.03647837 0.04735625 0.25942235 0.03258134 
315.00000000 0.06427272 0.05776871 0.50314881 0.03652403 0.04761507 0.25811806 0.03255260 
316.00000000 0.06451002 0.05807159 0.50361672 0.03657366 0.04785619 0.25683619 0.03253563 
317.00000000 0.06475891 0.05836855 0.50404804 0.03662760 0.04808145 0.25558147 0.03253398 
318.00000000 0.06501019 0.05866298 0.50443399 0.03668446 0.04829748 0.25436219 0.03254871 
319.00000000 0.06525857 0.05895753 0.50476726 0.03674205 0.04851095 0.25318527 0.03257836 
320.00000000 0.06550559 0.05925203 0.50504583 0.03679900 0.04872364 0.25205393 0.03261997 
321.00000000 0.06575815 0.05954292 0.50527294 0.03685604 0.04893038 0.25096901 0.03267057 
322.00000000 0.06602368 0.05982473 0.50545383 0.03691613 0.04912103 0.24993223 0.03272837 
323.00000000 0.06630504 0.06009282 0.50559169 0.03698313 0.04928571 0.24894865 0.03279296 
324.00000000 0.06659826 0.06034580 0.50568570 0.03705992 0.04942009 0.24802565 0.03286458 
325.00000000 0.06689461 0.06058606 0.50573283 0.03714702 0.04952790 0.24716852 0.03294307 
326.00000000 0.06718577 0.06081807 0.50573167 0.03724252 0.04961894 0.24637613 0.03302690 
327.00000000 0.06746893 0.06104534 0.50568488 0.03734337 0.04970400 0.24564065 0.03311283 
328.00000000 0.06774840 0.06126805 0.50559841 0.03744742 0.04978924 0.24495207 0.03319641 
329.00000000 0.06803256 0.06148267 0.50547830 0.03755524 0.04987354 0.24430436 0.03327333 
330.00000000 0.06832808 0.06168408 0.50532738 0.03767026 0.04995018 0.24369899 0.03334103 
331.00000000 0.06863496 0.06186894 0.50514328 0.03779713 0.05001193 0.24314406 0.03339970 
332.00000000 0.06894547 0.06203838 0.50491903 0.03793922 0.05005636 0.24264941 0.03345212 
333.00000000 0.06924789 0.06219796 0.50464673 0.03809669 0.05008821 0.24222010 0.03350242 
334.00000000 0.06953282 0.06235477 0.50432266 0.03826616 0.05011746 0.24185187 0.03355426 
335.00000000 0.06979835 0.06251342 0.50394998 0.03844212 0.05015425 0.24153245 0.03360943 
336.00000000 0.07005056 0.06267349 0.50353663 0.03861938 0.05020383 0.24124868 0.03366744 
337.00000000 0.07029913 0.06283014 0.50308972 0.03879516 0.05026418 0.24099512 0.03372655 
338.00000000 0.07055072 0.06297751 0.50260987 0.03896970 0.05032772 0.24077887 0.03378561 
339.00000000 0.07080434 0.06311291 0.50208807 0.03914489 0.05038590 0.24061831 0.03384558 
340.00000000 0.07105132 0.06323929 0.50150683 0.03932193 0.05043403 0.24053688 0.03390972 
341.00000000 0.07128020 0.06336410 0.50084641 0.03949928 0.05047357 0.24055425 0.03398218 
342.00000000 0.07148343 0.06349489 0.50009356 0.03967235 0.05051086 0.24067900 0.03406590 
343.00000000 0.07166209 0.06363426 0.49924761 0.03983502 0.05055324 0.24090685 0.03416094 
344.00000000 0.07182555 0.06377755 0.49831984 0.03998223 0.05060504 0.24122562 0.03426416 
345.00000000 0.07198635 0.06391471 0.49732709 0.04011240 0.05066551 0.24162335 0.03437059 
346.00000000 0.07215351 0.06403511 0.49628334 0.04022822 0.05072971 0.24209436 0.03447575 
347.00000000 0.07232805 0.06413288 0.49519372 0.04033532 0.05079165 0.24264076 0.03457762 
348.00000000 0.07250326 0.06420963 0.49405358 0.04043952 0.05084768 0.24326928 0.03467705 
349.00000000 0.07266930 0.06427280 0.49285424 0.04054426 0.05089842 0.24398465 0.03477634 
350.00000000 0.07281962 0.06433028 0.49159264 0.04064967 0.05094806 0.24478265 0.03487708 
351.00000000 0.07295554 0.06438452 0.49027851 0.04075383 0.05100181 0.24564717 0.03497863 
352.00000000 0.07308597 0.06442984 0.48893395 0.04085526 0.05106316 0.24655376 0.03507806 
353.00000000 0.07322299 0.06445472 0.48758573 0.04095523 0.05113233 0.24747749 0.03517151 
354.00000000 0.07337575 0.06444765 0.48625499 0.04105837 0.05120644 0.24840058 0.03525623 
355.00000000 0.07354608 0.06440356 0.48494931 0.04117118 0.05128109 0.24931684 0.03533193 
356.00000000 0.07372799 0.06432740 0.48366107 0.04129911 0.05135217 0.25023142 0.03540084 
357.00000000 0.07391112 0.06423262 0.48237340 0.04144379 0.05141714 0.25115572 0.03546621 
358.00000000 0.07408629 0.06413515 0.48107090 0.04160232 0.05147528 0.25209954 0.03553050 
359.00000000 0.07425008 0.06404611 0.47974867 0.04176881 0.05152706 0.25306497 0.03559430 
360.00000000 0.07440583 0.06396741 0.47841459 0.04193747 0.05157336 0.25404491 0.03565644 
361.00000000 0.07456099 0.06389276 0.47708492 0.04210540 0.05161502 0.25502587 0.03571504 
362.00000000 0.07472244 0.06381318 0.47577666 0.04227366 0.05165251 0.25599284 0.03576871 
363.00000000 0.07489229 0.06372392 0.47450022 0.04244588 0.05168570 0.25693463 0.03581737 
364.00000000 0.07506619 0.06362909 0.47325609 0.04262526 0.05171365 0.25784753 0.03586218 
365.00000000 0.07523513 0.06354127 0.47203748 0.04281165 0.05173487 0.25873482 0.03590479 
366.00000000 0.07538989 0.06347578 0.47083755 0.04300072 0.05174783 0.25960188 0.03594635 
367.00000000 0.07552571 0.06344309 0.46965638 0.04318577 0.05175176 0.26045022 0.03598708 
368.00000000 0.07564472 0.06344342 0.46850328 0.04336122 0.05174742 0.26127370 0.03602624 
369.00000000 0.07575486 0.06346681 0.46739399 0.04352560 0.05173755 0.26205858 0.03606261 
370.00000000 0.07586622 0.06349834 0.46634453 0.04368255 0.05172635 0.26278713 0.03609488 
371.00000000 0.07598657 0.06352574 0.46536475 0.04383897 0.05171791 0.26344393 0.03612213 
372.00000000 0.07611834 0.06354539 0.46445459 0.04400128 0.05171448 0.26402186 0.03614406 
373.00000000 0.07625864 0.06356321 0.46360554 0.04417197 0.05171551 0.26452407 0.03616105 
374.00000000 0.07640224 0.06359018 0.46280577 0.04434857 0.05171800 0.26496116 0.03617408 
375.00000000 0.07654566 0.06363502 0.46204509 0.04452580 0.05171787 0.26534600 0.03618457 
376.00000000 0.07668988 0.06369842 0.46131689 0.04469935 0.05171214 0.26568929 0.03619404 
377.00000000 0.07684046 0.06377199 0.46061721 0.04486913 0.05170065 0.26599691 0.03620365 
378.00000000 0.07700518 0.06384233 0.45994269 0.04503995 0.05168640 0.26626964 0.03621381 
379.00000000 0.07719053 0.06389791 0.45928877 0.04521925 0.05167384 0.26650545 0.03622424 
380.00000000 0.07739884 0.06393485 0.45864926 0.04541316 0.05166604 0.26670328 0.03623458 
381.00000000 0.07762755 0.06395817 0.45801744 0.04562325 0.05166253 0.26686585 0.03624521 
382.00000000 0.07787099 0.06397803 0.45738742 0.04584601 0.05165907 0.26700052 0.03625794 
383.00000000 0.07812336 0.06400342 0.45675433 0.04607539 0.05164932 0.26711815 0.03627602 
384.00000000 0.07838125 0.06403698 0.45611339 0.04630661 0.05162802 0.26723041 0.03630333 
385.00000000 0.07864468 0.06407368 0.45545929 0.04653895 0.05159409 0.26734632 0.03634299 
386.00000000 0.07891624 0.06410399 0.45478668 0.04677604 0.05155168 0.26746917 0.03639621 
387.00000000 0.07919892 0.06411961 0.45409220 0.04702348 0.05150819 0.26759557 0.03646204 
388.00000000 0.07949368 0.06411834 0.45337728 0.04728547 0.05147033 0.26771661 0.03653830 
389.00000000 0.07979832 0.06410510 0.45265015 0.04756236 0.05144070 0.26782038 0.03662300 
390.00000000 0.08010805 0.06408878 0.45192462 0.04785060 0.05141676 0.26789561 0.03671557 
391.00000000 0.08041740 0.06407712 0.45121530 0.04814504 0.05139240 0.26793554 0.03681721 
392.00000000 0.08072217 0.06407242 0.45053163 0.04844202 0.05136142 0.26794031 0.03693004 
393.00000000 0.08102071 0.06407037 0.44987434 0.04874131 0.05132134 0.26791634 0.03705559 
394.00000000 0.08131375 0.06406255 0.44923647 0.04904601 0.05127525 0.26787263 0.03719335 
395.00000000 0.08160317 0.06404118 0.44860924 0.04936032 0.05123028 0.26781529 0.03734053 
396.00000000 0.08189023 0.06400320 0.44799013 0.04968682 0.05119378 0.26774267 0.03749316 
397.00000000 0.08217453 0.06395121 0.44738811 0.05002458 0.05116940 0.26764421 0.03764796 
398.00000000 0.08245409 0.06389073 0.44682146 0.05036941 0.05115533 0.26750513 0.03780386 
399.00000000 0.08272630 0.06382592 0.44630883 0.05071598 0.05114529 0.26731521 0.03796247 
400.00000000 0.08298898 0.06375630 0.44585865 0.05106050 0.05113195 0.26707646 0.03812716 
401.00000000 0.08324116 0.06367612 0.44546289 0.05140235 0.05111110 0.26680508 0.03830130 
402.00000000 0.08348338 0.06357703 0.44509781 0.05174369 0.05108438 0.26652698 0.03848673 
403.00000000 0.08371730 0.06345248 0.44473181 0.05208738 0.05105862 0.26626908 0.03868334 
404.00000000 0.08394496 0.06330151 0.44433714 0.05243454 0.05104202 0.26604997 0.03888985 
405.00000000 0.08416789 0.06312958 0.44390004 0.05278316 0.05103980 0.26587441 0.03910511 
406.00000000 0.08438661 0.06294584 0.44342359 0.05312859 0.05105159 0.26573478 0.03932899 
407.00000000 0.08460040 0.06275903 0.44292220 0.05346557 0.05107213 0.26561839 0.03956228 
408.00000000 0.08480734 0.06257426 0.44241126 0.05379060 0.05109451 0.26551612 0.03980591 
409.00000000 0.08500495 0.06239218 0.44189692 0.05410307 0.05111460 0.26542822 0.04006007 
410.00000000 0.08519126 0.06221088 0.44137009 0.05440481 0.05113388 0.26536532 0.04032375 
411.00000000 0.08536567 0.06202948 0.44080819 0.05469847 0.05115882 0.26534454 0.04059483 
412.00000000 0.08552891 0.06185135 0.44018518 0.05498560 0.05119713 0.26538124 0.04087059 
413.00000000 0.08568214 0.06168488 0.43948567 0.05526584 0.05125317 0.26548019 0.04114810 
414.00000000 0.08582555 0.06154102 0.43871474 0.05553729 0.05132549 0.26563155 0.04142435 
415.00000000 0.08595739 0.06142926 0.43789761 0.05579787 0.05140751 0.26581417 0.04169618 
416.00000000 0.08607391 0.06135441 0.43706938 0.05604670 0.05149099 0.26600414 0.04196047 
417.00000000 0.08617064 0.06131574 0.43625922 0.05628462 0.05157017 0.26618485 0.04221476 
418.00000000 0.08624461 0.06130881 0.43547575 0.05651373 0.05164439 0.26635491 0.04245781 
419.00000000 0.08629607 0.06132903 0.43470151 0.05673615 0.05171751 0.26652988 0.04268986 
420.00000000 0.08632857 0.06137511 0.43390113 0.05695282 0.05179464 0.26673546 0.04291227 
421.00000000 0.08634705 0.06145013 0.43303996 0.05716298 0.05187835 0.26699483 0.04312669 
422.00000000 0.08635505 0.06155981 0.43210255 0.05736441 0.05196679 0.26731711 0.04333428 
423.00000000 0.08635265 0.06170905 0.43110101 0.05755430 0.05205455 0.26769301 0.04353543 
424.00000000 0.08633633 0.06189930 0.43006916 0.05772998 0.05213579 0.26809914 0.04373030 
425.00000000 0.08630107 0.06212813 0.42904542 0.05788927 0.05220748 0.26850905 0.04391957 
426.00000000 0.08624355 0.06239096 0.42805265 0.05803029 0.05227094 0.26890653 0.04410508 
427.00000000 0.08616470 0.06268375 0.42708602 0.05815127 0.05233084 0.26929384 0.04428958 
428.00000000 0.08606976 0.06300518 0.42611724 0.05825069 0.05239229 0.26968889 0.04447594 
429.00000000 0.08596572 0.06335681 0.42511320 0.05832786 0.05245812 0.27011229 0.04466599 
430.00000000 0.08585754 0.06374115 0.42405770 0.05838340 0.05252782 0.27057248 0.04485992 
431.00000000 0.08574568 0.06415897 0.42296342 0.05841924 0.05259858 0.27105760 0.04505650 
432.00000000 0.08562648 0.06460759 0.42186817 0.05843779 0.05266756 0.27153826 0.04525416 
433.00000000 0.08549501 0.06508135 0.42081773 0.05844072 0.05273372 0.27197961 0.04545187 
434.00000000 0.08534892 0.06557357 0.41984441 0.05842823 0.05279841 0.27235695 0.04564951 
435.00000000 0.08519075 0.06607873 0.41895345 0.05839945 0.05286431 0.27266596 0.04584734 
436.00000000 0.08502720 0.06659354 0.41812520 0.05835402 0.05293378 0.27292122 0.04604505 
437.00000000 0.08486577 0.06711633 0.41733091 0.05829392 0.05300766 0.27314442 0.04624100 
438.00000000 0.08471075 0.06764526 0.41655096 0.05822432 0.05308525 0.27335104 0.04643242 
439.00000000 0.08456145 0.06817646 0.41578430 0.05815257 0.05316500 0.27354372 0.04661651 
