0.00000000 0.00000000 0.00000000 0.00000000 0.00000000 0.00000000 1.00000000 0.00000000 
1.00000000 0.00000666 0.00000494 0.00000327 0.00001026 0.00023331 0.99968566 0.00005590 
2.00000000 0.00002660 0.00001975 0.00001307 0.00004119 0.00093242 0.99874358 0.00022339 
3.00000000 0.00005974 0.00004441 0.00002940 0.00009316 0.00209494 0.99717656 0.00050179 
4.00000000 0.00010595 0.00007888 0.00005224 0.00016680 0.00371691 0.99498920 0.00089002 
5.00000000 0.00016501 0.00012311 0.00008155 0.00026302 0.00579284 0.99218787 0.00138660 
6.00000000 0.00023669 0.00017702 0.00011730 0.00038293 0.00831577 0.98878070 0.00198960 
7.00000000 0.00032068 0.00024054 0.00015944 0.00052790 0.01127739 0.98477740 0.00269666 
8.00000000 0.00041666 0.00031356 0.00020791 0.00069947 0.01466833 0.98018899 0.00350508 
9.00000000 0.00052424 0.00039600 0.00026266 0.00089937 0.01847847 0.97502729 0.00441196 
10.00000000 0.00064300 0.00048775 0.00032368 0.00112940 0.02269714 0.96930481 0.00541422 
11.00000000 0.00077249 0.00058872 0.00039093 0.00139148 0.02731295 0.96303482 0.00650860 
12.00000000 0.00091217 0.00069883 0.00046440 0.00168765 0.03231365 0.95623173 0.00769157 
13.00000000 0.00106150 0.00081798 0.00054402 0.00202008 0.03768582 0.94891133 0.00895927 
14.00000000 0.00121987 0.00094608 0.00062974 0.00239114 0.04341490 0.94109068 0.01030759 
15.00000000 0.00138665 0.00108304 0.00072147 0.00280336 0.04948537 0.93278777 0.01173235 
16.00000000 0.00156117 0.00122878 0.00081917 0.00325939 0.05588105 0.92402103 0.01322941 
17.00000000 0.00174274 0.00138323 0.00092283 0.00376201 0.06258537 0.91480915 0.01479467 
18.00000000 0.00193062 0.00154634 0.00103244 0.00431408 0.06958114 0.90517151 0.01642387 
19.00000000 0.00212411 0.00171802 0.00114795 0.00491856 0.07685029 0.89512875 0.01811231 
20.00000000 0.00232248 0.00189821 0.00126931 0.00557852 0.08437373 0.88470304 0.01985471 
21.00000000 0.00252506 0.00208680 0.00139640 0.00629708 0.09213157 0.87391777 0.02164531 
22.00000000 0.00273123 0.00228367 0.00152916 0.00707731 0.10010383 0.86279658 0.02347822 
23.00000000 0.00294039 0.00248871 0.00166759 0.00792207 0.10827122 0.85136219 0.02534783 
24.00000000 0.00315198 0.00270180 0.00181177 0.00883401 0.11661546 0.83963586 0.02724913 
25.00000000 0.00336542 0.00292283 0.00196184 0.00981557 0.12511864 0.82763821 0.02917748 
26.00000000 0.00358018 0.00315168 0.00211787 0.01086912 0.13376205 0.81539085 0.03112825 
27.00000000 0.00379569 0.00338821 0.00227986 0.01199709 0.14252510 0.80291777 0.03309628 
28.00000000 0.00401142 0.00363224 0.00244772 0.01320202 0.15138505 0.79024573 0.03507582 
29.00000000 0.00422683 0.00388359 0.00262130 0.01448648 0.16031768 0.77740340 0.03706073 
30.00000000 0.00444138 0.00414209 0.00280050 0.01585285 0.16929877 0.76441945 0.03904497 
31.00000000 0.00465453 0.00440759 0.00298521 0.01730316 0.17830560 0.75132080 0.04102312 
32.00000000 0.00486572 0.00467995 0.00317534 0.01883896 0.18731771 0.73813194 0.04299038 
33.00000000 0.00507441 0.00495903 0.00337077 0.02046135 0.19631656 0.72487558 0.04494231 
34.00000000 0.00528009 0.00524468 0.00357125 0.02217104 0.20528469 0.71157396 0.04687429 
35.00000000 0.00548226 0.00553675 0.00377650 0.02396845 0.21420499 0.69824964 0.04878143 
36.00000000 0.00568046 0.00583504 0.00398622 0.02585370 0.22306053 0.68492519 0.05065886 
37.00000000 0.00587428 0.00613936 0.00420020 0.02782660 0.23183511 0.67162197 0.05250248 
38.00000000 0.00606331 0.00644951 0.00441834 0.02988659 0.24051376 0.65835900 0.05430950 
39.00000000 0.00624719 0.00676528 0.00464058 0.03203272 0.24908273 0.64515299 0.05607851 
40.00000000 0.00642557 0.00708644 0.00486688 0.03426384 0.25752847 0.63202003 0.05780878 
41.00000000 0.00659815 0.00741270 0.00509712 0.03657864 0.26583616 0.61897780 0.05949943 
42.00000000 0.00676465 0.00774376 0.00533109 0.03897571 0.27398888 0.60604720 0.06114871 
43.00000000 0.00692482 0.00807926 0.00556856 0.04145344 0.28196772 0.59325210 0.06275409 
44.00000000 0.00707851 0.00841886 0.00580929 0.04400987 0.28975335 0.58061740 0.06431272 
45.00000000 0.00722559 0.00876221 0.00605308 0.04664244 0.29732810 0.56816618 0.06582238 
46.00000000 0.00736599 0.00910898 0.00629981 0.04934796 0.30467777 0.55591756 0.06728193 
47.00000000 0.00749964 0.00945882 0.00654938 0.05212255 0.31179183 0.54388659 0.06869120 
48.00000000 0.00762646 0.00981137 0.00680177 0.05496175 0.31866196 0.53208627 0.07005043 
49.00000000 0.00774636 0.01016621 0.00705696 0.05786076 0.32527985 0.52053016 0.07135970 
50.00000000 0.00785923 0.01052292 0.00731501 0.06081452 0.33163546 0.50923406 0.07261880 
51.00000000 0.00796497 0.01088109 0.00757594 0.06381783 0.33771670 0.49821574 0.07382773 
52.00000000 0.00806352 0.01124038 0.00783973 0.06686533 0.34351090 0.48749283 0.07498732 
53.00000000 0.00815482 0.01160048 0.00810628 0.06995142 0.34900731 0.47708004 0.07609965 
54.00000000 0.00823885 0.01196117 0.00837540 0.07307025 0.35419904 0.46698742 0.07716787 
55.00000000 0.00831562 0.01232222 0.00864684 0.07621572 0.35908344 0.45722067 0.07819551 
56.00000000 0.00838515 0.01268341 0.00892033 0.07938149 0.36366086 0.44778297 0.07918578 
57.00000000 0.00844753 0.01304452 0.00919557 0.08256093 0.36793317 0.43867699 0.08014128 
58.00000000 0.00850294 0.01340535 0.00947221 0.08574702 0.37190292 0.42990548 0.08106409 
59.00000000 0.00855161 0.01376571 0.00974983 0.08893233 0.37557394 0.42147028 0.08195630 
60.00000000 0.00859389 0.01412547 0.01002802 0.09210910 0.37895235 0.41337067 0.08282051 
61.00000000 0.00863012 0.01448448 0.01030645 0.09526935 0.38204671 0.40560288 0.08366000 
62.00000000 0.00866067 0.01484254 0.01058494 0.09840515 0.38486638 0.39816189 0.08447843 
63.00000000 0.00868585 0.01519936 0.01086343 0.10150870 0.38741871 0.39104461 0.08527933 
64.00000000 0.00870595 0.01555453 0.01114190 0.10457247 0.38970675 0.38425268 0.08606572 
65.00000000 0.00872125 0.01590759 0.01142016 0.10758927 0.39172889 0.37779287 0.08683996 
66.00000000 0.00873205 0.01625806 0.01169784 0.11055229 0.39348113 0.37167455 0.08760407 
67.00000000 0.00873870 0.01660548 0.01197433 0.11345508 0.39496085 0.36590539 0.08836016 
68.00000000 0.00874161 0.01694934 0.01224904 0.11629125 0.39617027 0.36048764 0.08911085 
69.00000000 0.00874126 0.01728913 0.01252154 0.11905420 0.39711760 0.35541707 0.08985920 
70.00000000 0.00873818 0.01762431 0.01279170 0.12173685 0.39781590 0.35068459 0.09060846 
71.00000000 0.00873294 0.01795440 0.01305966 0.12433155 0.39828046 0.34627925 0.09136173 
72.00000000 0.00872614 0.01827899 0.01332562 0.12683032 0.39852674 0.34219041 0.09212177 
73.00000000 0.00871838 0.01859779 0.01358972 0.12922534 0.39856979 0.33840786 0.09289113 
74.00000000 0.00871026 0.01891061 0.01385194 0.13150941 0.39842497 0.33492036 0.09367245 
75.00000000 0.00870238 0.01921738 0.01411226 0.13367617 0.39810872 0.33171419 0.09446890 
76.00000000 0.00869530 0.01951799 0.01437074 0.13572031 0.39763797 0.32877340 0.09528429 
77.00000000 0.00868956 0.01981238 0.01462760 0.13763762 0.39702814 0.32608198 0.09612272 
78.00000000 0.00868560 0.02010045 0.01488316 0.13942513 0.39629081 0.32362685 0.09698801 
79.00000000 0.00868379 0.02038207 0.01513758 0.14108123 0.39543270 0.32139967 0.09788296 
80.00000000 0.00868447 0.02065711 0.01539081 0.14260573 0.39445667 0.31939624 0.09880897 
81.00000000 0.00868795 0.02092542 0.01564257 0.14399972 0.39336439 0.31761385 0.09976610 
82.00000000 0.00869457 0.02118678 0.01589261 0.14526521 0.39215904 0.31604827 0.10075352 
83.00000000 0.00870472 0.02144096 0.01614093 0.14640462 0.39084652 0.31469225 0.10176999 
84.00000000 0.00871884 0.02168772 0.01638797 0.14742040 0.38943446 0.31353639 0.10281421 
85.00000000 0.00873735 0.02192686 0.01663443 0.14831494 0.38792978 0.31257183 0.10388481 
86.00000000 0.00876066 0.02215824 0.01688100 0.14909067 0.38633640 0.31179281 0.10498023 
87.00000000 0.00878911 0.02238179 0.01712804 0.14975044 0.38465442 0.31119754 0.10609865 
88.00000000 0.00882305 0.02259750 0.01737551 0.15029799 0.38288128 0.31078665 0.10723803 
89.00000000 0.00886279 0.02280530 0.01762301 0.15073809 0.38101396 0.31056038 0.10839647 
90.00000000 0.00890866 0.02300509 0.01787013 0.15107650 0.37905076 0.31051620 0.10957266 
91.00000000 0.00896098 0.02319671 0.01811657 0.15131960 0.37699183 0.31064828 0.11076603 
92.00000000 0.00902004 0.02338001 0.01836225 0.15147386 0.37483834 0.31094884 0.11197667 
93.00000000 0.00908608 0.02355487 0.01860712 0.15154543 0.37259149 0.31141030 0.11320471 
94.00000000 0.00915929 0.02372119 0.01885111 0.15153973 0.37025230 0.31202656 0.11444982 
95.00000000 0.00923985 0.02387892 0.01909402 0.15146120 0.36782229 0.31279285 0.11571088 
96.00000000 0.00932791 0.02402804 0.01933573 0.15131315 0.36530475 0.31370428 0.11698615 
97.00000000 0.00942362 0.02416854 0.01957639 0.15109776 0.36270541 0.31475455 0.11827372 
98.00000000 0.00952712 0.02430045 0.01981652 0.15081624 0.36003196 0.31593560 0.11957210 
99.00000000 0.00963849 0.02442387 0.02005690 0.15046920 0.35729227 0.31723889 0.12088038 
100.00000000 0.00975777 0.02453894 0.02029833 0.15005740 0.35449226 0.31865738 0.12219791 
101.00000000 0.00988496 0.02464581 0.02054126 0.14958250 0.35163468 0.32018697 0.12352382 
102.00000000 0.01002007 0.02474456 0.02078566 0.14904763 0.34871937 0.32182612 0.12485660 
103.00000000 0.01016317 0.02483514 0.02103117 0.14845736 0.34574523 0.32357382 0.12619411 
104.00000000 0.01031436 0.02491741 0.02127734 0.14781720 0.34271258 0.32542700 0.12753411 
105.00000000 0.01047376 0.02499122 0.02152396 0.14713271 0.33962482 0.32737874 0.12887479 
106.00000000 0.01064147 0.02505654 0.02177114 0.14640883 0.33648858 0.32941827 0.13021518 
107.00000000 0.01081751 0.02511351 0.02201923 0.14564966 0.33331244 0.33153266 0.13155500 
108.00000000 0.01100188 0.02516242 0.02226857 0.14485876 0.33010502 0.33370925 0.13289410 
109.00000000 0.01119457 0.02520363 0.02251931 0.14403962 0.32687357 0.33593738 0.13423192 
110.00000000 0.01139565 0.02523743 0.02277135 0.14319594 0.32362376 0.33820861 0.13556727 
111.00000000 0.01160520 0.02526397 0.02302450 0.14233185 0.32036058 0.34051550 0.13689840 
112.00000000 0.01182328 0.02528335 0.02327866 0.14145190 0.31708948 0.34284982 0.13822350 
113.00000000 0.01204988 0.02529570 0.02353384 0.14056114 0.31381679 0.34520170 0.13954096 
114.00000000 0.01228485 0.02530120 0.02379010 0.13966534 0.31054879 0.34756037 0.14084935 
115.00000000 0.01252801 0.02530012 0.02404732 0.13877112 0.30729034 0.34991610 0.14214700 
116.00000000 0.01277910 0.02529272 0.02430501 0.13788572 0.30404402 0.35226175 0.14343169 
117.00000000 0.01303790 0.02527920 0.02456235 0.13701616 0.30081098 0.35459268 0.14470073 
118.00000000 0.01330407 0.02525972 0.02481838 0.13616827 0.29759309 0.35690493 0.14595153 
119.00000000 0.01357717 0.02523451 0.02507233 0.13534587 0.29439512 0.35919262 0.14718238 
120.00000000 0.01385660 0.02520392 0.02532379 0.13455072 0.29122563 0.36144641 0.14839293 
121.00000000 0.01414160 0.02516852 0.02557276 0.13378324 0.28809589 0.36365378 0.14958421 
122.00000000 0.01443144 0.02512898 0.02581947 0.13304351 0.28501723 0.36580133 0.15075804 
123.00000000 0.01472553 0.02508591 0.02606413 0.13233194 0.28199871 0.36787741 0.15191637 
124.00000000 0.01502354 0.02503966 0.02630681 0.13164944 0.27904624 0.36987349 0.15306081 
125.00000000 0.01532536 0.02499031 0.02654747 0.13099704 0.27616363 0.37178346 0.15419272 
126.00000000 0.01563097 0.02493769 0.02678608 0.13037555 0.27335460 0.37360163 0.15531348 
127.00000000 0.01594036 0.02488160 0.02702282 0.12978552 0.27062389 0.37532117 0.15642463 
128.00000000 0.01625341 0.02482199 0.02725817 0.12922758 0.26797687 0.37693437 0.15752760 
129.00000000 0.01656997 0.02475902 0.02749276 0.12870278 0.26541773 0.37843460 0.15862312 
130.00000000 0.01688986 0.02469305 0.02772724 0.12821253 0.26294794 0.37981863 0.15971075 
131.00000000 0.01721286 0.02462442 0.02796211 0.12775812 0.26056623 0.38108743 0.16078883 
132.00000000 0.01753875 0.02455338 0.02819774 0.12734011 0.25827013 0.38224484 0.16185505 
133.00000000 0.01786715 0.02448005 0.02843447 0.12695801 0.25605821 0.38329489 0.16290720 
134.00000000 0.01819755 0.02440453 0.02867272 0.12661053 0.25393139 0.38423951 0.16394378 
135.00000000 0.01852930 0.02432701 0.02891300 0.12629610 0.25189258 0.38507797 0.16496403 
136.00000000 0.01886178 0.02424786 0.02915584 0.12601347 0.24994498 0.38580841 0.16596765 
137.00000000 0.01919446 0.02416750 0.02940157 0.12576190 0.24809013 0.38643015 0.16695428 
138.00000000 0.01952694 0.02408634 0.02965025 0.12554100 0.24632692 0.38694528 0.16792326 
139.00000000 0.01985888 0.02400471 0.02990164 0.12535040 0.24465213 0.38735845 0.16887380 
140.00000000 0.02018984 0.02392285 0.03015539 0.12518948 0.24306195 0.38767520 0.16980528 
141.00000000 0.02051924 0.02384116 0.03041123 0.12505724 0.24155354 0.38790007 0.17071751 
142.00000000 0.02084634 0.02376031 0.03066897 0.12495239 0.24012578 0.38803559 0.17161061 
143.00000000 0.02117034 0.02368132 0.03092859 0.12487345 0.23877900 0.38808276 0.17248455 
144.00000000 0.02149050 0.02360544 0.03119010 0.12481891 0.23751401 0.38804230 0.17333875 
145.00000000 0.02180621 0.02353401 0.03145345 0.12478738 0.23633129 0.38791574 0.17417192 
146.00000000 0.02211697 0.02346822 0.03171859 0.12477781 0.23523056 0.38770562 0.17498223 
147.00000000 0.02242229 0.02340905 0.03198546 0.12478969 0.23421105 0.38741469 0.17576776 
148.00000000 0.02272167 0.02335738 0.03225404 0.12482316 0.23327195 0.38704491 0.17652690 
149.00000000 0.02301450 0.02331406 0.03252435 0.12487876 0.23241267 0.38659719 0.17725847 
150.00000000 0.02330017 0.02328008 0.03279631 0.12495722 0.23163246 0.38607221 0.17796154 
151.00000000 0.02357810 0.02325659 0.03306972 0.12505913 0.23092936 0.38547211 0.17863498 
152.00000000 0.02384770 0.02324477 0.03334421 0.12518499 0.23029918 0.38480194 0.17927720 
153.00000000 0.02410842 0.02324576 0.03361936 0.12533532 0.22973514 0.38406993 0.17988607 
154.00000000 0.02435962 0.02326056 0.03389486 0.12551085 0.22922870 0.38328628 0.18045914 
155.00000000 0.02460059 0.02329004 0.03417063 0.12571243 0.22877120 0.38246109 0.18099402 
156.00000000 0.02483067 0.02333496 0.03444686 0.12594056 0.22835585 0.38160224 0.18148886 
157.00000000 0.02504934 0.02339601 0.03472388 0.12619497 0.22797888 0.38071429 0.18194262 
158.00000000 0.02525641 0.02347370 0.03500204 0.12647436 0.22763962 0.37979860 0.18235527 
159.00000000 0.02545194 0.02356835 0.03528164 0.12677669 0.22733928 0.37885447 0.18272763 
160.00000000 0.02563615 0.02368005 0.03556296 0.12709985 0.22707942 0.37788057 0.18306100 
161.00000000 0.02580924 0.02380870 0.03584618 0.12744233 0.22686080 0.37687597 0.18335678 
162.00000000 0.02597127 0.02395414 0.03613139 0.12780345 0.22668313 0.37584046 0.18361615 
163.00000000 0.02612215 0.02411622 0.03641852 0.12818292 0.22654573 0.37477424 0.18384022 
164.00000000 0.02626178 0.02429489 0.03670721 0.12858015 0.22644838 0.37367742 0.18403018 
165.00000000 0.02639019 0.02449012 0.03699687 0.12899364 0.22639161 0.37254990 0.18418766 
166.00000000 0.02650761 0.02470188 0.03728679 0.12942084 0.22637631 0.37139176 0.18431481 
167.00000000 0.02661439 0.02493006 0.03757631 0.12985865 0.22640274 0.37020393 0.18441391 
168.00000000 0.02671091 0.02517446 0.03786505 0.13030416 0.22646980 0.36898871 0.18448691 
169.00000000 0.02679751 0.02543485 0.03815285 0.13075522 0.22657522 0.36774932 0.18453503 
170.00000000 0.02687448 0.02571092 0.03843971 0.13121054 0.22671673 0.36648866 0.18455895 
171.00000000 0.02694217 0.02600230 0.03872562 0.13166922 0.22689357 0.36520765 0.18455947 
172.00000000 0.02700098 0.02630855 0.03901048 0.13213024 0.22710719 0.36390435 0.18453822 
173.00000000 0.02705132 0.02662915 0.03929408 0.13259223 0.22736074 0.36257438 0.18449810 
174.00000000 0.02709341 0.02696362 0.03957625 0.13305365 0.22765742 0.36121271 0.18444294 
175.00000000 0.02712717 0.02731161 0.03985686 0.13351321 0.22799871 0.35981585 0.18437658 
176.00000000 0.02715216 0.02767297 0.04013581 0.13397012 0.22838340 0.35838343 0.18430211 
177.00000000 0.02716781 0.02804767 0.04041292 0.13442399 0.22880790 0.35691825 0.18422147 
178.00000000 0.02717366 0.02843561 0.04068786 0.13487439 0.22926750 0.35542499 0.18413598 
179.00000000 0.02716969 0.02883643 0.04096026 0.13532029 0.22975791 0.35390815 0.18404726 
180.00000000 0.02715633 0.02924939 0.04122990 0.13575961 0.23027612 0.35237071 0.18395793 
181.00000000 0.02713442 0.02967338 0.04149692 0.13618924 0.23082041 0.35081389 0.18387174 
182.00000000 0.02710485 0.03010705 0.04176193 0.13660545 0.23138965 0.34923821 0.18379288 
183.00000000 0.02706842 0.03054907 0.04202586 0.13700450 0.23198247 0.34764458 0.18372510 
184.00000000 0.02702571 0.03099820 0.04228979 0.13738332 0.23259703 0.34603488 0.18367107 
185.00000000 0.02697710 0.03145335 0.04255463 0.13773970 0.23323136 0.34441155 0.18363231 
186.00000000 0.02692295 0.03191353 0.04282106 0.13807218 0.23388398 0.34277668 0.18360963 
187.00000000 0.02686362 0.03237781 0.04308953 0.13837952 0.23455434 0.34113152 0.18360365 
188.00000000 0.02679947 0.03284538 0.04336044 0.13866026 0.23524254 0.33947680 0.18361510 
189.00000000 0.02673077 0.03331555 0.04363420 0.13891254 0.23594860 0.33781381 0.18364454 
190.00000000 0.02665763 0.03378783 0.04391123 0.13913436 0.23667174 0.33614526 0.18369194 
191.00000000 0.02658011 0.03426188 0.04419191 0.13932408 0.23741036 0.33447515 0.18375651 
192.00000000 0.02649834 0.03473730 0.04447645 0.13948063 0.23816288 0.33280744 0.18383696 
193.00000000 0.02641280 0.03521347 0.04476495 0.13960350 0.23892903 0.33114412 0.18393213 
194.00000000 0.02632438 0.03568941 0.04505756 0.13969222 0.23971076 0.32948402 0.18404166 
195.00000000 0.02623430 0.03616382 0.04535465 0.13974580 0.24051209 0.32782313 0.18416621 
196.00000000 0.02614393 0.03663522 0.04565693 0.13976247 0.24133788 0.32615656 0.18430700 
197.00000000 0.02605451 0.03710219 0.04596533 0.13973993 0.24219202 0.32448091 0.18446513 
198.00000000 0.02596694 0.03756346 0.04628082 0.13967618 0.24307586 0.32279590 0.18464085 
199.00000000 0.02588185 0.03801806 0.04660421 0.13957048 0.24398753 0.32110451 0.18483336 
200.00000000 0.02579970 0.03846515 0.04693597 0.13942393 0.24492226 0.31941181 0.18504118 
201.00000000 0.02572099 0.03890396 0.04727639 0.13923924 0.24587321 0.31772354 0.18526268 
202.00000000 0.02564631 0.03933365 0.04762569 0.13901999 0.24683251 0.31604527 0.18549657 
203.00000000 0.02557630 0.03975344 0.04798413 0.13876981 0.24779183 0.31438262 0.18574187 
204.00000000 0.02551143 0.04016260 0.04835197 0.13849208 0.24874263 0.31274176 0.18599754 
205.00000000 0.02545197 0.04056059 0.04872925 0.13819031 0.24967634 0.31112958 0.18626196 
206.00000000 0.02539794 0.04094705 0.04911567 0.13786888 0.25058460 0.30955312 0.18653274 
207.00000000 0.02534928 0.04132171 0.04951060 0.13753361 0.25145972 0.30801825 0.18680683 
208.00000000 0.02530600 0.04168430 0.04991323 0.13719169 0.25229524 0.30652867 0.18708086 
209.00000000 0.02526829 0.04203450 0.05032279 0.13685092 0.25308626 0.30508575 0.18735149 
210.00000000 0.02523648 0.04237196 0.05073869 0.13651862 0.25382926 0.30368942 0.18761556 
211.00000000 0.02521101 0.04269632 0.05116047 0.13620090 0.25452156 0.30233971 0.18787002 
212.00000000 0.02519234 0.04300731 0.05158755 0.13590255 0.25516060 0.30103769 0.18811196 
213.00000000 0.02518097 0.04330463 0.05201912 0.13562757 0.25574366 0.29978536 0.18833869 
214.00000000 0.02517749 0.04358801 0.05245418 0.13537977 0.25626813 0.29858430 0.18854811 
215.00000000 0.02518261 0.04385714 0.05289165 0.13516315 0.25673227 0.29743414 0.18873903 
216.00000000 0.02519713 0.04411172 0.05333062 0.13498149 0.25713593 0.29633191 0.18891119 
217.00000000 0.02522190 0.04435148 0.05377037 0.13483769 0.25748074 0.29527281 0.18906502 
218.00000000 0.02525767 0.04457624 0.05421031 0.13473321 0.25776962 0.29425199 0.18920097 
219.00000000 0.02530502 0.04478593 0.05464971 0.13466821 0.25800574 0.29326631 0.18931908 
220.00000000 0.02536431 0.04498064 0.05508756 0.13464235 0.25819120 0.29231513 0.18941880 
221.00000000 0.02543573 0.04516059 0.05552257 0.13465581 0.25832622 0.29139992 0.18949917 
222.00000000 0.02551931 0.04532615 0.05595335 0.13470998 0.25840896 0.29052307 0.18955918 
223.00000000 0.02561511 0.04547779 0.05637870 0.13480714 0.25843631 0.28968678 0.18959817 
224.00000000 0.02572322 0.04561602 0.05679770 0.13494955 0.25840506 0.28889257 0.18961588 
225.00000000 0.02584380 0.04574137 0.05720970 0.13513830 0.25831289 0.28814145 0.18961249 
226.00000000 0.02597702 0.04585430 0.05761414 0.13537281 0.25815887 0.28743433 0.18958853 
227.00000000 0.02612308 0.04595528 0.05801038 0.13565100 0.25794352 0.28677190 0.18954483 
228.00000000 0.02628221 0.04604469 0.05839773 0.13597004 0.25766872 0.28615408 0.18948253 
229.00000000 0.02645468 0.04612285 0.05877560 0.13632706 0.25733773 0.28557916 0.18940292 
230.00000000 0.02664081 0.04619008 0.05914374 0.13671938 0.25695528 0.28504335 0.18930735 
231.00000000 0.02684095 0.04624668 0.05950237 0.13714416 0.25652749 0.28454130 0.18919704 
232.00000000 0.02705533 0.04629297 0.05985209 0.13759808 0.25606124 0.28406716 0.18907313 
233.00000000 0.02728395 0.04632931 0.06019366 0.13807717 0.25556330 0.28361587 0.18893673 
234.00000000 0.02752656 0.04635612 0.06052776 0.13857718 0.25503920 0.28318402 0.18878917 
235.00000000 0.02778259 0.04637392 0.06085481 0.13909418 0.25449259 0.28276980 0.18863211 
236.00000000 0.02805128 0.04638337 0.06117504 0.13962507 0.25392517 0.28237249 0.18846760 
237.00000000 0.02833174 0.04638527 0.06148862 0.14016766 0.25333725 0.28199158 0.18829789 
238.00000000 0.02862301 0.04638059 0.06179582 0.14072045 0.25272865 0.28162629 0.18812520 
239.00000000 0.02892405 0.04637035 0.06209704 0.14128221 0.25209930 0.28127553 0.18795152 
240.00000000 0.02923373 0.04635564 0.06239275 0.14185174 0.25144943 0.28093822 0.18777848 
241.00000000 0.02955077 0.04633749 0.06268331 0.14242789 0.25077933 0.28061374 0.18760748 
242.00000000 0.02987383 0.04631687 0.06296894 0.14300966 0.25008890 0.28030206 0.18743975 
243.00000000 0.03020158 0.04629466 0.06324977 0.14359636 0.24937756 0.28000360 0.18727646 
244.00000000 0.03053287 0.04627169 0.06352598 0.14418758 0.24864449 0.27971871 0.18711869 
245.00000000 0.03086676 0.04624868 0.06379795 0.14478279 0.24788911 0.27944724 0.18696747 
246.00000000 0.03120253 0.04622637 0.06406627 0.14538106 0.24711157 0.27918831 0.18682389 
247.00000000 0.03153955 0.04620549 0.06433164 0.14598086 0.24631270 0.27894061 0.18668916 
248.00000000 0.03187718 0.04618688 0.06459468 0.14658023 0.24549370 0.27870274 0.18656460 
249.00000000 0.03221467 0.04617144 0.06485577 0.14717704 0.24465586 0.27847370 0.18645151 
250.00000000 0.03255120 0.04616014 0.06511511 0.14776928 0.24380049 0.27825287 0.18635091 
251.00000000 0.03288587 0.04615397 0.06537276 0.14835508 0.24292918 0.27803977 0.18626338 
252.00000000 0.03321778 0.04615391 0.06562886 0.14893258 0.24204422 0.27783359 0.18618905 
253.00000000 0.03354602 0.04616095 0.06588365 0.14949979 0.24114868 0.27763294 0.18612796 
254.00000000 0.03386958 0.04617607 0.06613748 0.15005453 0.24024606 0.27743590 0.18608038 
255.00000000 0.03418731 0.04620019 0.06639071 0.15059463 0.23933957 0.27724043 0.18604715 
256.00000000 0.03449799 0.04623408 0.06664369 0.15111822 0.23843139 0.27704497 0.18602967 
257.00000000 0.03480041 0.04627826 0.06689668 0.15162388 0.23752253 0.27684860 0.18602964 
258.00000000 0.03509355 0.04633298 0.06714995 0.15211059 0.23661337 0.27665070 0.18604886 
259.00000000 0.03537658 0.04639830 0.06740378 0.15257737 0.23570471 0.27645008 0.18608917 
260.00000000 0.03564891 0.04647427 0.06765848 0.15302291 0.23479876 0.27624414 0.18615253 
261.00000000 0.03591005 0.04656104 0.06791431 0.15344534 0.23389940 0.27602873 0.18624114 
262.00000000 0.03615947 0.04665879 0.06817143 0.15384221 0.23301176 0.27579895 0.18635740 
263.00000000 0.03639659 0.04676764 0.06842993 0.15421061 0.23214128 0.27555045 0.18650349 
264.00000000 0.03662072 0.04688739 0.06868994 0.15454717 0.23129304 0.27528070 0.18668103 
265.00000000 0.03683117 0.04701750 0.06895176 0.15484801 0.23047146 0.27498938 0.18689071 
266.00000000 0.03702734 0.04715711 0.06921595 0.15510874 0.22968062 0.27467779 0.18713245 
267.00000000 0.03720886 0.04730521 0.06948337 0.15532449 0.22892458 0.27434778 0.18740570 
268.00000000 0.03737563 0.04746082 0.06975501 0.15549019 0.22820748 0.27400082 0.18771004 
269.00000000 0.03752773 0.04762308 0.07003189 0.15560096 0.22753319 0.27363784 0.18804531 
270.00000000 0.03766539 0.04779121 0.07031495 0.15565246 0.22690472 0.27325975 0.18841151 
271.00000000 0.03778886 0.04796452 0.07060497 0.15564124 0.22632403 0.27286810 0.18880828 
272.00000000 0.03789841 0.04814236 0.07090256 0.15556484 0.22579230 0.27246513 0.18923440 
273.00000000 0.03799427 0.04832423 0.07120817 0.15542195 0.22531055 0.27205313 0.18968771 
274.00000000 0.03807661 0.04850985 0.07152217 0.15521248 0.22488033 0.27163324 0.19016532 
275.00000000 0.03814552 0.04869923 0.07184483 0.15493764 0.22450379 0.27120477 0.19066422 
276.00000000 0.03820093 0.04889259 0.07217625 0.15459983 0.22418329 0.27076537 0.19118174 
277.00000000 0.03824260 0.04909028 0.07251627 0.15420225 0.22392048 0.27031236 0.19171577 
278.00000000 0.03827011 0.04929258 0.07286440 0.15374849 0.22371553 0.26984438 0.19226451 
279.00000000 0.03828306 0.04949966 0.07321990 0.15324209 0.22356677 0.26936230 0.19282622 
280.00000000 0.03828121 0.04971159 0.07358183 0.15268646 0.22347105 0.26886883 0.19339903 
281.00000000 0.03826464 0.04992836 0.07394926 0.15208503 0.22342459 0.26836703 0.19398109 
282.00000000 0.03823378 0.05014999 0.07432132 0.15144151 0.22342379 0.26785881 0.19457080 
283.00000000 0.03818931 0.05037652 0.07469731 0.15076002 0.22346559 0.26734435 0.19516690 
284.00000000 0.03813196 0.05060800 0.07507665 0.15004495 0.22354736 0.26682280 0.19576828 
285.00000000 0.03806243 0.05084444 0.07545880 0.14930069 0.22366650 0.26629366 0.19637347 
286.00000000 0.03798132 0.05108584 0.07584316 0.14853157 0.22382018 0.26575781 0.19698011 
287.00000000 0.03788925 0.05133219 0.07622907 0.14774192 0.22400521 0.26521757 0.19758479 
288.00000000 0.03778697 0.05158347 0.07661581 0.14693642 0.22421834 0.26467573 0.19818326 
289.00000000 0.03767540 0.05183969 0.07700271 0.14612019 0.22445659 0.26413434 0.19877109 
290.00000000 0.03755562 0.05210077 0.07738906 0.14529870 0.22471752 0.26359401 0.19934433 
291.00000000 0.03742873 0.05236655 0.07777412 0.14447725 0.22499931 0.26305409 0.19989995 
292.00000000 0.03729584 0.05263669 0.07815703 0.14366057 0.22530052 0.26251354 0.20043582 
293.00000000 0.03715801 0.05291073 0.07853682 0.14285266 0.22561965 0.26197171 0.20095041 
294.00000000 0.03701635 0.05318819 0.07891264 0.14205715 0.22595476 0.26142842 0.20144249 
295.00000000 0.03687203 0.05346856 0.07928385 0.14127784 0.22630335 0.26088338 0.20191099 
296.00000000 0.03672619 0.05375144 0.07965018 0.14051906 0.22666253 0.26033538 0.20235522 
297.00000000 0.03657986 0.05403647 0.08001161 0.13978550 0.22702947 0.25978192 0.20277518 
298.00000000 0.03643381 0.05432341 0.08036805 0.13908158 0.22740180 0.25921954 0.20317182 
299.00000000 0.03628857 0.05461209 0.08071907 0.13841069 0.22777790 0.25864465 0.20354703 
300.00000000 0.03614447 0.05490242 0.08106379 0.13777485 0.22815675 0.25805447 0.20390325 
301.00000000 0.03600187 0.05519433 0.08140095 0.13717491 0.22853762 0.25744743 0.20424289 
302.00000000 0.03586130 0.05548763 0.08172931 0.13661111 0.22891965 0.25682316 0.20456784 
303.00000000 0.03572354 0.05578183 0.08204802 0.13608364 0.22930165 0.25618197 0.20487934 
304.00000000 0.03558961 0.05607609 0.08235678 0.13559286 0.22968225 0.25552438 0.20517804 
305.00000000 0.03546061 0.05636915 0.08265579 0.13513921 0.23005998 0.25485093 0.20546433 
306.00000000 0.03533761 0.05665954 0.08294558 0.13472306 0.23043324 0.25416244 0.20573853 
307.00000000 0.03522159 0.05694572 0.08322676 0.13434486 0.23079985 0.25346040 0.20600083 
308.00000000 0.03511338 0.05722635 0.08349998 0.13400550 0.23115637 0.25274740 0.20625102 
309.00000000 0.03501368 0.05750039 0.08376594 0.13370679 0.23149765 0.25202734 0.20648822 
310.00000000 0.03492305 0.05776712 0.08402540 0.13345146 0.23181689 0.25130517 0.20671091 
311.00000000 0.03484192 0.05802605 0.08427914 0.13324248 0.23210658 0.25058646 0.20691737 
312.00000000 0.03477063 0.05827679 0.08452775 0.13308184 0.23236001 0.24987662 0.20710636 
313.00000000 0.03470949 0.05851893 0.08477143 0.13296957 0.23257283 0.24918029 0.20727747 
314.00000000 0.03465886 0.05875195 0.08500998 0.13290329 0.23274388 0.24850096 0.20743108 
315.00000000 0.03461923 0.05897517 0.08524286 0.13287877 0.23287500 0.24784117 0.20756780 
316.00000000 0.03459121 0.05918773 0.08546955 0.13289100 0.23296983 0.24720286 0.20768781 
317.00000000 0.03457549 0.05938867 0.08568984 0.13293526 0.23303244 0.24658778 0.20779051 
318.00000000 0.03457279 0.05957700 0.08590399 0.13300773 0.23306637 0.24599744 0.20787468 
319.00000000 0.03458372 0.05975187 0.08611272 0.13310531 0.23307452 0.24543281 0.20793905 
320.00000000 0.03460877 0.05991270 0.08631696 0.13322526 0.23305961 0.24489381 0.20798289 
321.00000000 0.03464837 0.06005922 0.08651758 0.13336476 0.23302470 0.24437917 0.20800619 
322.00000000 0.03470292 0.06019140 0.08671523 0.13352093 0.23297326 0.24388671 0.20800955 
323.00000000 0.03477282 0.06030939 0.08691022 0.13369110 0.23290860 0.24341415 0.20799373 
324.00000000 0.03485852 0.06041334 0.08710260 0.13387309 0.23283313 0.24295993 0.20795938 
325.00000000 0.03496047 0.06050334 0.08729223 0.13406518 0.23274811 0.24252362 0.20790704 
326.00000000 0.03507907 0.06057939 0.08747887 0.13426566 0.23265397 0.24210565 0.20783740 
327.00000000 0.03521458 0.06064142 0.08766217 0.13447228 0.23255122 0.24170676 0.20775156 
328.00000000 0.03536721 0.06068927 0.08784183 0.13468192 0.23244113 0.24132755 0.20765109 
329.00000000 0.03553705 0.06072269 0.08801764 0.13489064 0.23232570 0.24096858 0.20753770 
330.00000000 0.03572407 0.06074134 0.08818970 0.13509433 0.23220693 0.24063080 0.20741283 
331.00000000 0.03592814 0.06074490 0.08835852 0.13528938 0.23208575 0.24031598 0.20727734 
332.00000000 0.03614893 0.06073318 0.08852510 0.13547325 0.23196140 0.24002667 0.20713148 
333.00000000 0.03638603 0.06070626 0.08869087 0.13564443 0.23183173 0.23976559 0.20697508 
334.00000000 0.03663900 0.06066457 0.08885750 0.13580214 0.23169418 0.23953467 0.20680794 
335.00000000 0.03690756 0.06060870 0.08902667 0.13594576 0.23154694 0.23933431 0.20663006 
336.00000000 0.03719164 0.06053924 0.08919988 0.13607453 0.23138953 0.23916344 0.20644174 
337.00000000 0.03749145 0.06045660 0.08937825 0.13618764 0.23122232 0.23902028 0.20624345 
338.00000000 0.03780727 0.06036096 0.08956250 0.13628445 0.23104552 0.23890347 0.20603583 
339.00000000 0.03813935 0.06025239 0.08975298 0.13636482 0.23085817 0.23881274 0.20581954 
340.00000000 0.03848771 0.06013109 0.08994973 0.13642935 0.23065793 0.23874881 0.20559537 
341.00000000 0.03885211 0.05999754 0.09015257 0.13647918 0.23044177 0.23871254 0.20536428 
342.00000000 0.03923209 0.05985248 0.09036125 0.13651566 0.23020713 0.23870391 0.20512748 
343.00000000 0.03962707 0.05969676 0.09057560 0.13653988 0.22995271 0.23872150 0.20488649 
344.00000000 0.04003632 0.05953118 0.09079561 0.13655242 0.22967857 0.23876278 0.20464313 
345.00000000 0.04045898 0.05935648 0.09102154 0.13655328 0.22938554 0.23882471 0.20439948 
346.00000000 0.04089400 0.05917338 0.09125382 0.13654217 0.22907453 0.23890440 0.20415770 
347.00000000 0.04134015 0.05898282 0.09149297 0.13651889 0.22874605 0.23899923 0.20391989 
348.00000000 0.04179607 0.05878603 0.09173943 0.13648363 0.22840029 0.23910664 0.20368791 
349.00000000 0.04226046 0.05858448 0.09199343 0.13643713 0.22803747 0.23922380 0.20346323 
350.00000000 0.04273214 0.05837972 0.09225505 0.13638040 0.22765799 0.23934770 0.20324699 
351.00000000 0.04321005 0.05817322 0.09252422 0.13631445 0.22726222 0.23947577 0.20304008 
352.00000000 0.04369322 0.05796627 0.09280075 0.13624003 0.22685001 0.23960647 0.20284325 
353.00000000 0.04418066 0.05776011 0.09308443 0.13615765 0.22642051 0.23973950 0.20265715 
354.00000000 0.04467132 0.05755600 0.09337490 0.13606776 0.22597233 0.23987544 0.20248226 
355.00000000 0.04516420 0.05735525 0.09367170 0.13597096 0.22550431 0.24001476 0.20231881 
356.00000000 0.04565839 0.05715912 0.09397431 0.13586790 0.22501629 0.24015709 0.20216689 
357.00000000 0.04615309 0.05696868 0.09428223 0.13575916 0.22450943 0.24030091 0.20202650 
358.00000000 0.04664755 0.05678467 0.09459513 0.13564502 0.22398594 0.24044395 0.20189774 
359.00000000 0.04714091 0.05660763 0.09491290 0.13552550 0.22344842 0.24058387 0.20178077 
360.00000000 0.04763209 0.05643802 0.09523554 0.13540066 0.22289909 0.24071887 0.20167573 
361.00000000 0.04811978 0.05627648 0.09556294 0.13527099 0.22233947 0.24084785 0.20158248 
362.00000000 0.04860257 0.05612390 0.09589466 0.13513768 0.22177041 0.24097018 0.20150060 
363.00000000 0.04907906 0.05598137 0.09622982 0.13500243 0.22119245 0.24108543 0.20142944 
364.00000000 0.04954791 0.05585003 0.09656726 0.13486682 0.22060626 0.24119313 0.20136859 
365.00000000 0.05000784 0.05573095 0.09690578 0.13473156 0.22001291 0.24129281 0.20131813 
366.00000000 0.05045757 0.05562503 0.09724443 0.13459604 0.21941396 0.24138411 0.20127885 
367.00000000 0.05089581 0.05553304 0.09758266 0.13445850 0.21881132 0.24146676 0.20125191 
368.00000000 0.05132125 0.05545563 0.09792026 0.13431691 0.21820716 0.24154041 0.20123836 
369.00000000 0.05173276 0.05539329 0.09825721 0.13416995 0.21760373 0.24160432 0.20123873 
370.00000000 0.05212939 0.05534629 0.09859355 0.13401771 0.21700330 0.24165705 0.20125271 
371.00000000 0.05251040 0.05531456 0.09892940 0.13386181 0.21640813 0.24169646 0.20127924 
372.00000000 0.05287522 0.05529778 0.09926492 0.13370503 0.21582034 0.24172000 0.20131671 
373.00000000 0.05322337 0.05529544 0.09960034 0.13355062 0.21524177 0.24172531 0.20136315 
374.00000000 0.05355442 0.05530699 0.09993584 0.13340179 0.21467381 0.24171077 0.20141638 
375.00000000 0.05386807 0.05533194 0.10027141 0.13326140 0.21411732 0.24167587 0.20147398 
376.00000000 0.05416417 0.05536982 0.10060670 0.13313196 0.21357254 0.24162131 0.20153350 
377.00000000 0.05444276 0.05542013 0.10094108 0.13301553 0.21303929 0.24154867 0.20159255 
378.00000000 0.05470402 0.05548216 0.10127380 0.13291365 0.21251722 0.24146008 0.20164907 
379.00000000 0.05494822 0.05555502 0.10160431 0.13282704 0.21200619 0.24135774 0.20170148 
380.00000000 0.05517555 0.05563762 0.10193246 0.13275547 0.21150660 0.24124371 0.20174860 
381.00000000 0.05538617 0.05572884 0.10225849 0.13269803 0.21101932 0.24111973 0.20178941 
382.00000000 0.05558023 0.05582760 0.10258282 0.13265379 0.21054541 0.24098736 0.20182280 
383.00000000 0.05575800 0.05593293 0.10290563 0.13262262 0.21008552 0.24084802 0.20184727 
384.00000000 0.05591993 0.05604404 0.10322665 0.13260576 0.20963962 0.24070306 0.20186094 
385.00000000 0.05606664 0.05616032 0.10354509 0.13260569 0.20920702 0.24055374 0.20186150 
386.00000000 0.05619884 0.05628146 0.10385984 0.13262553 0.20878694 0.24040111 0.20184628 
387.00000000 0.05631725 0.05640741 0.10416977 0.13266816 0.20837908 0.24024607 0.20181226 
388.00000000 0.05642258 0.05653838 0.10447401 0.13273553 0.20798405 0.24008934 0.20175610 
389.00000000 0.05651557 0.05667466 0.10477203 0.13282856 0.20760328 0.23993154 0.20167437 
390.00000000 0.05659704 0.05681644 0.10506361 0.13294741 0.20723848 0.23977314 0.20156388 
391.00000000 0.05666791 0.05696373 0.10534875 0.13309195 0.20689107 0.23961439 0.20142220 
392.00000000 0.05672908 0.05711629 0.10562756 0.13326202 0.20656191 0.23945515 0.20124798 
393.00000000 0.05678135 0.05727376 0.10590021 0.13345745 0.20625145 0.23929486 0.20104092 
394.00000000 0.05682529 0.05743584 0.10616686 0.13367781 0.20596012 0.23913249 0.20080160 
395.00000000 0.05686128 0.05760238 0.10642760 0.13392238 0.20568865 0.23896678 0.20053094 
396.00000000 0.05688951 0.05777343 0.10668240 0.13419037 0.20543782 0.23879646 0.20022999 
397.00000000 0.05691015 0.05794925 0.10693097 0.13448133 0.20520788 0.23862063 0.19989978 
398.00000000 0.05692331 0.05813020 0.10717276 0.13479545 0.20499784 0.23843901 0.19954145 
399.00000000 0.05692903 0.05831674 0.10740702 0.13513365 0.20480521 0.23825211 0.19915624 
400.00000000 0.05692726 0.05850948 0.10763305 0.13549716 0.20462634 0.23806127 0.19874544 
401.00000000 0.05691778 0.05870915 0.10785043 0.13588692 0.20445710 0.23786863 0.19830998 
402.00000000 0.05690029 0.05891657 0.10805919 0.13630310 0.20429361 0.23767700 0.19785023 
403.00000000 0.05687449 0.05913258 0.10825993 0.13674491 0.20413258 0.23748957 0.19736594 
404.00000000 0.05684024 0.05935789 0.10845368 0.13721092 0.20397121 0.23730949 0.19685657 
405.00000000 0.05679750 0.05959306 0.10864170 0.13769969 0.20380679 0.23713934 0.19632191 
406.00000000 0.05674632 0.05983850 0.10882524 0.13821033 0.20363659 0.23698051 0.19576250 
407.00000000 0.05668672 0.06009459 0.10900536 0.13874267 0.20345807 0.23683273 0.19517986 
408.00000000 0.05661859 0.06036168 0.10918287 0.13929715 0.20326945 0.23669392 0.19457633 
409.00000000 0.05654173 0.06064019 0.10935845 0.13987437 0.20307012 0.23656044 0.19395470 
410.00000000 0.05645588 0.06093045 0.10953282 0.14047473 0.20286059 0.23642772 0.19331781 
411.00000000 0.05636085 0.06123267 0.10970688 0.14109839 0.20264178 0.23629109 0.19266833 
412.00000000 0.05625656 0.06154678 0.10988171 0.14174541 0.20241410 0.23614663 0.19200881 
413.00000000 0.05614301 0.06187246 0.11005849 0.14241603 0.20217657 0.23599168 0.19134175 
414.00000000 0.05602032 0.06220918 0.11023836 0.14311067 0.20192672 0.23582512 0.19066963 
415.00000000 0.05588863 0.06255628 0.11042234 0.14382969 0.20166106 0.23564724 0.18999477 
416.00000000 0.05574825 0.06291296 0.11061138 0.14457287 0.20137595 0.23545947 0.18931911 
417.00000000 0.05559970 0.06327825 0.11080647 0.14533907 0.20106841 0.23526403 0.18864407 
418.00000000 0.05544389 0.06365086 0.11100868 0.14612628 0.20073637 0.23506340 0.18797052 
419.00000000 0.05528208 0.06402921 0.11121920 0.14693209 0.20037843 0.23485991 0.18729908 
420.00000000 0.05511579 0.06441147 0.11143917 0.14775444 0.19999348 0.23465523 0.18663042 
421.00000000 0.05494661 0.06479571 0.11166956 0.14859212 0.19958048 0.23444998 0.18596554 
422.00000000 0.05477599 0.06518010 0.11191119 0.14944481 0.19913863 0.23424350 0.18530578 
423.00000000 0.05460516 0.06556299 0.11216478 0.15031257 0.19866785 0.23403405 0.18465261 
424.00000000 0.05443510 0.06594287 0.11243120 0.15119511 0.19816913 0.23381924 0.18400735 
425.00000000 0.05426675 0.06631826 0.11271147 0.15209111 0.19764473 0.23359673 0.18337094 
426.00000000 0.05410100 0.06668762 0.11300675 0.15299809 0.19709789 0.23336470 0.18274395 
427.00000000 0.05393883 0.06704933 0.11331812 0.15391267 0.19653240 0.23312196 0.18212671 
428.00000000 0.05378117 0.06740175 0.11364638 0.15483119 0.19595226 0.23286756 0.18151968 
429.00000000 0.05362895 0.06774335 0.11399206 0.15575014 0.19536162 0.23260017 0.18092371 
430.00000000 0.05348304 0.06807270 0.11435554 0.15666622 0.19476492 0.23231748 0.18034009 
431.00000000 0.05334431 0.06838846 0.11473731 0.15757622 0.19416705 0.23201607 0.17977058 
432.00000000 0.05321373 0.06868922 0.11513807 0.15847668 0.19357330 0.23169183 0.17921718 
433.00000000 0.05309233 0.06897355 0.11555879 0.15936385 0.19298870 0.23134071 0.17868207 
434.00000000 0.05298116 0.06924000 0.11600050 0.16023392 0.19241736 0.23095959 0.17816746 
435.00000000 0.05288120 0.06948735 0.11646407 0.16108334 0.19186167 0.23054679 0.17767557 
436.00000000 0.05279322 0.06971470 0.11695001 0.16190915 0.19132210 0.23010229 0.17720852 
437.00000000 0.05271780 0.06992160 0.11745839 0.16270891 0.19079753 0.22962753 0.17676826 
438.00000000 0.05265541 0.07010785 0.11798885 0.16348027 0.19028606 0.22912507 0.17635649 
439.00000000 0.05260651 0.07027335 0.11854075 0.16422049 0.18978604 0.22859816 0.17597471 
