0.00000000 1.00000000 0.00000000 0.00000000 0.00000000 0.00000000 0.00000000 0.00000000 
1.00000000 0.99971311 0.00027285 0.00000108 0.00000124 0.00000159 0.00000666 0.00000348 
2.00000000 0.99885302 0.00109081 0.00000434 0.00000495 0.00000638 0.00002661 0.00001389 
3.00000000 0.99742151 0.00245207 0.00000988 0.00001115 0.00001439 0.00005979 0.00003120 
4.00000000 0.99542154 0.00435362 0.00001786 0.00001987 0.00002567 0.00010610 0.00005534 
5.00000000 0.99285722 0.00679127 0.00002850 0.00003115 0.00004027 0.00016538 0.00008621 
6.00000000 0.98973379 0.00975970 0.00004209 0.00004503 0.00005827 0.00023743 0.00012368 
7.00000000 0.98605760 0.01325246 0.00005896 0.00006157 0.00007977 0.00032202 0.00016761 
8.00000000 0.98183620 0.01726187 0.00007952 0.00008084 0.00010488 0.00041887 0.00021782 
9.00000000 0.97707847 0.02177894 0.00010421 0.00010291 0.00013372 0.00052764 0.00027410 
10.00000000 0.97179467 0.02679328 0.00013354 0.00012788 0.00016644 0.00064796 0.00033623 
11.00000000 0.96599636 0.03229320 0.00016807 0.00015583 0.00020317 0.00077940 0.00040396 
12.00000000 0.95969627 0.03826584 0.00020839 0.00018688 0.00024409 0.00092152 0.00047701 
13.00000000 0.95290802 0.04469746 0.00025513 0.00022112 0.00028938 0.00107381 0.00055508 
14.00000000 0.94564605 0.05157348 0.00030895 0.00025868 0.00033923 0.00123573 0.00063786 
15.00000000 0.93792573 0.05887842 0.00037055 0.00029969 0.00039384 0.00140674 0.00072504 
16.00000000 0.92976351 0.06659570 0.00044062 0.00034427 0.00045341 0.00158624 0.00081625 
17.00000000 0.92117700 0.07470762 0.00051991 0.00039256 0.00051813 0.00177361 0.00091117 
18.00000000 0.91218481 0.08319552 0.00060916 0.00044470 0.00058820 0.00196819 0.00100942 
19.00000000 0.90280611 0.09204016 0.00070913 0.00050084 0.00066384 0.00216929 0.00111063 
20.00000000 0.89306033 0.10122209 0.00082059 0.00056112 0.00074525 0.00237620 0.00121443 
21.00000000 0.88296706 0.11072173 0.00094427 0.00062570 0.00083267 0.00258815 0.00132042 
22.00000000 0.87254636 0.12051909 0.00108091 0.00069472 0.00092633 0.00280439 0.00142819 
23.00000000 0.86181924 0.13059327 0.00123124 0.00076833 0.00102645 0.00302413 0.00153734 
24.00000000 0.85080791 0.14092222 0.00139595 0.00084666 0.00113323 0.00324657 0.00164746 
25.00000000 0.83953557 0.15148297 0.00157572 0.00092986 0.00124686 0.00347087 0.00175814 
26.00000000 0.82802582 0.16225218 0.00177122 0.00101808 0.00136751 0.00369621 0.00186899 
27.00000000 0.81630193 0.17320687 0.00198303 0.00111145 0.00149538 0.00392173 0.00197961 
28.00000000 0.80438655 0.18432476 0.00221173 0.00121013 0.00163067 0.00414656 0.00208961 
29.00000000 0.79230200 0.19558388 0.00245783 0.00131425 0.00177357 0.00436987 0.00219861 
30.00000000 0.78007119 0.20696182 0.00272178 0.00142392 0.00192426 0.00459079 0.00230624 
31.00000000 0.76771828 0.21843494 0.00300401 0.00153926 0.00208285 0.00480852 0.00241216 
32.00000000 0.75526886 0.22997829 0.00330487 0.00166035 0.00224943 0.00502220 0.00251599 
33.00000000 0.74274922 0.24156630 0.00362469 0.00178725 0.00242410 0.00523103 0.00261741 
34.00000000 0.73018522 0.25317381 0.00396372 0.00192002 0.00260694 0.00543420 0.00271608 
35.00000000 0.71760147 0.26477703 0.00432214 0.00205868 0.00279804 0.00563094 0.00281170 
36.00000000 0.70502115 0.27635359 0.00470007 0.00220322 0.00299752 0.00582050 0.00290395 
37.00000000 0.69246672 0.28788191 0.00509752 0.00235361 0.00320544 0.00600222 0.00299258 
38.00000000 0.67996093 0.29934020 0.00551442 0.00250979 0.00342182 0.00617549 0.00307736 
39.00000000 0.66752729 0.31070600 0.00595062 0.00267166 0.00364662 0.00633971 0.00315810 
40.00000000 0.65518965 0.32195657 0.00640588 0.00283915 0.00387977 0.00649434 0.00323464 
41.00000000 0.64297105 0.33307000 0.00687990 0.00301215 0.00412120 0.00663884 0.00330684 
42.00000000 0.63089279 0.34402616 0.00737232 0.00319057 0.00437087 0.00677269 0.00337460 
43.00000000 0.61897432 0.35480677 0.00788270 0.00337426 0.00462876 0.00689539 0.00343781 
44.00000000 0.60723423 0.36539447 0.00841053 0.00356303 0.00489486 0.00700648 0.00349639 
45.00000000 0.59569172 0.37577143 0.00895520 0.00375665 0.00516912 0.00710558 0.00355029 
46.00000000 0.58436735 0.38591856 0.00951600 0.00395485 0.00545144 0.00719235 0.00359945 
47.00000000 0.57328267 0.39581586 0.01009211 0.00415731 0.00574167 0.00726651 0.00364387 
48.00000000 0.56245868 0.40544391 0.01068265 0.00436368 0.00603967 0.00732786 0.00368355 
49.00000000 0.55191414 0.41478551 0.01128670 0.00457361 0.00634531 0.00737620 0.00371852 
50.00000000 0.54166462 0.42382661 0.01190330 0.00478666 0.00665851 0.00741146 0.00374885 
51.00000000 0.53172303 0.43255577 0.01253148 0.00500236 0.00697917 0.00743358 0.00377462 
52.00000000 0.52210118 0.44096270 0.01317020 0.00522020 0.00730714 0.00744262 0.00379598 
53.00000000 0.51281143 0.44903661 0.01381835 0.00543963 0.00764218 0.00743870 0.00381309 
54.00000000 0.50386736 0.45676555 0.01447479 0.00566013 0.00798399 0.00742199 0.00382617 
55.00000000 0.49528306 0.46413708 0.01513836 0.00588112 0.00833223 0.00739269 0.00383546 
56.00000000 0.48707153 0.47113979 0.01580788 0.00610206 0.00868659 0.00735097 0.00384119 
57.00000000 0.47924333 0.47776460 0.01648221 0.00632236 0.00904678 0.00729708 0.00384364 
58.00000000 0.47180641 0.48400498 0.01716022 0.00654142 0.00941259 0.00723128 0.00384309 
59.00000000 0.46476706 0.48985605 0.01784073 0.00675859 0.00978379 0.00715394 0.00383984 
60.00000000 0.45813131 0.49531318 0.01852248 0.00697322 0.01016008 0.00706553 0.00383420 
61.00000000 0.45190562 0.50037133 0.01920417 0.00718469 0.01054107 0.00696658 0.00382654 
62.00000000 0.44609641 0.50502550 0.01988447 0.00739240 0.01092630 0.00685770 0.00381723 
63.00000000 0.44070856 0.50927211 0.02056206 0.00759583 0.01131527 0.00673952 0.00380665 
64.00000000 0.43574406 0.51311034 0.02123572 0.00779446 0.01170751 0.00661270 0.00379521 
65.00000000 0.43120171 0.51654239 0.02190426 0.00798777 0.01210259 0.00647793 0.00378334 
66.00000000 0.42707838 0.51957236 0.02256656 0.00817522 0.01250009 0.00633595 0.00377145 
67.00000000 0.42337100 0.52220425 0.02322148 0.00835624 0.01289953 0.00618753 0.00375997 
68.00000000 0.42007828 0.52444043 0.02386779 0.00853028 0.01330039 0.00603352 0.00374931 
69.00000000 0.41720104 0.52628121 0.02450422 0.00869682 0.01370210 0.00587477 0.00373985 
70.00000000 0.41474102 0.52772604 0.02512946 0.00885533 0.01410407 0.00571216 0.00373192 
71.00000000 0.41269899 0.52877528 0.02574225 0.00900532 0.01450576 0.00554655 0.00372585 
72.00000000 0.41107318 0.52943161 0.02634141 0.00914631 0.01490672 0.00537884 0.00372193 
73.00000000 0.40985918 0.52970023 0.02692589 0.00927780 0.01530650 0.00520998 0.00372043 
74.00000000 0.40905094 0.52958781 0.02749473 0.00939932 0.01570465 0.00504095 0.00372161 
75.00000000 0.40864229 0.52910105 0.02804710 0.00951046 0.01610061 0.00487276 0.00372572 
76.00000000 0.40862782 0.52824584 0.02858224 0.00961092 0.01649370 0.00470646 0.00373301 
77.00000000 0.40900249 0.52702758 0.02909951 0.00970049 0.01688318 0.00454305 0.00374371 
78.00000000 0.40976048 0.52545230 0.02959840 0.00977907 0.01726826 0.00438348 0.00375802 
79.00000000 0.41089403 0.52352773 0.03007854 0.00984666 0.01764824 0.00422867 0.00377614 
80.00000000 0.41239331 0.52126350 0.03053967 0.00990326 0.01802248 0.00407951 0.00379827 
81.00000000 0.41424733 0.51867029 0.03098158 0.00994893 0.01839039 0.00393691 0.00382458 
82.00000000 0.41644555 0.51575835 0.03140403 0.00998373 0.01875138 0.00380174 0.00385521 
83.00000000 0.41897893 0.51253658 0.03180668 0.01000783 0.01910481 0.00367490 0.00389028 
84.00000000 0.42183988 0.50901250 0.03218908 0.01002145 0.01945001 0.00355721 0.00392986 
85.00000000 0.42502107 0.50519344 0.03255083 0.01002493 0.01978626 0.00344949 0.00397399 
86.00000000 0.42851385 0.50108788 0.03289158 0.01001868 0.02011290 0.00335245 0.00402266 
87.00000000 0.43230732 0.49670631 0.03321117 0.01000320 0.02042931 0.00326679 0.00407589 
88.00000000 0.43638879 0.49206080 0.03350963 0.00997902 0.02073490 0.00319320 0.00413366 
89.00000000 0.44074514 0.48716371 0.03378708 0.00994668 0.02102909 0.00313234 0.00419596 
90.00000000 0.44536432 0.48202635 0.03404371 0.00990680 0.02131124 0.00308485 0.00426274 
91.00000000 0.45023597 0.47665846 0.03427963 0.00986002 0.02158064 0.00305134 0.00433395 
92.00000000 0.45535073 0.47106888 0.03449491 0.00980707 0.02183656 0.00303236 0.00440948 
93.00000000 0.46069867 0.46526708 0.03468957 0.00974874 0.02207835 0.00302838 0.00448922 
94.00000000 0.46626796 0.45926435 0.03486363 0.00968584 0.02230544 0.00303979 0.00457299 
95.00000000 0.47204447 0.45307425 0.03501712 0.00961921 0.02251739 0.00306693 0.00466063 
96.00000000 0.47801261 0.44671173 0.03515012 0.00954971 0.02271382 0.00311007 0.00475193 
97.00000000 0.48415672 0.44019192 0.03526271 0.00947821 0.02289435 0.00316942 0.00484666 
98.00000000 0.49046192 0.43352920 0.03535500 0.00940563 0.02305856 0.00324511 0.00494457 
99.00000000 0.49691399 0.42673732 0.03542717 0.00933295 0.02320598 0.00333721 0.00504539 
100.00000000 0.50349832 0.41983025 0.03547958 0.00926121 0.02333614 0.00344567 0.00514883 
101.00000000 0.51019905 0.41282306 0.03551273 0.00919152 0.02344863 0.00357039 0.00525464 
102.00000000 0.51699893 0.40573185 0.03552735 0.00912499 0.02354315 0.00371120 0.00536253 
103.00000000 0.52388050 0.39857284 0.03552427 0.00906273 0.02361951 0.00386789 0.00547226 
104.00000000 0.53082745 0.39136105 0.03550434 0.00900582 0.02367755 0.00404023 0.00558356 
105.00000000 0.53782554 0.38410960 0.03546830 0.00895532 0.02371712 0.00422795 0.00569618 
106.00000000 0.54486226 0.37683005 0.03541679 0.00891229 0.02373810 0.00443070 0.00580981 
107.00000000 0.55192549 0.36953369 0.03535040 0.00887780 0.02374038 0.00464809 0.00592415 
108.00000000 0.55900207 0.36223286 0.03526970 0.00885293 0.02372396 0.00487960 0.00603888 
109.00000000 0.56607712 0.35494147 0.03517537 0.00883877 0.02368894 0.00512465 0.00615367 
110.00000000 0.57313469 0.34767440 0.03506818 0.00883638 0.02363556 0.00538259 0.00626819 
111.00000000 0.58015919 0.34044614 0.03494896 0.00884676 0.02356409 0.00565272 0.00638213 
112.00000000 0.58713663 0.33326961 0.03481858 0.00887086 0.02347483 0.00593431 0.00649518 
113.00000000 0.59405502 0.32615589 0.03467785 0.00890953 0.02336805 0.00622661 0.00660705 
114.00000000 0.60090366 0.31911488 0.03452758 0.00896357 0.02324403 0.00652882 0.00671747 
115.00000000 0.60767201 0.31215638 0.03436849 0.00903371 0.02310311 0.00684014 0.00682617 
116.00000000 0.61434898 0.30529078 0.03420129 0.00912064 0.02294573 0.00715968 0.00693290 
117.00000000 0.62092296 0.29852899 0.03402660 0.00922501 0.02277248 0.00748653 0.00703744 
118.00000000 0.62738258 0.29188177 0.03384491 0.00934742 0.02258402 0.00781974 0.00713955 
119.00000000 0.63371743 0.28535908 0.03365662 0.00948843 0.02238108 0.00815832 0.00723905 
120.00000000 0.63991806 0.27897002 0.03346198 0.00964857 0.02216439 0.00850124 0.00733574 
121.00000000 0.64597538 0.27272351 0.03326125 0.00982828 0.02193465 0.00884746 0.00742946 
122.00000000 0.65187965 0.26662904 0.03305477 0.01002796 0.02169261 0.00919589 0.00752007 
123.00000000 0.65762002 0.26069708 0.03284302 0.01024793 0.02143906 0.00954544 0.00760745 
124.00000000 0.66318494 0.25493858 0.03262665 0.01048845 0.02117489 0.00989500 0.00769151 
125.00000000 0.66856332 0.24936385 0.03240641 0.01074965 0.02090105 0.01024350 0.00777221 
126.00000000 0.67374579 0.24398148 0.03218311 0.01103161 0.02061857 0.01058992 0.00784953 
127.00000000 0.67872509 0.23879793 0.03195749 0.01133430 0.02032842 0.01093327 0.00792350 
128.00000000 0.68349568 0.23381810 0.03173027 0.01165761 0.02003158 0.01127260 0.00799416 
129.00000000 0.68805249 0.22904647 0.03150214 0.01200133 0.01972901 0.01160697 0.00806159 
130.00000000 0.69238993 0.22448811 0.03127378 0.01236517 0.01942172 0.01193545 0.00812583 
131.00000000 0.69650140 0.22014904 0.03104588 0.01274876 0.01911082 0.01225711 0.00818699 
132.00000000 0.70037974 0.21603584 0.03081907 0.01315167 0.01879750 0.01257103 0.00824515 
133.00000000 0.70401802 0.21215485 0.03059393 0.01357337 0.01848308 0.01287635 0.00830041 
134.00000000 0.70741031 0.20851152 0.03037091 0.01401325 0.01816888 0.01317224 0.00835289 
135.00000000 0.71055172 0.20511033 0.03015044 0.01447062 0.01785621 0.01345798 0.00840271 
136.00000000 0.71343808 0.20195514 0.02993290 0.01494467 0.01754634 0.01373289 0.00844998 
137.00000000 0.71606539 0.19904958 0.02971874 0.01543448 0.01724054 0.01399643 0.00849484 
138.00000000 0.71842982 0.19639713 0.02950840 0.01593904 0.01694007 0.01424810 0.00853744 
139.00000000 0.72052810 0.19400059 0.02930234 0.01645723 0.01664627 0.01448748 0.00857798 
140.00000000 0.72235819 0.19186155 0.02910095 0.01698793 0.01636048 0.01471423 0.00861668 
141.00000000 0.72391967 0.18997998 0.02890452 0.01753000 0.01608400 0.01492803 0.00865380 
142.00000000 0.72521350 0.18835456 0.02871330 0.01808237 0.01581804 0.01512862 0.00868960 
143.00000000 0.72624139 0.18698339 0.02852749 0.01864397 0.01556363 0.01531578 0.00872434 
144.00000000 0.72700494 0.18586472 0.02834736 0.01921374 0.01532169 0.01548933 0.00875821 
145.00000000 0.72750534 0.18499724 0.02817326 0.01979056 0.01509304 0.01564913 0.00879142 
146.00000000 0.72774367 0.18437975 0.02800558 0.02037323 0.01487855 0.01579506 0.00882415 
147.00000000 0.72772163 0.18401037 0.02784477 0.02096052 0.01467911 0.01592702 0.00885658 
148.00000000 0.72744231 0.18388584 0.02769121 0.02155116 0.01449570 0.01604493 0.00888886 
149.00000000 0.72691063 0.18400113 0.02754521 0.02214391 0.01432925 0.01614873 0.00892113 
150.00000000 0.72613316 0.18434969 0.02740702 0.02273759 0.01418063 0.01623838 0.00895352 
151.00000000 0.72511760 0.18492401 0.02727678 0.02333105 0.01405061 0.01631386 0.00898610 
152.00000000 0.72387205 0.18571622 0.02715457 0.02392319 0.01393985 0.01637516 0.00901895 
153.00000000 0.72240453 0.18671864 0.02704045 0.02451291 0.01384899 0.01642231 0.00905218 
154.00000000 0.72072268 0.18792388 0.02693444 0.02509911 0.01377866 0.01645534 0.00908588 
155.00000000 0.71883383 0.18932483 0.02683656 0.02568075 0.01372947 0.01647435 0.00912020 
156.00000000 0.71674513 0.19091455 0.02674679 0.02625685 0.01370194 0.01647949 0.00915525 
157.00000000 0.71446373 0.19268615 0.02666511 0.02682652 0.01369644 0.01647094 0.00919113 
158.00000000 0.71199669 0.19463290 0.02659155 0.02738894 0.01371313 0.01644894 0.00922784 
159.00000000 0.70935094 0.19674836 0.02652614 0.02794335 0.01375204 0.01641380 0.00926537 
160.00000000 0.70653309 0.19902638 0.02646899 0.02848893 0.01381306 0.01636586 0.00930368 
161.00000000 0.70354947 0.20146108 0.02642025 0.02902483 0.01389614 0.01630551 0.00934273 
162.00000000 0.70040641 0.20404646 0.02638006 0.02955014 0.01400125 0.01623316 0.00938253 
163.00000000 0.69711063 0.20677605 0.02634854 0.03006398 0.01412843 0.01614927 0.00942309 
164.00000000 0.69366977 0.20964249 0.02632574 0.03056557 0.01427767 0.01605430 0.00946446 
165.00000000 0.69009249 0.21263745 0.02631157 0.03105424 0.01444885 0.01594874 0.00950666 
166.00000000 0.68638815 0.21575204 0.02630588 0.03152944 0.01464168 0.01583311 0.00954970 
167.00000000 0.68256608 0.21897748 0.02630847 0.03199065 0.01485580 0.01570795 0.00959357 
168.00000000 0.67863483 0.22230579 0.02631915 0.03243729 0.01509081 0.01557384 0.00963828 
169.00000000 0.67460178 0.22573004 0.02633782 0.03286875 0.01534637 0.01543137 0.00968387 
170.00000000 0.67047346 0.22924406 0.02636444 0.03328434 0.01562222 0.01528114 0.00973034 
171.00000000 0.66625624 0.23284174 0.02639905 0.03368342 0.01591812 0.01512375 0.00977768 
172.00000000 0.66195709 0.23651636 0.02644173 0.03406549 0.01623374 0.01495978 0.00982581 
173.00000000 0.65758374 0.24026046 0.02649254 0.03443019 0.01656862 0.01478985 0.00987461 
174.00000000 0.65314440 0.24406611 0.02655153 0.03477729 0.01692212 0.01461462 0.00992394 
175.00000000 0.64864702 0.24792562 0.02661875 0.03510661 0.01729352 0.01443481 0.00997368 
176.00000000 0.64409869 0.25183199 0.02669429 0.03541798 0.01768210 0.01425118 0.01002378 
177.00000000 0.63950567 0.25577900 0.02677822 0.03571119 0.01808717 0.01406452 0.01007423 
178.00000000 0.63487395 0.25976062 0.02687062 0.03598605 0.01850809 0.01387560 0.01012506 
179.00000000 0.63021013 0.26377032 0.02697149 0.03624247 0.01894417 0.01368516 0.01017627 
180.00000000 0.62552188 0.26780061 0.02708073 0.03648047 0.01939459 0.01349391 0.01022781 
181.00000000 0.62081779 0.27184331 0.02719818 0.03670020 0.01985837 0.01330254 0.01027960 
182.00000000 0.61610654 0.27589029 0.02732361 0.03690182 0.02033447 0.01311172 0.01033155 
183.00000000 0.61139601 0.27993420 0.02745678 0.03708553 0.02082179 0.01292211 0.01038358 
184.00000000 0.60669298 0.28396881 0.02759750 0.03725147 0.02131931 0.01273430 0.01043563 
185.00000000 0.60200343 0.28798855 0.02774562 0.03739982 0.02182607 0.01254886 0.01048765 
186.00000000 0.59733346 0.29198763 0.02790100 0.03753089 0.02234111 0.01236635 0.01053957 
187.00000000 0.59269009 0.29595920 0.02806352 0.03764515 0.02286339 0.01218733 0.01059131 
188.00000000 0.58808149 0.29989524 0.02823303 0.03774330 0.02339174 0.01201243 0.01064278 
189.00000000 0.58351633 0.30378710 0.02840935 0.03782615 0.02392486 0.01184229 0.01069391 
190.00000000 0.57900291 0.30762650 0.02859232 0.03789454 0.02446142 0.01167758 0.01074472 
191.00000000 0.57454839 0.31140627 0.02878178 0.03794920 0.02500019 0.01151894 0.01079524 
192.00000000 0.57015883 0.31512034 0.02897760 0.03799069 0.02554007 0.01136689 0.01084558 
193.00000000 0.56584001 0.31876301 0.02917968 0.03801949 0.02608008 0.01122190 0.01089581 
194.00000000 0.56159836 0.32232799 0.02938790 0.03803607 0.02661934 0.01108433 0.01094601 
195.00000000 0.55744143 0.32580793 0.02960210 0.03804095 0.02715690 0.01095450 0.01099618 
196.00000000 0.55337747 0.32919487 0.02982207 0.03803473 0.02769180 0.01083274 0.01104632 
197.00000000 0.54941426 0.33248134 0.03004753 0.03801806 0.02822302 0.01071935 0.01109644 
198.00000000 0.54555799 0.33566146 0.03027819 0.03799154 0.02874961 0.01061463 0.01114657 
199.00000000 0.54181289 0.33873129 0.03051373 0.03795575 0.02927072 0.01051884 0.01119678 
200.00000000 0.53818173 0.34168831 0.03075383 0.03791120 0.02978560 0.01043219 0.01124713 
201.00000000 0.53466709 0.34453010 0.03099816 0.03785849 0.03029361 0.01035487 0.01129768 
202.00000000 0.53127237 0.34725339 0.03124634 0.03779830 0.03079410 0.01028705 0.01134845 
203.00000000 0.52800213 0.34985374 0.03149794 0.03773145 0.03128638 0.01022892 0.01139943 
204.00000000 0.52486145 0.35232626 0.03175246 0.03765882 0.03176976 0.01018064 0.01145061 
205.00000000 0.52185478 0.35466676 0.03200935 0.03758122 0.03224357 0.01014234 0.01150199 
206.00000000 0.51898517 0.35687254 0.03226804 0.03749936 0.03270727 0.01011403 0.01155359 
207.00000000 0.51625416 0.35894251 0.03252801 0.03741377 0.03316041 0.01009568 0.01160546 
208.00000000 0.51366241 0.36087651 0.03278875 0.03732494 0.03360265 0.01008713 0.01165760 
209.00000000 0.51121059 0.36267430 0.03304979 0.03723342 0.03403366 0.01008824 0.01171000 
210.00000000 0.50889978 0.36433519 0.03331066 0.03713985 0.03445306 0.01009883 0.01176262 
211.00000000 0.50673121 0.36585829 0.03357098 0.03704498 0.03486037 0.01011877 0.01181540 
212.00000000 0.50470538 0.36724330 0.03383042 0.03694960 0.03525514 0.01014788 0.01186828 
213.00000000 0.50282141 0.36849123 0.03408878 0.03685441 0.03563695 0.01018597 0.01192125 
214.00000000 0.50107707 0.36960438 0.03434598 0.03675998 0.03600553 0.01023274 0.01197433 
215.00000000 0.49946952 0.37058562 0.03460203 0.03666682 0.03636071 0.01028780 0.01202751 
216.00000000 0.49799641 0.37143731 0.03485694 0.03657543 0.03670244 0.01035069 0.01208079 
217.00000000 0.49665667 0.37216056 0.03511067 0.03648640 0.03703066 0.01042093 0.01213412 
218.00000000 0.49545051 0.37275530 0.03536309 0.03640037 0.03734528 0.01049804 0.01218741 
219.00000000 0.49437864 0.37322097 0.03561402 0.03631802 0.03764619 0.01058157 0.01224058 
220.00000000 0.49344130 0.37355751 0.03586329 0.03623994 0.03793331 0.01067110 0.01229356 
221.00000000 0.49263757 0.37376596 0.03611077 0.03616658 0.03820663 0.01076617 0.01234633 
222.00000000 0.49196550 0.37384832 0.03635643 0.03609824 0.03846623 0.01086634 0.01239894 
223.00000000 0.49142282 0.37380681 0.03660026 0.03603521 0.03871227 0.01097117 0.01245146 
224.00000000 0.49100794 0.37364292 0.03684224 0.03597775 0.03894491 0.01108023 0.01250401 
225.00000000 0.49072038 0.37335695 0.03708237 0.03592621 0.03916431 0.01119310 0.01255668 
226.00000000 0.49056067 0.37294818 0.03732061 0.03588094 0.03937061 0.01130938 0.01260961 
227.00000000 0.49052956 0.37241556 0.03755700 0.03584224 0.03956405 0.01142863 0.01266295 
228.00000000 0.49062731 0.37175855 0.03779167 0.03581026 0.03974496 0.01155036 0.01271689 
229.00000000 0.49085344 0.37097736 0.03802476 0.03578502 0.03991379 0.01167400 0.01277163 
230.00000000 0.49120694 0.37007281 0.03825634 0.03576647 0.04007106 0.01179897 0.01282740 
231.00000000 0.49168683 0.36904583 0.03848634 0.03575461 0.04021727 0.01192473 0.01288438 
232.00000000 0.49229246 0.36789719 0.03871447 0.03574958 0.04035281 0.01205077 0.01294271 
233.00000000 0.49302321 0.36662769 0.03894033 0.03575165 0.04047798 0.01217664 0.01300249 
234.00000000 0.49387780 0.36523874 0.03916352 0.03576116 0.04059304 0.01230195 0.01306380 
235.00000000 0.49485362 0.36373293 0.03938379 0.03577838 0.04069826 0.01242631 0.01312671 
236.00000000 0.49594661 0.36211410 0.03960109 0.03580347 0.04079400 0.01254936 0.01319137 
237.00000000 0.49715195 0.36038671 0.03981548 0.03583646 0.04088072 0.01267073 0.01325794 
238.00000000 0.49846507 0.35855494 0.04002703 0.03587732 0.04095887 0.01279011 0.01332665 
239.00000000 0.49988251 0.35662196 0.04023570 0.03592598 0.04102889 0.01290724 0.01339771 
240.00000000 0.50140197 0.35458988 0.04044132 0.03598245 0.04109114 0.01302194 0.01347131 
241.00000000 0.50302162 0.35246043 0.04064364 0.03604672 0.04114590 0.01313407 0.01354761 
242.00000000 0.50473900 0.35023600 0.04084248 0.03611878 0.04119347 0.01324353 0.01362674 
243.00000000 0.50655015 0.34792040 0.04103777 0.03619853 0.04123413 0.01335019 0.01370883 
244.00000000 0.50844949 0.34551902 0.04122951 0.03628580 0.04126824 0.01345393 0.01379400 
245.00000000 0.51043027 0.34303839 0.04141774 0.03638044 0.04129612 0.01355463 0.01388242 
246.00000000 0.51248526 0.34048549 0.04160242 0.03648234 0.04131807 0.01365220 0.01397422 
247.00000000 0.51460728 0.33786726 0.04178347 0.03659152 0.04133434 0.01374657 0.01406956 
248.00000000 0.51678915 0.33519053 0.04196087 0.03670805 0.04134514 0.01383767 0.01416859 
249.00000000 0.51902343 0.33246226 0.04213470 0.03683200 0.04135073 0.01392544 0.01427143 
250.00000000 0.52130229 0.32968967 0.04230526 0.03696338 0.04135143 0.01400977 0.01437821 
251.00000000 0.52361769 0.32688006 0.04247295 0.03710206 0.04134764 0.01409056 0.01448906 
252.00000000 0.52596207 0.32404030 0.04263817 0.03724781 0.04133980 0.01416777 0.01460409 
253.00000000 0.52832898 0.32117633 0.04280115 0.03740035 0.04132830 0.01424148 0.01472341 
254.00000000 0.53071321 0.31829301 0.04296192 0.03755946 0.04131343 0.01431190 0.01484707 
255.00000000 0.53311034 0.31539461 0.04312031 0.03772494 0.04129537 0.01437935 0.01497508 
256.00000000 0.53551582 0.31248559 0.04327614 0.03789666 0.04127419 0.01444422 0.01510738 
257.00000000 0.53792408 0.30957142 0.04342928 0.03807447 0.04124999 0.01450693 0.01524383 
258.00000000 0.54032825 0.30665880 0.04357978 0.03825814 0.04122286 0.01456786 0.01538431 
259.00000000 0.54272063 0.30375517 0.04372779 0.03844741 0.04119297 0.01462739 0.01552865 
260.00000000 0.54509357 0.30086786 0.04387349 0.03864198 0.04116048 0.01468590 0.01567672 
261.00000000 0.54744029 0.29800342 0.04401700 0.03884162 0.04112550 0.01474380 0.01582838 
262.00000000 0.54975504 0.29516740 0.04415835 0.03904616 0.04108803 0.01480153 0.01598350 
263.00000000 0.55203274 0.29236479 0.04429754 0.03925553 0.04104799 0.01485952 0.01614189 
264.00000000 0.55426833 0.28960064 0.04443459 0.03946974 0.04100524 0.01491816 0.01630330 
265.00000000 0.55645631 0.28688043 0.04456962 0.03968882 0.04095962 0.01497777 0.01646743 
266.00000000 0.55859087 0.28420998 0.04470282 0.03991286 0.04091100 0.01503858 0.01663388 
267.00000000 0.56066640 0.28159493 0.04483441 0.04014198 0.04085924 0.01510077 0.01680227 
268.00000000 0.56267800 0.27904017 0.04496455 0.04037637 0.04080417 0.01516453 0.01697220 
269.00000000 0.56462169 0.27654965 0.04509338 0.04061627 0.04074562 0.01523006 0.01714333 
270.00000000 0.56649415 0.27412654 0.04522102 0.04086191 0.04068344 0.01529758 0.01731535 
271.00000000 0.56829229 0.27177372 0.04534769 0.04111344 0.04061756 0.01536733 0.01748798 
272.00000000 0.57001291 0.26949402 0.04547376 0.04137089 0.04054803 0.01543946 0.01766094 
273.00000000 0.57165299 0.26729005 0.04559977 0.04163409 0.04047503 0.01551412 0.01783394 
274.00000000 0.57321022 0.26516372 0.04572635 0.04190272 0.04039885 0.01559143 0.01800672 
275.00000000 0.57468355 0.26311567 0.04585415 0.04217628 0.04031978 0.01567155 0.01817904 
276.00000000 0.57607330 0.26114526 0.04598375 0.04245419 0.04023807 0.01575473 0.01835068 
277.00000000 0.57738068 0.25925104 0.04611573 0.04273586 0.04015395 0.01584127 0.01852146 
278.00000000 0.57860690 0.25743156 0.04625065 0.04302068 0.04006759 0.01593147 0.01869115 
279.00000000 0.57975243 0.25568604 0.04638917 0.04330813 0.03997919 0.01602555 0.01885948 
280.00000000 0.58081676 0.25401468 0.04653210 0.04359777 0.03988897 0.01612363 0.01902610 
281.00000000 0.58179871 0.25241824 0.04668031 0.04388927 0.03979716 0.01622572 0.01919060 
282.00000000 0.58269706 0.25089747 0.04683472 0.04418237 0.03970397 0.01633180 0.01935260 
283.00000000 0.58351108 0.24945264 0.04699614 0.04447692 0.03960955 0.01644189 0.01951178 
284.00000000 0.58424058 0.24808346 0.04716524 0.04477277 0.03951402 0.01655605 0.01966789 
285.00000000 0.58488558 0.24678948 0.04734256 0.04506978 0.03941751 0.01667435 0.01982075 
286.00000000 0.58544587 0.24557061 0.04752855 0.04536779 0.03932020 0.01679679 0.01997019 
287.00000000 0.58592073 0.24442739 0.04772361 0.04566663 0.03922239 0.01692325 0.02011601 
288.00000000 0.58630901 0.24336095 0.04792810 0.04596605 0.03912445 0.01705349 0.02025794 
289.00000000 0.58660958 0.24237254 0.04814235 0.04626578 0.03902683 0.01718721 0.02039570 
290.00000000 0.58682154 0.24146320 0.04836661 0.04656553 0.03893000 0.01732413 0.02052900 
291.00000000 0.58694434 0.24063360 0.04860102 0.04686495 0.03883449 0.01746401 0.02065759 
292.00000000 0.58697744 0.23988435 0.04884569 0.04716369 0.03874088 0.01760666 0.02078128 
293.00000000 0.58691996 0.23921631 0.04910077 0.04746136 0.03864984 0.01775186 0.02089990 
294.00000000 0.58677053 0.23863080 0.04936644 0.04775753 0.03856212 0.01789931 0.02101328 
295.00000000 0.58652748 0.23812944 0.04964299 0.04805169 0.03847851 0.01804870 0.02112120 
296.00000000 0.58618937 0.23771374 0.04993071 0.04834325 0.03839979 0.01819969 0.02122345 
297.00000000 0.58575543 0.23738465 0.05022981 0.04863153 0.03832667 0.01835206 0.02131985 
298.00000000 0.58522572 0.23714239 0.05054039 0.04891573 0.03825982 0.01850564 0.02141031 
299.00000000 0.58460083 0.23698678 0.05086236 0.04919503 0.03819988 0.01866033 0.02149480 
300.00000000 0.58388141 0.23691759 0.05119556 0.04946859 0.03814750 0.01881597 0.02157338 
301.00000000 0.58306782 0.23693498 0.05153982 0.04973563 0.03810338 0.01897228 0.02164609 
302.00000000 0.58215997 0.23703951 0.05189504 0.04999544 0.03806824 0.01912884 0.02171296 
303.00000000 0.58115764 0.23723185 0.05226115 0.05024742 0.03804282 0.01928513 0.02177399 
304.00000000 0.58006084 0.23751241 0.05263808 0.05049106 0.03802779 0.01944066 0.02182916 
305.00000000 0.57887007 0.23788099 0.05302571 0.05072593 0.03802378 0.01959499 0.02187853 
306.00000000 0.57758639 0.23833676 0.05342382 0.05095163 0.03803139 0.01974779 0.02192223 
307.00000000 0.57621131 0.23887834 0.05383212 0.05116778 0.03805118 0.01989876 0.02196049 
308.00000000 0.57474675 0.23950401 0.05425032 0.05137400 0.03808372 0.02004761 0.02199359 
309.00000000 0.57319500 0.24021172 0.05467813 0.05156988 0.03812950 0.02019398 0.02202180 
310.00000000 0.57155888 0.24099902 0.05511527 0.05175500 0.03818890 0.02033755 0.02204538 
311.00000000 0.56984193 0.24186295 0.05556142 0.05192894 0.03826212 0.02047805 0.02206458 
312.00000000 0.56804840 0.24279996 0.05601617 0.05209128 0.03834922 0.02061530 0.02207967 
313.00000000 0.56618311 0.24380601 0.05647893 0.05224161 0.03845015 0.02074921 0.02209098 
314.00000000 0.56425129 0.24487673 0.05694899 0.05237960 0.03856481 0.02087970 0.02209888 
315.00000000 0.56225821 0.24600766 0.05742560 0.05250501 0.03869312 0.02100660 0.02210381 
316.00000000 0.56020906 0.24719438 0.05790802 0.05261765 0.03883504 0.02112964 0.02210620 
317.00000000 0.55810879 0.24843269 0.05839560 0.05271744 0.03899053 0.02124849 0.02210646 
318.00000000 0.55596205 0.24971860 0.05888775 0.05280431 0.03915951 0.02136282 0.02210497 
319.00000000 0.55377318 0.25104837 0.05938389 0.05287822 0.03934186 0.02147241 0.02210206 
320.00000000 0.55154621 0.25241856 0.05988343 0.05293916 0.03953743 0.02157714 0.02209807 
321.00000000 0.54928474 0.25382606 0.06038574 0.05298709 0.03974607 0.02167698 0.02209332 
322.00000000 0.54699190 0.25526817 0.06089024 0.05302202 0.03996768 0.02177188 0.02208810 
323.00000000 0.54467040 0.25674263 0.06139639 0.05304397 0.04020218 0.02186174 0.02208269 
324.00000000 0.54232255 0.25824751 0.06190379 0.05305303 0.04044943 0.02194637 0.02207732 
325.00000000 0.53995060 0.25978103 0.06241204 0.05304936 0.04070917 0.02202559 0.02207220 
326.00000000 0.53755700 0.26134118 0.06292079 0.05303324 0.04098099 0.02209926 0.02206755 
327.00000000 0.53514482 0.26292538 0.06342958 0.05300500 0.04126431 0.02216732 0.02206358 
328.00000000 0.53271798 0.26453014 0.06393790 0.05296509 0.04155851 0.02222980 0.02206058 
329.00000000 0.53028132 0.26615101 0.06444522 0.05291394 0.04186296 0.02228670 0.02205886 
330.00000000 0.52784041 0.26778265 0.06495106 0.05285203 0.04217713 0.02233796 0.02205875 
331.00000000 0.52540117 0.26941931 0.06545507 0.05277982 0.04250057 0.02238346 0.02206061 
332.00000000 0.52296942 0.27105518 0.06595703 0.05269774 0.04283283 0.02242300 0.02206480 
333.00000000 0.52055067 0.27268476 0.06645681 0.05260619 0.04317347 0.02245646 0.02207165 
334.00000000 0.51814995 0.27430293 0.06695433 0.05250555 0.04352198 0.02248380 0.02208147 
335.00000000 0.51577202 0.27590486 0.06744946 0.05239617 0.04387788 0.02250508 0.02209453 
336.00000000 0.51342139 0.27748598 0.06794203 0.05227841 0.04424074 0.02252039 0.02211107 
337.00000000 0.51110240 0.27904189 0.06843175 0.05215266 0.04461021 0.02252980 0.02213129 
338.00000000 0.50881911 0.28056857 0.06891828 0.05201937 0.04498597 0.02253331 0.02215540 
339.00000000 0.50657510 0.28206249 0.06940119 0.05187909 0.04536768 0.02253086 0.02218358 
340.00000000 0.50437350 0.28352065 0.06988000 0.05173250 0.04575489 0.02252245 0.02221600 
341.00000000 0.50221703 0.28494045 0.07035420 0.05158036 0.04614701 0.02250815 0.02225281 
342.00000000 0.50010828 0.28631937 0.07082324 0.05142346 0.04654334 0.02248818 0.02229414 
343.00000000 0.49804993 0.28765474 0.07128662 0.05126262 0.04694317 0.02246282 0.02234009 
344.00000000 0.49604478 0.28894374 0.07174382 0.05109863 0.04734590 0.02243237 0.02239076 
345.00000000 0.49409554 0.29018362 0.07219436 0.05093224 0.04775101 0.02239703 0.02244621 
346.00000000 0.49220442 0.29137209 0.07263780 0.05076417 0.04815808 0.02235692 0.02250653 
347.00000000 0.49037289 0.29250766 0.07307376 0.05059511 0.04856672 0.02231208 0.02257178 
348.00000000 0.48860166 0.29358960 0.07350189 0.05042573 0.04897647 0.02226258 0.02264207 
349.00000000 0.48689100 0.29461760 0.07392186 0.05025666 0.04938681 0.02220857 0.02271750 
350.00000000 0.48524135 0.29559121 0.07433328 0.05008853 0.04979715 0.02215026 0.02279821 
351.00000000 0.48365375 0.29650948 0.07473566 0.04992200 0.05020684 0.02208795 0.02288432 
352.00000000 0.48212990 0.29737089 0.07512834 0.04975777 0.05061526 0.02202185 0.02297599 
353.00000000 0.48067194 0.29817372 0.07551053 0.04959661 0.05102172 0.02195215 0.02307333 
354.00000000 0.47928189 0.29891644 0.07588140 0.04943938 0.05142544 0.02187897 0.02317647 
355.00000000 0.47796133 0.29959795 0.07624023 0.04928701 0.05182554 0.02180243 0.02328552 
356.00000000 0.47671136 0.30021749 0.07658641 0.04914044 0.05222102 0.02172272 0.02340056 
357.00000000 0.47553289 0.30077434 0.07691954 0.04900056 0.05261091 0.02164016 0.02352161 
358.00000000 0.47442692 0.30126751 0.07723928 0.04886819 0.05299430 0.02155513 0.02364868 
359.00000000 0.47339470 0.30169573 0.07754531 0.04874404 0.05337049 0.02146799 0.02378174 
360.00000000 0.47243744 0.30205777 0.07783728 0.04862876 0.05373894 0.02137908 0.02392074 
361.00000000 0.47155596 0.30235283 0.07811485 0.04852288 0.05409925 0.02128861 0.02406562 
362.00000000 0.47075043 0.30258079 0.07837769 0.04842688 0.05445104 0.02119681 0.02421635 
363.00000000 0.47002044 0.30274202 0.07862561 0.04834121 0.05479389 0.02110390 0.02437292 
364.00000000 0.46936551 0.30283692 0.07885847 0.04826628 0.05512724 0.02101027 0.02453531 
365.00000000 0.46878570 0.30286533 0.07907611 0.04820249 0.05545047 0.02091643 0.02470347 
366.00000000 0.46828189 0.30282639 0.07927829 0.04815027 0.05576286 0.02082297 0.02487733 
367.00000000 0.46785560 0.30271872 0.07946468 0.04811004 0.05606371 0.02073050 0.02505676 
368.00000000 0.46750842 0.30254106 0.07963487 0.04808221 0.05635231 0.02063953 0.02524159 
369.00000000 0.46724136 0.30229277 0.07978855 0.04806722 0.05662796 0.02055050 0.02543163 
370.00000000 0.46705451 0.30197404 0.07992560 0.04806544 0.05688997 0.02046377 0.02562667 
371.00000000 0.46694715 0.30158564 0.08004613 0.04807722 0.05713768 0.02037971 0.02582647 
372.00000000 0.46691815 0.30112857 0.08015041 0.04810288 0.05737050 0.02029870 0.02603079 
373.00000000 0.46696640 0.30060373 0.08023872 0.04814273 0.05758793 0.02022117 0.02623932 
374.00000000 0.46709083 0.30001203 0.08031123 0.04819708 0.05778960 0.02014752 0.02645171 
375.00000000 0.46729019 0.29935467 0.08036798 0.04826629 0.05797521 0.02007809 0.02666757 
376.00000000 0.46756272 0.29863350 0.08040896 0.04835066 0.05814454 0.02001312 0.02688650 
377.00000000 0.46790607 0.29785099 0.08043418 0.04845051 0.05829735 0.01995282 0.02710808 
378.00000000 0.46831764 0.29700983 0.08044381 0.04856604 0.05843333 0.01989747 0.02733188 
379.00000000 0.46879507 0.29611238 0.08043814 0.04869737 0.05855212 0.01984743 0.02755750 
380.00000000 0.46933665 0.29516028 0.08041753 0.04884449 0.05865337 0.01980317 0.02778452 
381.00000000 0.46994129 0.29415450 0.08038236 0.04900724 0.05873684 0.01976523 0.02801254 
382.00000000 0.47060819 0.29309573 0.08033299 0.04918534 0.05880247 0.01973411 0.02824118 
383.00000000 0.47133617 0.29198498 0.08026980 0.04937839 0.05885040 0.01971018 0.02847008 
384.00000000 0.47212339 0.29082383 0.08019331 0.04958591 0.05888095 0.01969365 0.02869897 
385.00000000 0.47296728 0.28961435 0.08010420 0.04980740 0.05889451 0.01968466 0.02892760 
386.00000000 0.47386491 0.28835880 0.08000329 0.05004238 0.05889147 0.01968335 0.02915580 
387.00000000 0.47481347 0.28705921 0.07989145 0.05029045 0.05887216 0.01968987 0.02938339 
388.00000000 0.47581046 0.28571729 0.07976941 0.05055132 0.05883685 0.01970445 0.02961022 
389.00000000 0.47685363 0.28433468 0.07963769 0.05082478 0.05878583 0.01972727 0.02983612 
390.00000000 0.47794059 0.28291337 0.07949665 0.05111062 0.05871940 0.01975847 0.03006089 
391.00000000 0.47906855 0.28145599 0.07934652 0.05140862 0.05863792 0.01979809 0.03028431 
392.00000000 0.48023421 0.27996582 0.07918759 0.05171840 0.05854172 0.01984614 0.03050613 
393.00000000 0.48143396 0.27844648 0.07902022 0.05203944 0.05843114 0.01990268 0.03072608 
394.00000000 0.48266426 0.27690163 0.07884484 0.05237108 0.05830650 0.01996782 0.03094388 
395.00000000 0.48392174 0.27533480 0.07866181 0.05271257 0.05816819 0.02004169 0.03115920 
396.00000000 0.48520310 0.27374958 0.07847132 0.05306317 0.05801671 0.02012442 0.03137171 
397.00000000 0.48650481 0.27214992 0.07827335 0.05342214 0.05785272 0.02021602 0.03158103 
398.00000000 0.48782292 0.27054025 0.07806781 0.05378883 0.05767702 0.02031637 0.03178680 
399.00000000 0.48915311 0.26892524 0.07785467 0.05416263 0.05749040 0.02042530 0.03198867 
400.00000000 0.49049115 0.26730936 0.07763401 0.05454293 0.05729360 0.02054263 0.03218633 
401.00000000 0.49183337 0.26569637 0.07740609 0.05492914 0.05708722 0.02066827 0.03237954 
402.00000000 0.49317699 0.26408912 0.07717114 0.05532064 0.05687175 0.02080223 0.03256814 
403.00000000 0.49451993 0.26248975 0.07692936 0.05571680 0.05664763 0.02094451 0.03275203 
404.00000000 0.49586045 0.26090019 0.07668085 0.05611694 0.05641539 0.02109504 0.03293115 
405.00000000 0.49719659 0.25932259 0.07642576 0.05652032 0.05617567 0.02125362 0.03310546 
406.00000000 0.49852594 0.25775954 0.07616433 0.05692609 0.05592926 0.02141991 0.03327493 
407.00000000 0.49984572 0.25621387 0.07589707 0.05733330 0.05567701 0.02159351 0.03343953 
408.00000000 0.50115303 0.25468839 0.07562459 0.05774097 0.05541979 0.02177402 0.03359920 
409.00000000 0.50244526 0.25318562 0.07534755 0.05814822 0.05515843 0.02196106 0.03375387 
410.00000000 0.50372014 0.25170774 0.07506640 0.05855433 0.05489369 0.02215427 0.03390342 
411.00000000 0.50497567 0.25025677 0.07478137 0.05895885 0.05462636 0.02235324 0.03404775 
412.00000000 0.50620988 0.24883467 0.07449254 0.05936153 0.05435721 0.02255748 0.03418670 
413.00000000 0.50742076 0.24744338 0.07419998 0.05976225 0.05408705 0.02276649 0.03432010 
414.00000000 0.50860637 0.24608457 0.07390393 0.06016090 0.05381663 0.02297977 0.03444783 
415.00000000 0.50976514 0.24475940 0.07360488 0.06055727 0.05354658 0.02319695 0.03456977 
416.00000000 0.51089603 0.24346840 0.07330347 0.06095101 0.05327740 0.02341779 0.03468590 
417.00000000 0.51199845 0.24221166 0.07300043 0.06134171 0.05300944 0.02364209 0.03479622 
418.00000000 0.51307188 0.24098928 0.07269647 0.06172891 0.05274302 0.02386965 0.03490078 
419.00000000 0.51411542 0.23980175 0.07239239 0.06211221 0.05247847 0.02410011 0.03499964 
420.00000000 0.51512754 0.23865018 0.07208905 0.06249119 0.05221623 0.02433294 0.03509288 
421.00000000 0.51610608 0.23753613 0.07178748 0.06286541 0.05195686 0.02456747 0.03518058 
422.00000000 0.51704872 0.23646129 0.07148881 0.06323437 0.05170096 0.02480299 0.03526286 
423.00000000 0.51795337 0.23542711 0.07119408 0.06359756 0.05144916 0.02503879 0.03533992 
424.00000000 0.51881860 0.23443460 0.07090408 0.06395447 0.05120209 0.02527418 0.03541199 
425.00000000 0.51964364 0.23348425 0.07061927 0.06430465 0.05096038 0.02550844 0.03547938 
426.00000000 0.52042834 0.23257617 0.07033978 0.06464774 0.05072469 0.02574082 0.03554246 
427.00000000 0.52117289 0.23171013 0.07006566 0.06498340 0.05049581 0.02597053 0.03560158 
428.00000000 0.52187771 0.23088559 0.06979698 0.06531124 0.05027463 0.02619674 0.03565710 
429.00000000 0.52254333 0.23010171 0.06953406 0.06563074 0.05006208 0.02641871 0.03570937 
430.00000000 0.52317028 0.22935749 0.06927736 0.06594129 0.04985907 0.02663581 0.03575868 
431.00000000 0.52375904 0.22865195 0.06902744 0.06624231 0.04966639 0.02684755 0.03580532 
432.00000000 0.52430974 0.22798437 0.06878484 0.06653334 0.04948468 0.02705350 0.03584952 
433.00000000 0.52482202 0.22735451 0.06855008 0.06681418 0.04931447 0.02725325 0.03589149 
434.00000000 0.52529489 0.22676264 0.06832370 0.06708486 0.04915619 0.02744634 0.03593138 
435.00000000 0.52572688 0.22620935 0.06810631 0.06734561 0.04901026 0.02763223 0.03596935 
436.00000000 0.52611617 0.22569542 0.06789870 0.06759671 0.04887714 0.02781034 0.03600552 
437.00000000 0.52646093 0.22522157 0.06770173 0.06783836 0.04875726 0.02798007 0.03604007 
438.00000000 0.52675952 0.22478838 0.06751624 0.06807068 0.04865103 0.02814089 0.03607325 
439.00000000 0.52701057 0.22439623 0.06734301 0.06829372 0.04855876 0.02829234 0.03610537 
