0.00000000 0.00009100 0.00824756 0.00398765 0.00044719 0.21730518 0.00593771 0.76398371 
1.00000000 0.00009099 0.00824681 0.00398750 0.00044699 0.21729391 0.00593806 0.76399574 
2.00000000 0.00009096 0.00824455 0.00398705 0.00044645 0.21725980 0.00593907 0.76403212 
3.00000000 0.00009095 0.00824192 0.00398662 0.00044578 0.21721452 0.00594074 0.76407948 
4.00000000 0.00009097 0.00823919 0.00398640 0.00044529 0.21716184 0.00594310 0.76413321 
5.00000000 0.00009104 0.00823722 0.00398667 0.00044526 0.21711061 0.00594624 0.76418295 
6.00000000 0.00009119 0.00823624 0.00398756 0.00044602 0.21706388 0.00595017 0.76422495 
7.00000000 0.00009144 0.00823675 0.00398925 0.00044776 0.21702689 0.00595500 0.76425291 
8.00000000 0.00009187 0.00823939 0.00399197 0.00045076 0.21700620 0.00596087 0.76425894 
9.00000000 0.00009256 0.00824507 0.00399603 0.00045535 0.21701128 0.00596802 0.76423170 
10.00000000 0.00009358 0.00825500 0.00400172 0.00046208 0.21705476 0.00597665 0.76415620 
11.00000000 0.00009500 0.00827055 0.00400925 0.00047158 0.21715055 0.00598678 0.76401629 
12.00000000 0.00009681 0.00829310 0.00401868 0.00048443 0.21731276 0.00599820 0.76379601 
13.00000000 0.00009905 0.00832371 0.00403000 0.00050108 0.21755334 0.00601060 0.76348223 
14.00000000 0.00010175 0.00836293 0.00404321 0.00052183 0.21787998 0.00602376 0.76306654 
15.00000000 0.00010501 0.00841063 0.00405845 0.00054705 0.21829334 0.00603777 0.76254775 
16.00000000 0.00010896 0.00846597 0.00407584 0.00057742 0.21878484 0.00605310 0.76193387 
17.00000000 0.00011372 0.00852757 0.00409542 0.00061400 0.21933626 0.00607050 0.76124253 
18.00000000 0.00011931 0.00859390 0.00411699 0.00065803 0.21992265 0.00609067 0.76049846 
19.00000000 0.00012573 0.00866369 0.00414012 0.00071047 0.22051835 0.00611404 0.75972759 
20.00000000 0.00013294 0.00873648 0.00416433 0.00077176 0.22110477 0.00614069 0.75894903 
21.00000000 0.00014092 0.00881276 0.00418937 0.00084185 0.22167707 0.00617037 0.75816766 
22.00000000 0.00014973 0.00889394 0.00421542 0.00092054 0.22224713 0.00620281 0.75737044 
23.00000000 0.00015941 0.00898199 0.00424314 0.00100804 0.22284139 0.00623777 0.75652825 
24.00000000 0.00017004 0.00907883 0.00427355 0.00110544 0.22349437 0.00627512 0.75560267 
25.00000000 0.00018161 0.00918572 0.00430766 0.00121467 0.22424022 0.00631466 0.75455545 
26.00000000 0.00019412 0.00930284 0.00434617 0.00133802 0.22510474 0.00635614 0.75335797 
27.00000000 0.00020756 0.00942920 0.00438923 0.00147739 0.22610008 0.00639924 0.75199731 
28.00000000 0.00022197 0.00956308 0.00443648 0.00163396 0.22722357 0.00644376 0.75047719 
29.00000000 0.00023747 0.00970264 0.00448728 0.00180826 0.22846040 0.00648971 0.74881425 
30.00000000 0.00025418 0.00984653 0.00454109 0.00200076 0.22978842 0.00653746 0.74703158 
31.00000000 0.00027219 0.00999424 0.00459767 0.00221260 0.23118411 0.00658757 0.74515161 
32.00000000 0.00029158 0.01014612 0.00465705 0.00244598 0.23262888 0.00664057 0.74318982 
33.00000000 0.00031246 0.01030318 0.00471935 0.00270352 0.23411458 0.00669663 0.74115029 
34.00000000 0.00033503 0.01046676 0.00478451 0.00298757 0.23564659 0.00675542 0.73902413 
35.00000000 0.00035950 0.01063813 0.00485233 0.00329968 0.23724362 0.00681620 0.73679053 
36.00000000 0.00038600 0.01081821 0.00492265 0.00364052 0.23893373 0.00687809 0.73442080 
37.00000000 0.00041457 0.01100782 0.00499549 0.00401000 0.24074634 0.00694042 0.73188536 
38.00000000 0.00044525 0.01120819 0.00507117 0.00440793 0.24270214 0.00700301 0.72916232 
39.00000000 0.00047815 0.01142097 0.00514999 0.00483490 0.24480404 0.00706632 0.72624563 
40.00000000 0.00051339 0.01164778 0.00523196 0.00529238 0.24703270 0.00713137 0.72315042 
41.00000000 0.00055104 0.01188937 0.00531643 0.00578197 0.24934793 0.00719954 0.71991371 
42.00000000 0.00059102 0.01214526 0.00540215 0.00630422 0.25169619 0.00727214 0.71658902 
43.00000000 0.00063318 0.01241418 0.00548761 0.00685772 0.25402178 0.00735009 0.71323545 
44.00000000 0.00067748 0.01269492 0.00557156 0.00743942 0.25627781 0.00743386 0.70990496 
45.00000000 0.00072423 0.01298703 0.00565348 0.00804641 0.25843309 0.00752358 0.70663218 
46.00000000 0.00077409 0.01329062 0.00573368 0.00867824 0.26047479 0.00761920 0.70342938 
47.00000000 0.00082771 0.01360518 0.00581298 0.00933761 0.26240834 0.00772055 0.70028764 
48.00000000 0.00088522 0.01392823 0.00589221 0.01002847 0.26425509 0.00782720 0.69718358 
49.00000000 0.00094594 0.01425496 0.00597179 0.01075291 0.26604711 0.00793821 0.69408908 
50.00000000 0.00100859 0.01457982 0.00605152 0.01150904 0.26781892 0.00805204 0.69098006 
51.00000000 0.00107213 0.01489974 0.00613078 0.01229118 0.26959728 0.00816684 0.68784204 
52.00000000 0.00113639 0.01521710 0.00620892 0.01309252 0.27139151 0.00828111 0.68467245 
53.00000000 0.00120216 0.01554011 0.00628557 0.01390881 0.27318842 0.00839443 0.68148050 
54.00000000 0.00127053 0.01587980 0.00636081 0.01474038 0.27495558 0.00850786 0.67828503 
55.00000000 0.00134192 0.01624522 0.00643497 0.01559101 0.27665194 0.00862361 0.67511134 
56.00000000 0.00141573 0.01663992 0.00650829 0.01646448 0.27824072 0.00874409 0.67198678 
57.00000000 0.00149073 0.01706149 0.00658060 0.01736190 0.27969952 0.00887091 0.66893485 
58.00000000 0.00156586 0.01750415 0.00665142 0.01828135 0.28102424 0.00900441 0.66596858 
59.00000000 0.00164092 0.01796229 0.00672030 0.01922024 0.28222594 0.00914383 0.66308648 
60.00000000 0.00171659 0.01843275 0.00678734 0.02017880 0.28332324 0.00928806 0.66027322 
61.00000000 0.00179377 0.01891426 0.00685315 0.02116188 0.28433529 0.00943642 0.65750523 
62.00000000 0.00187274 0.01940486 0.00691850 0.02217693 0.28527851 0.00958895 0.65475951 
63.00000000 0.00195283 0.01989983 0.00698371 0.02322888 0.28616563 0.00974617 0.65202294 
64.00000000 0.00203300 0.02039270 0.00704831 0.02431593 0.28700424 0.00990837 0.64929744 
65.00000000 0.00211274 0.02087942 0.00711129 0.02542946 0.28779411 0.01007511 0.64659787 
66.00000000 0.00219276 0.02136304 0.00717183 0.02655852 0.28852454 0.01024545 0.64394385 
67.00000000 0.00227493 0.02185504 0.00723007 0.02769604 0.28917455 0.01041877 0.64135060 
68.00000000 0.00236143 0.02237126 0.00728729 0.02884273 0.28971839 0.01059563 0.63882327 
69.00000000 0.00245368 0.02292448 0.00734528 0.03000562 0.29013603 0.01077788 0.63635703 
70.00000000 0.00255139 0.02351774 0.00740543 0.03119202 0.29042422 0.01096776 0.63394144 
71.00000000 0.00265253 0.02414245 0.00746778 0.03240339 0.29060185 0.01116665 0.63156535 
72.00000000 0.00275403 0.02478214 0.00753103 0.03363341 0.29070631 0.01137407 0.62921900 
73.00000000 0.00285302 0.02542010 0.00759315 0.03487127 0.29078144 0.01158767 0.62689334 
74.00000000 0.00294806 0.02604664 0.00765241 0.03610753 0.29086123 0.01180422 0.62457991 
75.00000000 0.00303969 0.02666211 0.00770798 0.03733868 0.29095707 0.01202092 0.62227355 
76.00000000 0.00312987 0.02727395 0.00775987 0.03856720 0.29105571 0.01223644 0.61997697 
77.00000000 0.00322083 0.02788967 0.00780841 0.03979631 0.29112932 0.01245118 0.61770427 
78.00000000 0.00331408 0.02851113 0.00785370 0.04102362 0.29115100 0.01266633 0.61548014 
79.00000000 0.00340997 0.02913381 0.00789560 0.04223856 0.29110669 0.01288255 0.61333282 
80.00000000 0.00350793 0.02975135 0.00793422 0.04342632 0.29099740 0.01309905 0.61128373 
81.00000000 0.00360707 0.03036144 0.00797048 0.04457574 0.29083230 0.01331371 0.60933927 
82.00000000 0.00370672 0.03096828 0.00800616 0.04568576 0.29061905 0.01352422 0.60748980 
83.00000000 0.00380679 0.03157988 0.00804315 0.04676601 0.29035947 0.01372923 0.60571548 
84.00000000 0.00390746 0.03220170 0.00808236 0.04783051 0.29005449 0.01392868 0.60399480 
85.00000000 0.00400869 0.03283124 0.00812309 0.04888876 0.28971342 0.01412328 0.60231152 
86.00000000 0.00410986 0.03345755 0.00816318 0.04994044 0.28935832 0.01431338 0.60065728 
87.00000000 0.00420994 0.03406662 0.00820017 0.05097728 0.28901787 0.01449814 0.59902998 
88.00000000 0.00430822 0.03464963 0.00823266 0.05199041 0.28871350 0.01467562 0.59742996 
89.00000000 0.00440495 0.03520895 0.00826096 0.05297763 0.28844650 0.01484387 0.59585715 
90.00000000 0.00450155 0.03575726 0.00828690 0.05394574 0.28819546 0.01500231 0.59431079 
91.00000000 0.00460004 0.03630956 0.00831280 0.05490658 0.28792716 0.01515271 0.59279114 
92.00000000 0.00470211 0.03687295 0.00834041 0.05586954 0.28761527 0.01529875 0.59130097 
93.00000000 0.00480837 0.03744081 0.00837032 0.05683583 0.28725524 0.01544448 0.58984495 
94.00000000 0.00491790 0.03799533 0.00840226 0.05779855 0.28686661 0.01559258 0.58842677 
95.00000000 0.00502854 0.03851664 0.00843584 0.05874816 0.28648118 0.01574337 0.58704627 
96.00000000 0.00513758 0.03899322 0.00847120 0.05967932 0.28612433 0.01589518 0.58569917 
97.00000000 0.00524308 0.03942757 0.00850895 0.06059411 0.28580044 0.01604568 0.58438017 
98.00000000 0.00534483 0.03983392 0.00854956 0.06149952 0.28549200 0.01619348 0.58308670 
99.00000000 0.00544445 0.04022931 0.00859269 0.06240064 0.28517378 0.01633889 0.58182024 
100.00000000 0.00554446 0.04062368 0.00863716 0.06329467 0.28483223 0.01648364 0.58058415 
101.00000000 0.00564692 0.04101518 0.00868153 0.06417074 0.28447657 0.01662952 0.57937954 
102.00000000 0.00575246 0.04139369 0.00872520 0.06501625 0.28413431 0.01677701 0.57820108 
103.00000000 0.00586004 0.04174966 0.00876914 0.06582548 0.28383536 0.01692496 0.57703534 
104.00000000 0.00596777 0.04208170 0.00881566 0.06660416 0.28359619 0.01707164 0.57586288 
105.00000000 0.00607387 0.04239776 0.00886730 0.06736685 0.28341434 0.01721643 0.57466346 
106.00000000 0.00617733 0.04270953 0.00892546 0.06812870 0.28327592 0.01736096 0.57342210 
107.00000000 0.00627803 0.04302471 0.00898958 0.06889697 0.28316884 0.01750871 0.57213316 
108.00000000 0.00637628 0.04334280 0.00905731 0.06966759 0.28309105 0.01766319 0.57080178 
109.00000000 0.00647239 0.04365699 0.00912564 0.07042875 0.28304738 0.01782582 0.56944303 
110.00000000 0.00656623 0.04396038 0.00919231 0.07116854 0.28303805 0.01799481 0.56807969 
111.00000000 0.00665741 0.04425223 0.00925655 0.07188116 0.28304791 0.01816581 0.56673893 
112.00000000 0.00674569 0.04454016 0.00931894 0.07256792 0.28304575 0.01833400 0.56544753 
113.00000000 0.00683127 0.04483647 0.00938050 0.07323280 0.28299641 0.01849639 0.56422617 
114.00000000 0.00691480 0.04515079 0.00944182 0.07387605 0.28287934 0.01865294 0.56308426 
115.00000000 0.00699716 0.04548389 0.00950265 0.07449093 0.28270158 0.01880575 0.56201804 
116.00000000 0.00707910 0.04582651 0.00956236 0.07506606 0.28249603 0.01895689 0.56101305 
117.00000000 0.00716090 0.04616401 0.00962084 0.07559187 0.28230568 0.01910662 0.56005008 
118.00000000 0.00724218 0.04648355 0.00967900 0.07606670 0.28216285 0.01925313 0.55911258 
119.00000000 0.00732217 0.04677964 0.00973857 0.07649816 0.28207459 0.01939399 0.55819289 
120.00000000 0.00740014 0.04705528 0.00980111 0.07689896 0.28202130 0.01952815 0.55729505 
121.00000000 0.00747590 0.04731918 0.00986706 0.07727997 0.28196743 0.01965717 0.55643329 
122.00000000 0.00755002 0.04758083 0.00993530 0.07764505 0.28187679 0.01978470 0.55562731 
123.00000000 0.00762376 0.04784631 0.01000376 0.07799136 0.28172298 0.01991463 0.55489720 
124.00000000 0.00769861 0.04811603 0.01007051 0.07831480 0.28149120 0.02004909 0.55425976 
125.00000000 0.00777583 0.04838509 0.01013480 0.07861665 0.28117406 0.02018754 0.55372604 
126.00000000 0.00785604 0.04864530 0.01019725 0.07890655 0.28076831 0.02032767 0.55329888 
127.00000000 0.00793914 0.04888801 0.01025916 0.07919938 0.28027660 0.02046738 0.55297033 
128.00000000 0.00802441 0.04910660 0.01032145 0.07950814 0.27971271 0.02060656 0.55272013 
129.00000000 0.00811100 0.04929824 0.01038398 0.07983744 0.27910420 0.02074743 0.55251770 
130.00000000 0.00819866 0.04946473 0.01044558 0.08018189 0.27848709 0.02089323 0.55232882 
131.00000000 0.00828813 0.04961189 0.01050492 0.08053011 0.27789316 0.02104611 0.55212569 
132.00000000 0.00838082 0.04974741 0.01056138 0.08087146 0.27733659 0.02120571 0.55189663 
133.00000000 0.00847775 0.04987789 0.01061558 0.08120113 0.27680779 0.02136922 0.55165065 
134.00000000 0.00857857 0.05000654 0.01066902 0.08152097 0.27627825 0.02153282 0.55141384 
135.00000000 0.00868125 0.05013313 0.01072348 0.08183622 0.27571373 0.02169341 0.55121878 
136.00000000 0.00878297 0.05025587 0.01078029 0.08215082 0.27508805 0.02184956 0.55109244 
137.00000000 0.00888167 0.05037359 0.01084013 0.08246478 0.27438976 0.02200122 0.55104885 
138.00000000 0.00897737 0.05048614 0.01090323 0.08277532 0.27361987 0.02214854 0.55108953 
139.00000000 0.00907222 0.05059243 0.01096986 0.08308062 0.27278502 0.02229077 0.55120908 
140.00000000 0.00916923 0.05068774 0.01104069 0.08338290 0.27189287 0.02242614 0.55140044 
141.00000000 0.00927048 0.05076274 0.01111683 0.08368831 0.27095273 0.02255271 0.55165621 
142.00000000 0.00937595 0.05080604 0.01119952 0.08400330 0.26997870 0.02266967 0.55196681 
143.00000000 0.00948385 0.05080972 0.01128961 0.08432976 0.26898987 0.02277803 0.55231915 
144.00000000 0.00959205 0.05077497 0.01138718 0.08466237 0.26800444 0.02288022 0.55269877 
145.00000000 0.00969950 0.05071432 0.01149150 0.08499004 0.26703011 0.02297895 0.55309557 
146.00000000 0.00980659 0.05064799 0.01160140 0.08530079 0.26605787 0.02307593 0.55350943 
147.00000000 0.00991416 0.05059535 0.01171574 0.08558730 0.26506542 0.02317141 0.55395061 
148.00000000 0.01002209 0.05056614 0.01183378 0.08584996 0.26403017 0.02326448 0.55443337 
149.00000000 0.01012851 0.05055633 0.01195521 0.08609580 0.26294434 0.02335397 0.55496583 
150.00000000 0.01023034 0.05055128 0.01207990 0.08633409 0.26182275 0.02343910 0.55554254 
151.00000000 0.01032477 0.05053416 0.01220756 0.08657138 0.26069788 0.02351964 0.55614461 
152.00000000 0.01041085 0.05049467 0.01233754 0.08680892 0.25960492 0.02359568 0.55674742 
153.00000000 0.01048998 0.05043278 0.01246896 0.08704353 0.25856602 0.02366724 0.55733148 
154.00000000 0.01056517 0.05035599 0.01260110 0.08727056 0.25758317 0.02373419 0.55788982 
155.00000000 0.01063937 0.05027227 0.01273374 0.08748665 0.25664316 0.02379644 0.55842836 
156.00000000 0.01071417 0.05018396 0.01286733 0.08769062 0.25572967 0.02385430 0.55895995 
157.00000000 0.01078949 0.05008657 0.01300282 0.08788206 0.25483371 0.02390847 0.55949689 
158.00000000 0.01086427 0.04997335 0.01314115 0.08805931 0.25395572 0.02395994 0.56004626 
159.00000000 0.01093777 0.04984205 0.01328276 0.08821869 0.25309929 0.02400962 0.56060982 
160.00000000 0.01101037 0.04969864 0.01342729 0.08835595 0.25226303 0.02405829 0.56118644 
161.00000000 0.01108371 0.04955486 0.01357382 0.08846926 0.25143828 0.02410669 0.56177339 
162.00000000 0.01116016 0.04942109 0.01372119 0.08856173 0.25061561 0.02415584 0.56236436 
163.00000000 0.01124194 0.04929944 0.01386860 0.08864140 0.24979516 0.02420713 0.56294633 
164.00000000 0.01133044 0.04918189 0.01401587 0.08871824 0.24899243 0.02426193 0.56349921 
165.00000000 0.01142595 0.04905489 0.01416342 0.08880000 0.24823425 0.02432108 0.56400041 
166.00000000 0.01152784 0.04890766 0.01431176 0.08888917 0.24754600 0.02438468 0.56443290 
167.00000000 0.01163505 0.04873898 0.01446100 0.08898281 0.24693676 0.02445239 0.56479300 
168.00000000 0.01174660 0.04855841 0.01461062 0.08907517 0.24639129 0.02452411 0.56509380 
169.00000000 0.01186182 0.04838104 0.01475963 0.08916144 0.24587417 0.02460047 0.56536142 
170.00000000 0.01198024 0.04821914 0.01490709 0.08924078 0.24534474 0.02468276 0.56562525 
171.00000000 0.01210119 0.04807582 0.01505256 0.08931686 0.24477400 0.02477217 0.56590740 
172.00000000 0.01222348 0.04794443 0.01519620 0.08939591 0.24415402 0.02486889 0.56621707 
173.00000000 0.01234547 0.04781375 0.01533822 0.08948329 0.24349585 0.02497175 0.56655167 
174.00000000 0.01246559 0.04767489 0.01547824 0.08958095 0.24281928 0.02507885 0.56690220 
175.00000000 0.01258313 0.04752588 0.01561501 0.08968717 0.24214217 0.02518871 0.56725793 
176.00000000 0.01269869 0.04737165 0.01574684 0.08979866 0.24147560 0.02530119 0.56760738 
177.00000000 0.01281403 0.04722033 0.01587248 0.08991302 0.24082565 0.02541755 0.56793694 
178.00000000 0.01293122 0.04707878 0.01599199 0.09002978 0.24019750 0.02553949 0.56823123 
179.00000000 0.01305142 0.04695031 0.01610690 0.09014936 0.23959680 0.02566775 0.56847747 
180.00000000 0.01317401 0.04683563 0.01621957 0.09027094 0.23902733 0.02580126 0.56867125 
181.00000000 0.01329662 0.04673602 0.01633201 0.09039133 0.23848739 0.02593758 0.56881905 
182.00000000 0.01341608 0.04665576 0.01644499 0.09050580 0.23796843 0.02607430 0.56893463 
183.00000000 0.01352982 0.04660174 0.01655779 0.09061083 0.23745839 0.02621065 0.56903078 
184.00000000 0.01363691 0.04657983 0.01666883 0.09070697 0.23694866 0.02634819 0.56911061 
185.00000000 0.01373814 0.04659047 0.01677650 0.09079978 0.23644057 0.02649011 0.56916442 
186.00000000 0.01383509 0.04662654 0.01687989 0.09089773 0.23594692 0.02663945 0.56917438 
187.00000000 0.01392894 0.04667558 0.01697889 0.09100793 0.23548749 0.02679745 0.56912373 
188.00000000 0.01401966 0.04672521 0.01707378 0.09113200 0.23508197 0.02696332 0.56900407 
189.00000000 0.01410625 0.04676842 0.01716476 0.09126464 0.23474403 0.02713535 0.56881655 
190.00000000 0.01418770 0.04680560 0.01725177 0.09139598 0.23447895 0.02731270 0.56856730 
191.00000000 0.01426394 0.04684224 0.01733473 0.09151629 0.23428479 0.02749634 0.56826167 
192.00000000 0.01433634 0.04688368 0.01741400 0.09162051 0.23415536 0.02768854 0.56790157 
193.00000000 0.01440720 0.04693042 0.01749076 0.09171015 0.23408292 0.02789109 0.56748746 
194.00000000 0.01447859 0.04697723 0.01756688 0.09179191 0.23405981 0.02810350 0.56702208 
195.00000000 0.01455128 0.04701645 0.01764435 0.09187434 0.23408014 0.02832251 0.56651093 
196.00000000 0.01462435 0.04704288 0.01772433 0.09196480 0.23414210 0.02854352 0.56595803 
197.00000000 0.01469589 0.04705665 0.01780634 0.09206833 0.23425015 0.02876304 0.56535960 
198.00000000 0.01476442 0.04706219 0.01788825 0.09218872 0.23441479 0.02898068 0.56470094 
199.00000000 0.01483011 0.04706464 0.01796700 0.09233034 0.23464867 0.02919923 0.56396001 
200.00000000 0.01489495 0.04706674 0.01803980 0.09249880 0.23495998 0.02942278 0.56311695 
201.00000000 0.01496177 0.04706885 0.01810521 0.09269941 0.23534631 0.02965415 0.56216429 
202.00000000 0.01503263 0.04707199 0.01816349 0.09293459 0.23579308 0.02989332 0.56111090 
203.00000000 0.01510785 0.04708112 0.01821600 0.09320162 0.23627835 0.03013790 0.55997717 
204.00000000 0.01518617 0.04710580 0.01826418 0.09349275 0.23678142 0.03038525 0.55878443 
205.00000000 0.01526585 0.04715702 0.01830867 0.09379794 0.23729077 0.03063464 0.55754511 
206.00000000 0.01534601 0.04724179 0.01834922 0.09410905 0.23780735 0.03088776 0.55625882 
207.00000000 0.01542721 0.04735877 0.01838527 0.09442273 0.23834278 0.03114752 0.55491572 
208.00000000 0.01551107 0.04749835 0.01841686 0.09474017 0.23891391 0.03141560 0.55350403 
209.00000000 0.01559927 0.04764752 0.01844521 0.09506381 0.23953735 0.03169072 0.55201612 
210.00000000 0.01569260 0.04779682 0.01847245 0.09539325 0.24022660 0.03196887 0.55044941 
211.00000000 0.01579058 0.04794472 0.01850075 0.09572296 0.24099184 0.03224552 0.54880364 
212.00000000 0.01589187 0.04809714 0.01853118 0.09604324 0.24183909 0.03251851 0.54707897 
213.00000000 0.01599498 0.04826313 0.01856310 0.09634399 0.24276670 0.03278950 0.54527860 
214.00000000 0.01609887 0.04844966 0.01859463 0.09661903 0.24376014 0.03306302 0.54341466 
215.00000000 0.01620299 0.04865891 0.01862384 0.09686854 0.24478932 0.03334362 0.54151278 
216.00000000 0.01630697 0.04888896 0.01865009 0.09709882 0.24581229 0.03363293 0.53960994 
217.00000000 0.01641037 0.04913649 0.01867468 0.09731977 0.24678620 0.03392848 0.53774400 
218.00000000 0.01651282 0.04939938 0.01870029 0.09754182 0.24768156 0.03422494 0.53593920 
219.00000000 0.01661434 0.04967728 0.01872958 0.09777349 0.24849286 0.03451689 0.53419555 
220.00000000 0.01671553 0.04997028 0.01876390 0.09802046 0.24923969 0.03480150 0.53248863 
221.00000000 0.01681719 0.05027675 0.01880271 0.09828598 0.24995800 0.03507929 0.53078008 
222.00000000 0.01691981 0.05059241 0.01884419 0.09857132 0.25068615 0.03535292 0.52903320 
223.00000000 0.01702338 0.05091168 0.01888648 0.09887569 0.25145252 0.03562492 0.52722534 
224.00000000 0.01712758 0.05123044 0.01892872 0.09919557 0.25226971 0.03589620 0.52535179 
225.00000000 0.01723241 0.05154796 0.01897123 0.09952436 0.25313594 0.03616633 0.52342177 
226.00000000 0.01733843 0.05186653 0.01901453 0.09985338 0.25403993 0.03643542 0.52145176 
227.00000000 0.01744658 0.05218913 0.01905810 0.10017438 0.25496475 0.03670590 0.51946116 
228.00000000 0.01755749 0.05251654 0.01909974 0.10048296 0.25588931 0.03698258 0.51747138 
229.00000000 0.01767079 0.05284568 0.01913634 0.10078119 0.25678930 0.03727062 0.51550607 
230.00000000 0.01778504 0.05316997 0.01916547 0.10107784 0.25764002 0.03757245 0.51358922 
231.00000000 0.01789851 0.05348127 0.01918686 0.10138607 0.25842155 0.03788568 0.51174006 
232.00000000 0.01801057 0.05377233 0.01920278 0.10171961 0.25912480 0.03820344 0.50996647 
233.00000000 0.01812267 0.05403858 0.01921701 0.10208883 0.25975508 0.03851695 0.50826088 
234.00000000 0.01823816 0.05427865 0.01923319 0.10249804 0.26033024 0.03881906 0.50660266 
235.00000000 0.01836073 0.05449431 0.01925339 0.10294517 0.26087262 0.03910665 0.50496715 
236.00000000 0.01849231 0.05469039 0.01927770 0.10342374 0.26139791 0.03938075 0.50333719 
237.00000000 0.01863187 0.05487476 0.01930485 0.10392584 0.26190697 0.03964480 0.50171091 
238.00000000 0.01877574 0.05505750 0.01933321 0.10444465 0.26238499 0.03990242 0.50010149 
239.00000000 0.01891941 0.05524875 0.01936168 0.10497526 0.26280927 0.04015619 0.49852944 
240.00000000 0.01905957 0.05545579 0.01938998 0.10551432 0.26316080 0.04040761 0.49701193 
241.00000000 0.01919523 0.05568110 0.01941838 0.10605910 0.26343341 0.04065790 0.49555488 
242.00000000 0.01932736 0.05592283 0.01944725 0.10660731 0.26363537 0.04090855 0.49415133 
243.00000000 0.01945733 0.05617710 0.01947691 0.10715755 0.26378446 0.04116101 0.49278563 
244.00000000 0.01958561 0.05644067 0.01950773 0.10770965 0.26390065 0.04141559 0.49144010 
245.00000000 0.01971160 0.05671202 0.01954046 0.10826372 0.26400093 0.04167036 0.49010091 
246.00000000 0.01983477 0.05699046 0.01957630 0.10881823 0.26409749 0.04192106 0.48876169 
247.00000000 0.01995613 0.05727385 0.01961675 0.10936805 0.26419789 0.04216231 0.48742501 
248.00000000 0.02007863 0.05755703 0.01966338 0.10990382 0.26430497 0.04238976 0.48610243 
249.00000000 0.02020607 0.05783238 0.01971747 0.11041350 0.26441517 0.04260203 0.48481338 
250.00000000 0.02034117 0.05809278 0.01977975 0.11088603 0.26451665 0.04280154 0.48358209 
251.00000000 0.02048392 0.05833500 0.01985022 0.11131543 0.26459010 0.04299354 0.48243180 
252.00000000 0.02063154 0.05856105 0.01992815 0.11170327 0.26461427 0.04318403 0.48137769 
253.00000000 0.02078009 0.05877601 0.02001213 0.11205807 0.26457454 0.04337767 0.48042148 
254.00000000 0.02092690 0.05898322 0.02010028 0.11239212 0.26447052 0.04357644 0.47955051 
255.00000000 0.02107206 0.05918014 0.02019048 0.11271762 0.26431818 0.04377980 0.47874170 
256.00000000 0.02121815 0.05935767 0.02028081 0.11304397 0.26414486 0.04398581 0.47796874 
257.00000000 0.02136830 0.05950367 0.02036999 0.11337712 0.26397877 0.04419257 0.47720957 
258.00000000 0.02152414 0.05960889 0.02045764 0.11372063 0.26383814 0.04439913 0.47645143 
259.00000000 0.02168504 0.05967194 0.02054412 0.11407674 0.26372463 0.04460522 0.47569230 
260.00000000 0.02184918 0.05970054 0.02063000 0.11444641 0.26362375 0.04481054 0.47493958 
261.00000000 0.02201523 0.05970843 0.02071550 0.11482817 0.26351099 0.04501429 0.47420739 
262.00000000 0.02218323 0.05971000 0.02080015 0.11521704 0.26336088 0.04521544 0.47351326 
263.00000000 0.02235378 0.05971586 0.02088316 0.11560492 0.26315477 0.04541358 0.47287394 
264.00000000 0.02252629 0.05973183 0.02096392 0.11598330 0.26288454 0.04560972 0.47230041 
265.00000000 0.02269781 0.05976143 0.02104259 0.11634703 0.26255216 0.04580604 0.47179294 
266.00000000 0.02286342 0.05980933 0.02112004 0.11669696 0.26216719 0.04600468 0.47133838 
267.00000000 0.02301825 0.05988275 0.02119710 0.11703923 0.26174439 0.04620632 0.47091196 
268.00000000 0.02315993 0.05998945 0.02127355 0.11738168 0.26130160 0.04640940 0.47048439 
269.00000000 0.02328968 0.06013329 0.02134754 0.11772936 0.26085732 0.04661068 0.47003213 
270.00000000 0.02341146 0.06031048 0.02141612 0.11808175 0.26042737 0.04680645 0.46954637 
271.00000000 0.02352939 0.06050937 0.02147680 0.11843323 0.26002047 0.04699402 0.46903671 
272.00000000 0.02364555 0.06071427 0.02152905 0.11877650 0.25963430 0.04717244 0.46852789 
273.00000000 0.02375915 0.06091157 0.02157493 0.11910670 0.25925427 0.04734237 0.46805100 
274.00000000 0.02386785 0.06109472 0.02161831 0.11942379 0.25885743 0.04750536 0.46763254 
275.00000000 0.02396990 0.06126523 0.02166310 0.11973167 0.25842126 0.04766297 0.46728589 
276.00000000 0.02406561 0.06142949 0.02171158 0.12003482 0.25793408 0.04781629 0.46700814 
277.00000000 0.02415693 0.06159365 0.02176379 0.12033493 0.25740201 0.04796588 0.46678280 
278.00000000 0.02424557 0.06175997 0.02181823 0.12062983 0.25684807 0.04811195 0.46658637 
279.00000000 0.02433100 0.06192674 0.02187325 0.12091555 0.25630294 0.04825452 0.46639599 
280.00000000 0.02440982 0.06209120 0.02192832 0.12118975 0.25579203 0.04839349 0.46619539 
281.00000000 0.02447703 0.06225311 0.02198425 0.12145390 0.25532544 0.04852856 0.46597772 
282.00000000 0.02452856 0.06241637 0.02204228 0.12171235 0.25489538 0.04865933 0.46574573 
283.00000000 0.02456346 0.06258772 0.02210289 0.12196906 0.25448112 0.04878563 0.46551011 
284.00000000 0.02458423 0.06277334 0.02216516 0.12222444 0.25405852 0.04890791 0.46528640 
285.00000000 0.02459519 0.06297545 0.02222735 0.12247463 0.25360920 0.04902735 0.46509083 
286.00000000 0.02459992 0.06319111 0.02228838 0.12271403 0.25312485 0.04914569 0.46493603 
287.00000000 0.02459953 0.06341379 0.02234907 0.12293952 0.25260557 0.04926478 0.46482775 
288.00000000 0.02459286 0.06363692 0.02241245 0.12315309 0.25205508 0.04938612 0.46476349 
289.00000000 0.02457836 0.06385724 0.02248251 0.12336096 0.25147754 0.04951060 0.46473279 
290.00000000 0.02455645 0.06407574 0.02256226 0.12356931 0.25087838 0.04963844 0.46471941 
291.00000000 0.02453065 0.06429580 0.02265194 0.12377972 0.25026731 0.04976921 0.46470536 
292.00000000 0.02450668 0.06451998 0.02274880 0.12398686 0.24965957 0.04990179 0.46467633 
293.00000000 0.02449009 0.06474770 0.02284853 0.12418024 0.24907195 0.05003430 0.46462720 
294.00000000 0.02448408 0.06497526 0.02294751 0.12434881 0.24851441 0.05016434 0.46456559 
295.00000000 0.02448885 0.06519783 0.02304449 0.12448591 0.24798255 0.05028953 0.46451084 
296.00000000 0.02450291 0.06541195 0.02314071 0.12459161 0.24745669 0.05040839 0.46448774 
297.00000000 0.02452517 0.06561691 0.02323852 0.12467156 0.24691000 0.05052088 0.46451696 
298.00000000 0.02455619 0.06581430 0.02333969 0.12473329 0.24632191 0.05062847 0.46460615 
299.00000000 0.02459773 0.06600626 0.02344451 0.12478238 0.24569020 0.05073320 0.46474573 
300.00000000 0.02465118 0.06619346 0.02355232 0.12482058 0.24503435 0.05083649 0.46491161 
301.00000000 0.02471615 0.06637434 0.02366279 0.12484666 0.24438794 0.05093829 0.46507382 
302.00000000 0.02479019 0.06654612 0.02377684 0.12485846 0.24378373 0.05103728 0.46520738 
303.00000000 0.02486999 0.06670699 0.02389628 0.12485436 0.24323982 0.05113203 0.46530052 
304.00000000 0.02495308 0.06685793 0.02402235 0.12483283 0.24275376 0.05122254 0.46535752 
305.00000000 0.02503914 0.06700268 0.02415419 0.12479082 0.24230607 0.05131079 0.46539630 
306.00000000 0.02513011 0.06714611 0.02428862 0.12472262 0.24186987 0.05140003 0.46544264 
307.00000000 0.02522905 0.06729189 0.02442137 0.12462063 0.24142056 0.05149288 0.46552364 
308.00000000 0.02533860 0.06744101 0.02454919 0.12447819 0.24094052 0.05158980 0.46566269 
309.00000000 0.02546011 0.06759192 0.02467150 0.12429327 0.24041814 0.05168865 0.46587641 
310.00000000 0.02559369 0.06774198 0.02479041 0.12407069 0.23984504 0.05178586 0.46617234 
311.00000000 0.02573897 0.06788904 0.02490960 0.12382165 0.23921635 0.05187828 0.46654610 
312.00000000 0.02589564 0.06803225 0.02503254 0.12356060 0.23853546 0.05196440 0.46697911 
313.00000000 0.02606304 0.06817146 0.02516153 0.12330087 0.23781961 0.05204404 0.46743945 
314.00000000 0.02623924 0.06830621 0.02529764 0.12305115 0.23710098 0.05211696 0.46788783 
315.00000000 0.02642035 0.06843518 0.02544144 0.12281403 0.23641971 0.05218145 0.46828785 
316.00000000 0.02660103 0.06855699 0.02559339 0.12258735 0.23581098 0.05223421 0.46861605 
317.00000000 0.02677621 0.06867186 0.02575365 0.12236716 0.23529285 0.05227179 0.46886648 
318.00000000 0.02694310 0.06878295 0.02592129 0.12215058 0.23486208 0.05229285 0.46904716 
319.00000000 0.02710227 0.06889586 0.02609384 0.12193720 0.23450006 0.05229957 0.46917121 
320.00000000 0.02725708 0.06901616 0.02626779 0.12172863 0.23418503 0.05229736 0.46924794 
321.00000000 0.02741170 0.06914662 0.02643985 0.12152698 0.23390382 0.05229269 0.46927834 
322.00000000 0.02756905 0.06928574 0.02660823 0.12133378 0.23365680 0.05229045 0.46925595 
323.00000000 0.02773001 0.06942860 0.02677313 0.12115024 0.23345421 0.05229230 0.46917151 
324.00000000 0.02789417 0.06956965 0.02693604 0.12097858 0.23330687 0.05229703 0.46901765 
325.00000000 0.02806143 0.06970571 0.02709838 0.12082315 0.23321797 0.05230252 0.46879084 
326.00000000 0.02823284 0.06983736 0.02726049 0.12068994 0.23318095 0.05230804 0.46849038 
327.00000000 0.02840996 0.06996774 0.02742137 0.12058436 0.23318365 0.05231544 0.46811749 
328.00000000 0.02859303 0.07009987 0.02757941 0.12050821 0.23321452 0.05232840 0.46767656 
329.00000000 0.02877937 0.07023469 0.02773333 0.12045760 0.23326635 0.05235045 0.46717822 
330.00000000 0.02896334 0.07037130 0.02788249 0.12042350 0.23333532 0.05238320 0.46664085 
331.00000000 0.02913835 0.07050941 0.02802662 0.12039503 0.23341730 0.05242606 0.46608722 
332.00000000 0.02929971 0.07065179 0.02816505 0.12036388 0.23350560 0.05247752 0.46553645 
333.00000000 0.02944669 0.07080445 0.02829638 0.12032744 0.23359285 0.05253705 0.46499514 
334.00000000 0.02958231 0.07097391 0.02841901 0.12028872 0.23367618 0.05260599 0.46445388 
335.00000000 0.02971099 0.07116313 0.02853227 0.12025336 0.23376162 0.05268680 0.46389183 
336.00000000 0.02983572 0.07136882 0.02863733 0.12022543 0.23386432 0.05278110 0.46328727 
337.00000000 0.02995666 0.07158229 0.02873705 0.12020471 0.23400337 0.05288794 0.46262799 
338.00000000 0.03007200 0.07179336 0.02883487 0.12018692 0.23419362 0.05300352 0.46191570 
339.00000000 0.03018033 0.07199545 0.02893330 0.12016645 0.23443911 0.05312279 0.46116257 
340.00000000 0.03028251 0.07218861 0.02903293 0.12013961 0.23473179 0.05324190 0.46038265 
341.00000000 0.03038177 0.07237852 0.02913274 0.12010626 0.23505632 0.05336016 0.45958424 
342.00000000 0.03048190 0.07257210 0.02923125 0.12006929 0.23539762 0.05347995 0.45876788 
343.00000000 0.03058502 0.07277280 0.02932799 0.12003250 0.23574722 0.05360473 0.45792973 
344.00000000 0.03069049 0.07297859 0.02942415 0.11999857 0.23610574 0.05373628 0.45706618 
345.00000000 0.03079560 0.07318388 0.02952214 0.11996873 0.23648120 0.05387293 0.45617553 
346.00000000 0.03089753 0.07338345 0.02962440 0.11994431 0.23688433 0.05401000 0.45525597 
347.00000000 0.03099516 0.07357537 0.02973221 0.11992910 0.23732349 0.05414199 0.45430268 
348.00000000 0.03108949 0.07376064 0.02984529 0.11993047 0.23780117 0.05426508 0.45330786 
349.00000000 0.03118253 0.07394007 0.02996241 0.11995787 0.23831324 0.05437845 0.45226543 
350.00000000 0.03127557 0.07411072 0.03008236 0.12001918 0.23885055 0.05448355 0.45117807 
351.00000000 0.03136810 0.07426511 0.03020448 0.12011661 0.23940195 0.05458226 0.45006149 
352.00000000 0.03145838 0.07439390 0.03032848 0.12024472 0.23995719 0.05467520 0.44894214 
353.00000000 0.03154484 0.07449089 0.03045361 0.12039212 0.24050901 0.05476154 0.44784798 
354.00000000 0.03162742 0.07455676 0.03057824 0.12054609 0.24105421 0.05484018 0.44679710 
355.00000000 0.03170765 0.07459885 0.03070031 0.12069753 0.24159421 0.05491150 0.44578995 
356.00000000 0.03178763 0.07462711 0.03081849 0.12084368 0.24213547 0.05497809 0.44480953 
357.00000000 0.03186884 0.07464869 0.03093329 0.12098728 0.24268898 0.05504397 0.44382895 
358.00000000 0.03195165 0.07466510 0.03104735 0.12113276 0.24326891 0.05511259 0.44282163 
359.00000000 0.03203582 0.07467345 0.03116451 0.12128206 0.24388990 0.05518526 0.44176900 
360.00000000 0.03212135 0.07467059 0.03128804 0.12143272 0.24456343 0.05526086 0.44066301 
361.00000000 0.03220884 0.07465706 0.03141905 0.12157932 0.24529396 0.05533723 0.43950453 
362.00000000 0.03229905 0.07463791 0.03155594 0.12171728 0.24607624 0.05541323 0.43830035 
363.00000000 0.03239215 0.07462008 0.03169501 0.12184602 0.24689553 0.05549022 0.43706100 
364.00000000 0.03248741 0.07460844 0.03183190 0.12196949 0.24773092 0.05557203 0.43579982 
365.00000000 0.03258368 0.07460340 0.03196290 0.12209353 0.24856098 0.05566329 0.43453223 
366.00000000 0.03268036 0.07460196 0.03208552 0.12222200 0.24936959 0.05576709 0.43327347 
367.00000000 0.03277798 0.07460114 0.03219827 0.12235425 0.25015017 0.05588350 0.43203470 
368.00000000 0.03287792 0.07460107 0.03230026 0.12248564 0.25090641 0.05600970 0.43081900 
369.00000000 0.03298129 0.07460547 0.03239116 0.12261112 0.25164907 0.05614162 0.42962027 
370.00000000 0.03308797 0.07461890 0.03247170 0.12272936 0.25238981 0.05627594 0.42842631 
371.00000000 0.03319651 0.07464318 0.03254409 0.12284516 0.25313470 0.05641120 0.42722516 
372.00000000 0.03330501 0.07467555 0.03261185 0.12296804 0.25388074 0.05654754 0.42601126 
373.00000000 0.03341232 0.07471020 0.03267889 0.12310808 0.25461707 0.05668564 0.42478780 
374.00000000 0.03351850 0.07474198 0.03274798 0.12327131 0.25533013 0.05682547 0.42356462 
375.00000000 0.03362439 0.07476974 0.03281959 0.12345762 0.25600916 0.05696596 0.42235355 
376.00000000 0.03373038 0.07479695 0.03289170 0.12366244 0.25664877 0.05710562 0.42116413 
377.00000000 0.03383561 0.07482933 0.03296091 0.12388083 0.25724813 0.05724372 0.42000147 
378.00000000 0.03393789 0.07487114 0.03302407 0.12411097 0.25780842 0.05738130 0.41886622 
379.00000000 0.03403467 0.07492293 0.03307968 0.12435483 0.25833137 0.05752111 0.41775541 
380.00000000 0.03412404 0.07498235 0.03312837 0.12461573 0.25881969 0.05766650 0.41666332 
381.00000000 0.03420501 0.07504705 0.03317230 0.12489471 0.25927858 0.05781987 0.41558248 
382.00000000 0.03427697 0.07511764 0.03321402 0.12518826 0.25971628 0.05798141 0.41450541 
383.00000000 0.03433887 0.07519802 0.03325549 0.12548924 0.26014205 0.05814904 0.41342729 
384.00000000 0.03438904 0.07529306 0.03329763 0.12579057 0.26056177 0.05831942 0.41234851 
385.00000000 0.03442623 0.07540509 0.03334064 0.12608963 0.26097317 0.05848952 0.41127571 
386.00000000 0.03445108 0.07553226 0.03338444 0.12639055 0.26136358 0.05865783 0.41022025 
387.00000000 0.03446692 0.07566987 0.03342895 0.12670300 0.26171213 0.05882468 0.40919446 
388.00000000 0.03447919 0.07581387 0.03347392 0.12703805 0.26199653 0.05899132 0.40820710 
389.00000000 0.03449372 0.07596377 0.03351854 0.12740355 0.26220181 0.05915857 0.40726004 
390.00000000 0.03451477 0.07612294 0.03356137 0.12780151 0.26232670 0.05932578 0.40634693 
391.00000000 0.03454402 0.07629633 0.03360083 0.12822893 0.26238459 0.05949096 0.40545434 
392.00000000 0.03458090 0.07648724 0.03363607 0.12868109 0.26239802 0.05965199 0.40456469 
393.00000000 0.03462374 0.07669573 0.03366770 0.12915474 0.26238971 0.05980812 0.40366026 
394.00000000 0.03467094 0.07691948 0.03369776 0.12964913 0.26237492 0.05996075 0.40272702 
395.00000000 0.03472118 0.07715652 0.03372904 0.13016426 0.26235906 0.06011283 0.40175711 
396.00000000 0.03477297 0.07740734 0.03376392 0.13069789 0.26234094 0.06026717 0.40074976 
397.00000000 0.03482386 0.07767504 0.03380347 0.13124372 0.26231814 0.06042470 0.39971107 
398.00000000 0.03487065 0.07796311 0.03384709 0.13179229 0.26228999 0.06058388 0.39865299 
399.00000000 0.03491059 0.07827272 0.03389286 0.13233441 0.26225637 0.06074157 0.39759148 
400.00000000 0.03494292 0.07860114 0.03393850 0.13286472 0.26221421 0.06089492 0.39654359 
401.00000000 0.03496961 0.07894235 0.03398210 0.13338321 0.26215581 0.06104310 0.39552383 
402.00000000 0.03499456 0.07928906 0.03402259 0.13389359 0.26207147 0.06118764 0.39454108 
403.00000000 0.03502176 0.07963453 0.03405976 0.13439964 0.26195527 0.06133144 0.39359760 
404.00000000 0.03505351 0.07997315 0.03409404 0.13490185 0.26181009 0.06147691 0.39269047 
405.00000000 0.03508963 0.08029989 0.03412630 0.13539670 0.26164792 0.06162471 0.39181486 
406.00000000 0.03512825 0.08060998 0.03415777 0.13587880 0.26148434 0.06177364 0.39096723 
407.00000000 0.03516721 0.08089953 0.03418988 0.13634465 0.26132957 0.06192196 0.39014720 
408.00000000 0.03520527 0.08116740 0.03422391 0.13679545 0.26118134 0.06206905 0.38935758 
409.00000000 0.03524235 0.08141700 0.03426061 0.13723708 0.26102406 0.06221629 0.38860261 
410.00000000 0.03527877 0.08165642 0.03430004 0.13767732 0.26083561 0.06236643 0.38788541 
411.00000000 0.03531439 0.08189637 0.03434173 0.13812201 0.26059780 0.06252180 0.38720589 
412.00000000 0.03534842 0.08214690 0.03438513 0.13857253 0.26030462 0.06268248 0.38655992 
413.00000000 0.03538005 0.08241489 0.03443007 0.13902628 0.25996322 0.06284571 0.38593978 
414.00000000 0.03540950 0.08270348 0.03447696 0.13947930 0.25958839 0.06300700 0.38533537 
415.00000000 0.03543852 0.08301304 0.03452657 0.13992926 0.25919450 0.06316232 0.38473579 
416.00000000 0.03547009 0.08334240 0.03457958 0.14037633 0.25879048 0.06330998 0.38413114 
417.00000000 0.03550724 0.08368896 0.03463602 0.14082161 0.25838010 0.06345125 0.38351481 
418.00000000 0.03555175 0.08404770 0.03469524 0.14126442 0.25796575 0.06358930 0.38288584 
419.00000000 0.03560340 0.08441024 0.03475606 0.14170076 0.25755172 0.06372732 0.38225050 
420.00000000 0.03566012 0.08476556 0.03481727 0.14212455 0.25714368 0.06386688 0.38162194 
421.00000000 0.03571897 0.08510257 0.03487799 0.14253094 0.25674461 0.06400750 0.38101742 
422.00000000 0.03577716 0.08541381 0.03493779 0.14291969 0.25635017 0.06414764 0.38045374 
423.00000000 0.03583265 0.08569814 0.03499663 0.14329612 0.25594776 0.06428614 0.37994256 
424.00000000 0.03588412 0.08596110 0.03505454 0.14366857 0.25552094 0.06442317 0.37948755 
425.00000000 0.03593074 0.08621224 0.03511154 0.14404375 0.25505747 0.06456009 0.37908416 
426.00000000 0.03597215 0.08646093 0.03516772 0.14442285 0.25455608 0.06469832 0.37872195 
427.00000000 0.03600871 0.08671284 0.03522339 0.14480097 0.25402779 0.06483830 0.37838800 
428.00000000 0.03604168 0.08696901 0.03527923 0.14517024 0.25349085 0.06497919 0.37806980 
429.00000000 0.03607303 0.08722738 0.03533605 0.14552463 0.25296237 0.06511976 0.37775678 
430.00000000 0.03610490 0.08748545 0.03539431 0.14586336 0.25245172 0.06525963 0.37744063 
431.00000000 0.03613878 0.08774198 0.03545368 0.14619080 0.25195908 0.06540018 0.37711551 
432.00000000 0.03617496 0.08799676 0.03551294 0.14651336 0.25147917 0.06554427 0.37677853 
433.00000000 0.03621258 0.08824912 0.03557038 0.14683567 0.25100692 0.06569497 0.37643036 
434.00000000 0.03625027 0.08849678 0.03562463 0.14715870 0.25054093 0.06585379 0.37607489 
435.00000000 0.03628729 0.08873635 0.03567542 0.14748102 0.25008287 0.06601952 0.37571754 
436.00000000 0.03632441 0.08896525 0.03572392 0.14780202 0.24963380 0.06618815 0.37536244 
437.00000000 0.03636409 0.08918360 0.03577260 0.14812460 0.24919127 0.06635409 0.37500975 
438.00000000 0.03640977 0.08939450 0.03582447 0.14845490 0.24874968 0.06651180 0.37465488 
439.00000000 0.03646476 0.08960224 0.03588217 0.14879918 0.24830401 0.06665745 0.37429019 
