0.00000000 0.00009100 0.00824756 0.00398765 0.00044719 0.21730518 0.00593771 0.76398371 
1.00000000 0.00009095 0.00824607 0.00398697 0.00044704 0.21729610 0.00593675 0.76399611 
2.00000000 0.00009082 0.00824140 0.00398479 0.00044680 0.21726608 0.00593383 0.76403628 
3.00000000 0.00009065 0.00823322 0.00398084 0.00044688 0.21720954 0.00592898 0.76410989 
4.00000000 0.00009052 0.00822136 0.00397502 0.00044780 0.21712157 0.00592240 0.76422132 
5.00000000 0.00009050 0.00820613 0.00396754 0.00045008 0.21700168 0.00591439 0.76436967 
6.00000000 0.00009070 0.00818850 0.00395890 0.00045430 0.21685566 0.00590512 0.76454684 
7.00000000 0.00009118 0.00816991 0.00394968 0.00046124 0.21669381 0.00589465 0.76473953 
8.00000000 0.00009201 0.00815195 0.00394030 0.00047216 0.21652645 0.00588300 0.76493413 
9.00000000 0.00009330 0.00813586 0.00393086 0.00048891 0.21635953 0.00587030 0.76512123 
10.00000000 0.00009523 0.00812251 0.00392126 0.00051380 0.21619379 0.00585698 0.76529644 
11.00000000 0.00009803 0.00811265 0.00391153 0.00054913 0.21602837 0.00584374 0.76545655 
12.00000000 0.00010194 0.00810751 0.00390215 0.00059665 0.21586680 0.00583141 0.76559354 
13.00000000 0.00010716 0.00810912 0.00389417 0.00065714 0.21572147 0.00582066 0.76569029 
14.00000000 0.00011379 0.00812030 0.00388894 0.00073085 0.21561290 0.00581180 0.76572142 
15.00000000 0.00012191 0.00814384 0.00388770 0.00081881 0.21556359 0.00580476 0.76565939 
16.00000000 0.00013162 0.00818168 0.00389111 0.00092405 0.21558948 0.00579933 0.76548273 
17.00000000 0.00014310 0.00823441 0.00389920 0.00105179 0.21569426 0.00579549 0.76518176 
18.00000000 0.00015666 0.00830165 0.00391162 0.00120812 0.21587008 0.00579367 0.76475820 
19.00000000 0.00017269 0.00838296 0.00392811 0.00139792 0.21610445 0.00579473 0.76421914 
20.00000000 0.00019154 0.00847878 0.00394889 0.00162290 0.21638955 0.00579970 0.76356863 
21.00000000 0.00021346 0.00859085 0.00397477 0.00188114 0.21672852 0.00580934 0.76280193 
22.00000000 0.00023860 0.00872163 0.00400680 0.00216904 0.21713464 0.00582392 0.76190537 
23.00000000 0.00026707 0.00887321 0.00404588 0.00248495 0.21762387 0.00584311 0.76086193 
24.00000000 0.00029899 0.00904615 0.00409231 0.00283188 0.21820500 0.00586640 0.75965927 
25.00000000 0.00033463 0.00923956 0.00414579 0.00321716 0.21887388 0.00589355 0.75829544 
26.00000000 0.00037435 0.00945205 0.00420558 0.00364917 0.21961521 0.00592492 0.75677872 
27.00000000 0.00041862 0.00968316 0.00427096 0.00413312 0.22041111 0.00596148 0.75512156 
28.00000000 0.00046789 0.00993422 0.00434166 0.00466812 0.22125158 0.00600440 0.75333213 
29.00000000 0.00052258 0.01020815 0.00441793 0.00524748 0.22214088 0.00605458 0.75140840 
30.00000000 0.00058299 0.01050832 0.00450042 0.00586269 0.22309582 0.00611227 0.74933748 
31.00000000 0.00064933 0.01083680 0.00458975 0.00650945 0.22413674 0.00617706 0.74710088 
32.00000000 0.00072165 0.01119304 0.00468609 0.00719176 0.22527637 0.00624824 0.74468286 
33.00000000 0.00079979 0.01157409 0.00478897 0.00792114 0.22651354 0.00632540 0.74207707 
34.00000000 0.00088349 0.01197627 0.00489741 0.00871151 0.22783487 0.00640879 0.73928767 
35.00000000 0.00097250 0.01239726 0.00501033 0.00957288 0.22922285 0.00649935 0.73632483 
36.00000000 0.00106681 0.01283748 0.00512700 0.01050690 0.23066509 0.00659834 0.73319839 
37.00000000 0.00116677 0.01329976 0.00524724 0.01150654 0.23215941 0.00670680 0.72991348 
38.00000000 0.00127307 0.01378749 0.00537130 0.01256078 0.23371189 0.00682517 0.72647029 
39.00000000 0.00138642 0.01430196 0.00549943 0.01366224 0.23532866 0.00695321 0.72286808 
40.00000000 0.00150701 0.01484043 0.00563143 0.01481277 0.23700682 0.00709035 0.71911119 
41.00000000 0.00163424 0.01539672 0.00576650 0.01602314 0.23872997 0.00723622 0.71521320 
42.00000000 0.00176689 0.01596445 0.00590347 0.01730688 0.24047076 0.00739113 0.71119642 
43.00000000 0.00190383 0.01654094 0.00604121 0.01867236 0.24219839 0.00755612 0.70708714 
44.00000000 0.00204472 0.01712939 0.00617909 0.02011686 0.24388723 0.00773267 0.70291004 
45.00000000 0.00219061 0.01773749 0.00631697 0.02162583 0.24552230 0.00792200 0.69868481 
46.00000000 0.00234362 0.01837354 0.00645501 0.02317860 0.24709874 0.00812463 0.69442586 
47.00000000 0.00250600 0.01904188 0.00659328 0.02475823 0.24861587 0.00834028 0.69014446 
48.00000000 0.00267884 0.01974063 0.00673145 0.02635928 0.25007003 0.00856812 0.68585164 
49.00000000 0.00286140 0.02046335 0.00686878 0.02798850 0.25145127 0.00880739 0.68155931 
50.00000000 0.00305145 0.02120420 0.00700438 0.02965843 0.25274544 0.00905784 0.67727826 
51.00000000 0.00324655 0.02196302 0.00713754 0.03137824 0.25394022 0.00931985 0.67301458 
52.00000000 0.00344543 0.02274686 0.00726800 0.03314660 0.25503136 0.00959410 0.66876765 
53.00000000 0.00364882 0.02356667 0.00739594 0.03495029 0.25602567 0.00988099 0.66453162 
54.00000000 0.00385903 0.02443142 0.00752174 0.03677018 0.25693893 0.01018030 0.66029840 
55.00000000 0.00407856 0.02534310 0.00764563 0.03859170 0.25779017 0.01049110 0.65605974 
56.00000000 0.00430825 0.02629504 0.00776748 0.04041323 0.25859607 0.01081212 0.65180781 
57.00000000 0.00454623 0.02727478 0.00788675 0.04224688 0.25936796 0.01114218 0.64753522 
58.00000000 0.00478835 0.02827001 0.00800269 0.04411157 0.26011199 0.01148050 0.64323489 
59.00000000 0.00502993 0.02927411 0.00811460 0.04602291 0.26083127 0.01182681 0.63890037 
60.00000000 0.00526780 0.03028797 0.00822203 0.04798513 0.26152857 0.01218110 0.63452739 
61.00000000 0.00550164 0.03131697 0.00832486 0.04998893 0.26220852 0.01254325 0.63011584 
62.00000000 0.00573383 0.03236543 0.00842310 0.05201664 0.26287798 0.01291282 0.62567020 
63.00000000 0.00596795 0.03343187 0.00851678 0.05405231 0.26354435 0.01328904 0.62119769 
64.00000000 0.00620646 0.03450751 0.00860588 0.05609025 0.26421251 0.01367094 0.61670644 
65.00000000 0.00644902 0.03557894 0.00869035 0.05813669 0.26488151 0.01405757 0.61220591 
66.00000000 0.00669267 0.03663407 0.00877018 0.06020407 0.26554238 0.01444804 0.60770860 
67.00000000 0.00693357 0.03766834 0.00884535 0.06230194 0.26617859 0.01484156 0.60323066 
68.00000000 0.00716936 0.03868692 0.00891584 0.06442933 0.26677055 0.01523733 0.59879067 
69.00000000 0.00740062 0.03970137 0.00898164 0.06657237 0.26730242 0.01563448 0.59440709 
70.00000000 0.00763083 0.04072298 0.00904269 0.06870869 0.26776744 0.01603219 0.59009518 
71.00000000 0.00786473 0.04175721 0.00909899 0.07081672 0.26816815 0.01642977 0.58586443 
72.00000000 0.00810590 0.04280216 0.00915078 0.07288450 0.26851142 0.01682683 0.58171840 
73.00000000 0.00835489 0.04385122 0.00919867 0.07491267 0.26880119 0.01722318 0.57765818 
74.00000000 0.00860917 0.04489844 0.00924344 0.07691057 0.26903270 0.01761864 0.57368704 
75.00000000 0.00886478 0.04594342 0.00928565 0.07888852 0.26919213 0.01801284 0.56981266 
76.00000000 0.00911844 0.04699192 0.00932536 0.08085066 0.26926298 0.01840517 0.56604548 
77.00000000 0.00936874 0.04805177 0.00936196 0.08279196 0.26923595 0.01879498 0.56239465 
78.00000000 0.00961626 0.04912708 0.00939437 0.08470073 0.26911598 0.01918187 0.55886371 
79.00000000 0.00986257 0.05021519 0.00942151 0.08656517 0.26892153 0.01956604 0.55544799 
80.00000000 0.01010873 0.05130759 0.00944294 0.08837992 0.26867626 0.01994833 0.55213623 
81.00000000 0.01035393 0.05239319 0.00945920 0.09014873 0.26839752 0.02032998 0.54891744 
82.00000000 0.01059536 0.05346189 0.00947155 0.09188186 0.26808744 0.02071213 0.54578978 
83.00000000 0.01082914 0.05450714 0.00948120 0.09359056 0.26773178 0.02109547 0.54276470 
84.00000000 0.01105172 0.05552625 0.00948854 0.09528203 0.26730811 0.02148014 0.53986320 
85.00000000 0.01126085 0.05651837 0.00949287 0.09695699 0.26679871 0.02186600 0.53710621 
86.00000000 0.01145623 0.05748231 0.00949275 0.09861052 0.26620062 0.02225297 0.53450459 
87.00000000 0.01163977 0.05841623 0.00948694 0.10023516 0.26552687 0.02264143 0.53205360 
88.00000000 0.01181484 0.05931911 0.00947540 0.10182464 0.26479801 0.02303236 0.52973563 
89.00000000 0.01198490 0.06019176 0.00945971 0.10337593 0.26402916 0.02342720 0.52753133 
90.00000000 0.01215213 0.06103637 0.00944253 0.10488866 0.26321970 0.02382742 0.52543319 
91.00000000 0.01231682 0.06185530 0.00942640 0.10636317 0.26235210 0.02423402 0.52345220 
92.00000000 0.01247760 0.06264980 0.00941260 0.10779924 0.26140084 0.02464732 0.52161260 
93.00000000 0.01263238 0.06341902 0.00940091 0.10919612 0.26034658 0.02506692 0.51993806 
94.00000000 0.01277978 0.06416048 0.00939022 0.11055281 0.25918783 0.02549183 0.51843706 
95.00000000 0.01292057 0.06487250 0.00937957 0.11186818 0.25794323 0.02592094 0.51709500 
96.00000000 0.01305783 0.06555729 0.00936922 0.11314124 0.25664303 0.02635350 0.51587790 
97.00000000 0.01319539 0.06622132 0.00936087 0.11437125 0.25531395 0.02678926 0.51474796 
98.00000000 0.01333576 0.06687182 0.00935691 0.11555740 0.25396669 0.02722824 0.51368318 
99.00000000 0.01347840 0.06751151 0.00935914 0.11669865 0.25259330 0.02767018 0.51268882 
100.00000000 0.01361943 0.06813515 0.00936793 0.11779475 0.25117583 0.02811431 0.51179259 
101.00000000 0.01375293 0.06873042 0.00938229 0.11884800 0.24970051 0.02855929 0.51102657 
102.00000000 0.01387335 0.06928337 0.00940078 0.11986347 0.24816916 0.02900339 0.51040648 
103.00000000 0.01397817 0.06978633 0.00942263 0.12084726 0.24660095 0.02944492 0.50991974 
104.00000000 0.01406885 0.07024352 0.00944845 0.12180399 0.24502321 0.02988258 0.50952940 
105.00000000 0.01414970 0.07066975 0.00948003 0.12273498 0.24345641 0.03031557 0.50919355 
106.00000000 0.01422520 0.07108187 0.00951933 0.12363715 0.24190349 0.03074331 0.50888964 
107.00000000 0.01429744 0.07148829 0.00956720 0.12450337 0.24035039 0.03116520 0.50862810 
108.00000000 0.01436489 0.07188367 0.00962280 0.12532515 0.23877691 0.03158082 0.50844576 
109.00000000 0.01442325 0.07225245 0.00968415 0.12609687 0.23716977 0.03199010 0.50838341 
110.00000000 0.01446798 0.07257912 0.00974939 0.12681822 0.23553048 0.03239335 0.50846148 
111.00000000 0.01449725 0.07285897 0.00981794 0.12749312 0.23387468 0.03279096 0.50866709 
112.00000000 0.01451358 0.07310298 0.00989079 0.12812649 0.23222386 0.03318317 0.50895912 
113.00000000 0.01452314 0.07333308 0.00996979 0.12872117 0.23059421 0.03356982 0.50928879 
114.00000000 0.01453319 0.07357013 0.01005610 0.12927594 0.22898995 0.03395021 0.50962448 
115.00000000 0.01454910 0.07382191 0.01014892 0.12978550 0.22740567 0.03432336 0.50996553 
116.00000000 0.01457223 0.07407891 0.01024545 0.13024324 0.22583518 0.03468870 0.51033629 
117.00000000 0.01459987 0.07432062 0.01034216 0.13064560 0.22427959 0.03504661 0.51076555 
118.00000000 0.01462721 0.07452787 0.01043661 0.13099465 0.22275003 0.03539840 0.51126522 
119.00000000 0.01465038 0.07469387 0.01052866 0.13129672 0.22126454 0.03574570 0.51182012 
120.00000000 0.01466883 0.07482766 0.01062026 0.13155922 0.21984085 0.03608960 0.51239358 
121.00000000 0.01468585 0.07494811 0.01071409 0.13178815 0.21848816 0.03642998 0.51294567 
122.00000000 0.01470710 0.07507211 0.01081166 0.13198658 0.21720316 0.03676512 0.51345427 
123.00000000 0.01473792 0.07520400 0.01091215 0.13215398 0.21597379 0.03709228 0.51392588 
124.00000000 0.01478066 0.07533326 0.01101276 0.13228702 0.21478808 0.03740903 0.51438919 
125.00000000 0.01483357 0.07544200 0.01111042 0.13238171 0.21364070 0.03771463 0.51487697 
126.00000000 0.01489179 0.07551721 0.01120363 0.13243526 0.21253263 0.03801057 0.51540891 
127.00000000 0.01495007 0.07555978 0.01129336 0.13244639 0.21146549 0.03829980 0.51598512 
128.00000000 0.01500541 0.07558498 0.01138248 0.13241504 0.21043454 0.03858525 0.51659231 
129.00000000 0.01505845 0.07561459 0.01147424 0.13234223 0.20942470 0.03886821 0.51721757 
130.00000000 0.01511295 0.07566537 0.01157048 0.13222951 0.20841321 0.03914744 0.51786104 
131.00000000 0.01517346 0.07574086 0.01167060 0.13207744 0.20737932 0.03941969 0.51853862 
132.00000000 0.01524274 0.07583174 0.01177204 0.13188482 0.20631495 0.03968153 0.51927218 
133.00000000 0.01532010 0.07592417 0.01187183 0.13164972 0.20522771 0.03993141 0.52007506 
134.00000000 0.01540190 0.07601020 0.01196822 0.13137139 0.20413350 0.04017076 0.52094403 
135.00000000 0.01548370 0.07609288 0.01206154 0.13105148 0.20304392 0.04040352 0.52186296 
136.00000000 0.01556245 0.07618347 0.01215381 0.13069438 0.20195715 0.04063438 0.52281435 
137.00000000 0.01563787 0.07629318 0.01224760 0.13030670 0.20085769 0.04086650 0.52379047 
138.00000000 0.01571211 0.07642503 0.01234453 0.12989565 0.19972626 0.04109987 0.52479655 
139.00000000 0.01578837 0.07657070 0.01244443 0.12946694 0.19855505 0.04133125 0.52584327 
140.00000000 0.01586901 0.07671406 0.01254557 0.12902393 0.19735858 0.04155591 0.52693294 
141.00000000 0.01595443 0.07683937 0.01264588 0.12856911 0.19617119 0.04177037 0.52804964 
142.00000000 0.01604323 0.07693855 0.01274419 0.12810635 0.19503089 0.04197453 0.52916227 
143.00000000 0.01613321 0.07701297 0.01284079 0.12764186 0.19395941 0.04217218 0.53023958 
144.00000000 0.01622242 0.07706938 0.01293714 0.12718335 0.19295070 0.04236948 0.53126753 
145.00000000 0.01630969 0.07711378 0.01303497 0.12673777 0.19197493 0.04257197 0.53225688 
146.00000000 0.01639480 0.07714688 0.01313536 0.12630871 0.19099688 0.04278173 0.53323565 
147.00000000 0.01647846 0.07716362 0.01323819 0.12589491 0.18999892 0.04299624 0.53422967 
148.00000000 0.01656188 0.07715658 0.01334253 0.12549146 0.18899486 0.04320984 0.53524285 
149.00000000 0.01664636 0.07712153 0.01344751 0.12509344 0.18802423 0.04341707 0.53624986 
150.00000000 0.01673297 0.07706122 0.01355295 0.12469973 0.18712955 0.04361596 0.53720762 
151.00000000 0.01682230 0.07698493 0.01365949 0.12431420 0.18633017 0.04380950 0.53807941 
152.00000000 0.01691421 0.07690416 0.01376831 0.12394340 0.18560906 0.04400436 0.53885650 
153.00000000 0.01700783 0.07682788 0.01388057 0.12359206 0.18492071 0.04420762 0.53956334 
154.00000000 0.01710197 0.07675974 0.01399704 0.12325880 0.18421708 0.04442298 0.54024239 
155.00000000 0.01719588 0.07669799 0.01411786 0.12293462 0.18347765 0.04464884 0.54092717 
156.00000000 0.01728954 0.07663792 0.01424267 0.12260580 0.18272509 0.04487925 0.54161974 
157.00000000 0.01738362 0.07657596 0.01437113 0.12226013 0.18201510 0.04510729 0.54228677 
158.00000000 0.01747898 0.07651291 0.01450324 0.12189303 0.18140552 0.04532907 0.54287726 
159.00000000 0.01757628 0.07645412 0.01463939 0.12150981 0.18092324 0.04554597 0.54335119 
160.00000000 0.01767560 0.07640685 0.01478030 0.12112243 0.18054884 0.04576402 0.54370196 
161.00000000 0.01777642 0.07637683 0.01492676 0.12074250 0.18022806 0.04599056 0.54395887 
162.00000000 0.01787801 0.07636576 0.01507921 0.12037438 0.17990427 0.04623009 0.54416828 
163.00000000 0.01797996 0.07637010 0.01523734 0.12001256 0.17955389 0.04648141 0.54436474 
164.00000000 0.01808245 0.07638228 0.01540018 0.11964468 0.17920264 0.04673780 0.54454998 
165.00000000 0.01818609 0.07639464 0.01556674 0.11925877 0.17891085 0.04699021 0.54469270 
166.00000000 0.01829161 0.07640420 0.01573672 0.11885082 0.17873603 0.04723179 0.54474884 
167.00000000 0.01839957 0.07641504 0.01591087 0.11842832 0.17869602 0.04746100 0.54468918 
168.00000000 0.01851028 0.07643670 0.01609081 0.11800765 0.17875560 0.04768164 0.54451732 
169.00000000 0.01862393 0.07647994 0.01627830 0.11760671 0.17884406 0.04789988 0.54426718 
170.00000000 0.01874083 0.07655181 0.01647415 0.11723714 0.17889408 0.04811992 0.54398207 
171.00000000 0.01886162 0.07665187 0.01667738 0.11690019 0.17887999 0.04834078 0.54368817 
172.00000000 0.01898712 0.07677205 0.01688542 0.11658797 0.17883207 0.04855604 0.54337932 
173.00000000 0.01911785 0.07690118 0.01709536 0.11628916 0.17881678 0.04875707 0.54302259 
174.00000000 0.01925351 0.07703194 0.01730535 0.11599658 0.17889468 0.04893776 0.54258017 
175.00000000 0.01939267 0.07716549 0.01751543 0.11571277 0.17908273 0.04909799 0.54203292 
176.00000000 0.01953318 0.07731112 0.01772730 0.11544999 0.17934411 0.04924354 0.54139076 
177.00000000 0.01967301 0.07748158 0.01794317 0.11522478 0.17961035 0.04938278 0.54068433 
178.00000000 0.01981113 0.07768657 0.01816415 0.11505042 0.17982197 0.04952189 0.53994388 
179.00000000 0.01994791 0.07792705 0.01838902 0.11493093 0.17996447 0.04966146 0.53917916 
180.00000000 0.02008471 0.07819346 0.01861444 0.11485938 0.18007827 0.04979647 0.53837327 
181.00000000 0.02022268 0.07846976 0.01883660 0.11482132 0.18023537 0.04991977 0.53749450 
182.00000000 0.02036158 0.07874168 0.01905311 0.11480227 0.18049638 0.05002705 0.53651793 
183.00000000 0.02049936 0.07900396 0.01926435 0.11479527 0.18087492 0.05011990 0.53544223 
184.00000000 0.02063295 0.07926281 0.01947336 0.11480389 0.18133100 0.05020498 0.53429101 
185.00000000 0.02076009 0.07953254 0.01968466 0.11483890 0.18179567 0.05028980 0.53309834 
186.00000000 0.02088106 0.07982806 0.01990204 0.11491133 0.18221106 0.05037817 0.53188828 
187.00000000 0.02099916 0.08015623 0.02012662 0.11502587 0.18256283 0.05046780 0.53066150 
188.00000000 0.02111975 0.08051044 0.02035633 0.11517760 0.18288623 0.05055181 0.52939782 
189.00000000 0.02124828 0.08087258 0.02058722 0.11535394 0.18324187 0.05062318 0.52807293 
190.00000000 0.02138830 0.08122195 0.02081567 0.11554098 0.18367581 0.05067948 0.52667781 
191.00000000 0.02154061 0.08154619 0.02104042 0.11573082 0.18418991 0.05072471 0.52522735 
192.00000000 0.02170381 0.08184772 0.02126328 0.11592493 0.18474076 0.05076705 0.52375245 
193.00000000 0.02187603 0.08214239 0.02148834 0.11613205 0.18526597 0.05081412 0.52228109 
194.00000000 0.02205667 0.08245060 0.02171953 0.11636285 0.18572030 0.05086908 0.52082097 
195.00000000 0.02224714 0.08278519 0.02195798 0.11662479 0.18610036 0.05092966 0.51935488 
196.00000000 0.02245048 0.08314244 0.02220076 0.11691917 0.18644455 0.05099069 0.51785192 
197.00000000 0.02267023 0.08350225 0.02244179 0.11724147 0.18680899 0.05104819 0.51628708 
198.00000000 0.02290892 0.08383806 0.02267449 0.11758483 0.18723473 0.05110288 0.51465609 
199.00000000 0.02316684 0.08413105 0.02289445 0.11794442 0.18772670 0.05116059 0.51297594 
200.00000000 0.02344157 0.08438019 0.02310120 0.11831918 0.18825659 0.05122950 0.51127177 
201.00000000 0.02372847 0.08460248 0.02329790 0.11871048 0.18878495 0.05131615 0.50955957 
202.00000000 0.02402215 0.08482342 0.02348919 0.11911956 0.18928698 0.05142272 0.50783600 
203.00000000 0.02431815 0.08506263 0.02367827 0.11954585 0.18976678 0.05154697 0.50608135 
204.00000000 0.02461435 0.08532265 0.02386494 0.11998659 0.19025319 0.05168447 0.50427383 
205.00000000 0.02491125 0.08558741 0.02404568 0.12043736 0.19078102 0.05183157 0.50240570 
206.00000000 0.02521117 0.08583186 0.02421570 0.12089362 0.19136934 0.05198748 0.50049083 
207.00000000 0.02551629 0.08603731 0.02437159 0.12135166 0.19201023 0.05215431 0.49855862 
208.00000000 0.02582680 0.08620322 0.02451337 0.12180796 0.19267432 0.05233522 0.49663910 
209.00000000 0.02614001 0.08634867 0.02464482 0.12225737 0.19332816 0.05253217 0.49474879 
210.00000000 0.02645102 0.08650254 0.02477186 0.12269303 0.19395145 0.05274452 0.49288558 
211.00000000 0.02675464 0.08668796 0.02489955 0.12310902 0.19454426 0.05296934 0.49103524 
212.00000000 0.02704757 0.08690983 0.02502964 0.12350395 0.19512107 0.05320253 0.48918542 
213.00000000 0.02732978 0.08715237 0.02515980 0.12388289 0.19569653 0.05344024 0.48733839 
214.00000000 0.02760442 0.08738865 0.02528507 0.12425621 0.19627233 0.05367973 0.48551360 
215.00000000 0.02787607 0.08759646 0.02540044 0.12463540 0.19683370 0.05391982 0.48373811 
216.00000000 0.02814807 0.08777129 0.02550341 0.12502744 0.19735773 0.05416058 0.48203146 
217.00000000 0.02842018 0.08792868 0.02559494 0.12543121 0.19782731 0.05440262 0.48039506 
218.00000000 0.02868823 0.08809485 0.02567847 0.12583897 0.19824102 0.05464634 0.47881213 
219.00000000 0.02894606 0.08829163 0.02575754 0.12624273 0.19861293 0.05489149 0.47725761 
220.00000000 0.02918881 0.08852444 0.02583364 0.12664095 0.19896331 0.05513700 0.47571185 
221.00000000 0.02941560 0.08878024 0.02590546 0.12704082 0.19930652 0.05538102 0.47417034 
222.00000000 0.02963019 0.08903619 0.02597000 0.12745472 0.19964384 0.05562169 0.47264337 
223.00000000 0.02983907 0.08927362 0.02602464 0.12789294 0.19996534 0.05585818 0.47114622 
224.00000000 0.03004764 0.08948893 0.02606891 0.12835668 0.20025945 0.05609150 0.46968689 
225.00000000 0.03025709 0.08969495 0.02610500 0.12883568 0.20052368 0.05632405 0.46825956 
226.00000000 0.03046394 0.08991226 0.02613678 0.12931237 0.20076960 0.05655819 0.46684686 
227.00000000 0.03066286 0.09015655 0.02616820 0.12977060 0.20101860 0.05679475 0.46542845 
228.00000000 0.03085056 0.09042960 0.02620194 0.13020343 0.20129092 0.05703240 0.46399115 
229.00000000 0.03102827 0.09071877 0.02623915 0.13061535 0.20159466 0.05726794 0.46253587 
230.00000000 0.03120126 0.09100410 0.02627998 0.13101830 0.20192138 0.05749774 0.46107723 
231.00000000 0.03137583 0.09126886 0.02632445 0.13142427 0.20225123 0.05771968 0.45963568 
232.00000000 0.03155551 0.09150702 0.02637274 0.13183887 0.20256484 0.05793433 0.45822670 
233.00000000 0.03173883 0.09172357 0.02642492 0.13225956 0.20285474 0.05814420 0.45685419 
234.00000000 0.03192046 0.09192796 0.02648049 0.13267951 0.20312906 0.05835144 0.45551109 
235.00000000 0.03209498 0.09212581 0.02653826 0.13309447 0.20340476 0.05855575 0.45418596 
236.00000000 0.03226060 0.09231441 0.02659694 0.13350802 0.20369465 0.05875393 0.45287145 
237.00000000 0.03242003 0.09248412 0.02665588 0.13393169 0.20399688 0.05894102 0.45157039 
238.00000000 0.03257830 0.09262379 0.02671556 0.13437985 0.20429406 0.05911272 0.45029572 
239.00000000 0.03273882 0.09272686 0.02677720 0.13486281 0.20456258 0.05926790 0.44906383 
240.00000000 0.03290029 0.09279444 0.02684155 0.13538226 0.20478569 0.05940976 0.44788601 
241.00000000 0.03305629 0.09283351 0.02690769 0.13593200 0.20496202 0.05954433 0.44676417 
242.00000000 0.03319836 0.09285156 0.02697272 0.13650306 0.20510407 0.05967711 0.44569313 
243.00000000 0.03332081 0.09285197 0.02703302 0.13708976 0.20522792 0.05981013 0.44466638 
244.00000000 0.03342415 0.09283349 0.02708624 0.13769238 0.20534104 0.05994129 0.44368141 
245.00000000 0.03351439 0.09279332 0.02713301 0.13831478 0.20543644 0.06006602 0.44274204 
246.00000000 0.03359898 0.09273090 0.02717710 0.13895876 0.20549687 0.06018035 0.44185704 
247.00000000 0.03368200 0.09264957 0.02722361 0.13961933 0.20550589 0.06028388 0.44103572 
248.00000000 0.03376148 0.09255547 0.02727620 0.14028450 0.20545803 0.06038091 0.44028340 
249.00000000 0.03383053 0.09245392 0.02733482 0.14094003 0.20536183 0.06047881 0.43960006 
250.00000000 0.03388177 0.09234588 0.02739552 0.14157613 0.20523412 0.06058422 0.43898236 
251.00000000 0.03391252 0.09222734 0.02745264 0.14219184 0.20508958 0.06069970 0.43842639 
252.00000000 0.03392739 0.09209283 0.02750201 0.14279401 0.20493194 0.06082281 0.43792903 
253.00000000 0.03393615 0.09194022 0.02754332 0.14339175 0.20475314 0.06094798 0.43748744 
254.00000000 0.03394839 0.09177308 0.02758024 0.14398972 0.20454137 0.06106993 0.43709727 
255.00000000 0.03396821 0.09159898 0.02761800 0.14458450 0.20429321 0.06118700 0.43675011 
256.00000000 0.03399214 0.09142566 0.02765996 0.14516616 0.20402147 0.06130267 0.43643195 
257.00000000 0.03401115 0.09125722 0.02770530 0.14572413 0.20375317 0.06142421 0.43612481 
258.00000000 0.03401573 0.09109270 0.02774912 0.14625379 0.20351819 0.06155919 0.43581127 
259.00000000 0.03400113 0.09092812 0.02778509 0.14675984 0.20333506 0.06171193 0.43547885 
260.00000000 0.03396975 0.09076127 0.02780894 0.14725437 0.20320252 0.06188207 0.43512109 
261.00000000 0.03392911 0.09059560 0.02782080 0.14775063 0.20310297 0.06206576 0.43473513 
262.00000000 0.03388673 0.09044005 0.02782503 0.14825576 0.20301627 0.06225848 0.43431768 
263.00000000 0.03384540 0.09030510 0.02782770 0.14876634 0.20293524 0.06245797 0.43386226 
264.00000000 0.03380158 0.09019809 0.02783331 0.14926947 0.20287233 0.06266563 0.43335959 
265.00000000 0.03374767 0.09012098 0.02784282 0.14974882 0.20285239 0.06288590 0.43280143 
266.00000000 0.03367677 0.09007131 0.02785380 0.15019281 0.20289562 0.06312370 0.43218599 
267.00000000 0.03358714 0.09004581 0.02786274 0.15060048 0.20300161 0.06338147 0.43152074 
268.00000000 0.03348384 0.09004441 0.02786759 0.15098165 0.20314478 0.06365774 0.43081999 
269.00000000 0.03337632 0.09007185 0.02786937 0.15135119 0.20328520 0.06394769 0.43009838 
270.00000000 0.03327384 0.09013526 0.02787179 0.15172033 0.20338911 0.06424516 0.42936451 
271.00000000 0.03318159 0.09023933 0.02787923 0.15208983 0.20344683 0.06454495 0.42861824 
272.00000000 0.03309988 0.09038281 0.02789456 0.15244893 0.20347696 0.06484430 0.42785255 
273.00000000 0.03302636 0.09055887 0.02791792 0.15278096 0.20351415 0.06514322 0.42705851 
274.00000000 0.03295953 0.09075850 0.02794725 0.15307278 0.20358761 0.06544322 0.42623112 
275.00000000 0.03290132 0.09097455 0.02797986 0.15332273 0.20370342 0.06574541 0.42537271 
276.00000000 0.03285716 0.09120422 0.02801410 0.15354239 0.20384141 0.06604905 0.42449166 
277.00000000 0.03283348 0.09144827 0.02805007 0.15375121 0.20396857 0.06635140 0.42359701 
278.00000000 0.03283434 0.09170725 0.02808895 0.15396663 0.20406123 0.06664869 0.42269292 
279.00000000 0.03285954 0.09197719 0.02813158 0.15419529 0.20412227 0.06693759 0.42177654 
280.00000000 0.03290519 0.09224791 0.02817712 0.15443018 0.20418275 0.06721663 0.42084021 
281.00000000 0.03296626 0.09250539 0.02822294 0.15465545 0.20428620 0.06748692 0.41987684 
282.00000000 0.03303940 0.09273644 0.02826571 0.15485641 0.20446446 0.06775153 0.41888606 
283.00000000 0.03312424 0.09293266 0.02830309 0.15502887 0.20471939 0.06801371 0.41787804 
284.00000000 0.03322273 0.09309159 0.02833471 0.15518240 0.20502170 0.06827511 0.41687176 
285.00000000 0.03333666 0.09321485 0.02836198 0.15533562 0.20532785 0.06853512 0.41588792 
286.00000000 0.03346527 0.09330428 0.02838661 0.15550623 0.20560464 0.06879164 0.41494133 
287.00000000 0.03360449 0.09335854 0.02840899 0.15570123 0.20584671 0.06904253 0.41403750 
288.00000000 0.03374847 0.09337222 0.02842742 0.15591290 0.20607702 0.06928704 0.41317492 
289.00000000 0.03389251 0.09333797 0.02843902 0.15612300 0.20633046 0.06952632 0.41235072 
290.00000000 0.03403540 0.09324981 0.02844178 0.15631280 0.20663099 0.06976264 0.41156657 
291.00000000 0.03417971 0.09310542 0.02843641 0.15647298 0.20697648 0.06999770 0.41083130 
292.00000000 0.03432959 0.09290657 0.02842654 0.15660744 0.20734055 0.07023130 0.41015801 
293.00000000 0.03448760 0.09265806 0.02841729 0.15672911 0.20768965 0.07046143 0.40955687 
294.00000000 0.03465237 0.09236616 0.02841264 0.15685052 0.20800363 0.07068565 0.40902902 
295.00000000 0.03481888 0.09203679 0.02841337 0.15697489 0.20828752 0.07090254 0.40856601 
296.00000000 0.03498121 0.09167403 0.02841653 0.15709299 0.20856837 0.07111251 0.40815438 
297.00000000 0.03513608 0.09127914 0.02841716 0.15718792 0.20888016 0.07131750 0.40778205 
298.00000000 0.03528478 0.09085044 0.02841118 0.15724487 0.20924598 0.07151994 0.40744281 
299.00000000 0.03543213 0.09038425 0.02839780 0.15725958 0.20966784 0.07172140 0.40713698 
300.00000000 0.03558309 0.08987730 0.02838011 0.15724038 0.21012974 0.07192199 0.40686739 
301.00000000 0.03573909 0.08932987 0.02836340 0.15720303 0.21061080 0.07212079 0.40663303 
302.00000000 0.03589657 0.08874793 0.02835227 0.15716232 0.21109893 0.07231698 0.40642500 
303.00000000 0.03604880 0.08814225 0.02834774 0.15712540 0.21159687 0.07251084 0.40622809 
304.00000000 0.03618984 0.08752423 0.02834620 0.15709052 0.21211862 0.07270391 0.40602668 
305.00000000 0.03631832 0.08690047 0.02834093 0.15705144 0.21267959 0.07289846 0.40581080 
306.00000000 0.03643840 0.08626952 0.02832582 0.15700435 0.21328670 0.07309640 0.40557880 
307.00000000 0.03655729 0.08562307 0.02829905 0.15695233 0.21393445 0.07329835 0.40533546 
308.00000000 0.03668072 0.08495120 0.02826469 0.15690443 0.21460920 0.07350349 0.40508626 
309.00000000 0.03680941 0.08424921 0.02823101 0.15687095 0.21529780 0.07371038 0.40483124 
310.00000000 0.03693859 0.08352205 0.02820644 0.15685850 0.21599332 0.07391819 0.40456290 
311.00000000 0.03706115 0.08278377 0.02819522 0.15686767 0.21669443 0.07412746 0.40427030 
312.00000000 0.03717226 0.08205190 0.02819530 0.15689401 0.21740029 0.07433982 0.40394642 
313.00000000 0.03727261 0.08134020 0.02819996 0.15693112 0.21810553 0.07455687 0.40359371 
314.00000000 0.03736815 0.08065377 0.02820242 0.15697409 0.21879891 0.07477871 0.40322396 
315.00000000 0.03746647 0.07998932 0.02820056 0.15702060 0.21946689 0.07500344 0.40285272 
316.00000000 0.03757200 0.07933995 0.02819887 0.15706953 0.22010012 0.07522828 0.40249125 
317.00000000 0.03768312 0.07870196 0.02820637 0.15711893 0.22069722 0.07545147 0.40214093 
318.00000000 0.03779296 0.07808008 0.02823196 0.15716577 0.22126163 0.07567367 0.40179393 
319.00000000 0.03789346 0.07748795 0.02827984 0.15720738 0.22179396 0.07589758 0.40143983 
320.00000000 0.03797998 0.07694366 0.02834767 0.15724292 0.22228631 0.07612604 0.40107343 
321.00000000 0.03805385 0.07646292 0.02842849 0.15727366 0.22272308 0.07635950 0.40069849 
322.00000000 0.03812132 0.07605352 0.02851519 0.15730230 0.22308782 0.07659479 0.40032507 
323.00000000 0.03818963 0.07571349 0.02860476 0.15733141 0.22337177 0.07682615 0.39996278 
324.00000000 0.03826261 0.07543336 0.02869983 0.15736203 0.22357934 0.07704861 0.39961422 
325.00000000 0.03833855 0.07520130 0.02880651 0.15739393 0.22372594 0.07726118 0.39927259 
326.00000000 0.03841160 0.07500842 0.02893046 0.15742834 0.22382852 0.07746780 0.39892486 
327.00000000 0.03847566 0.07485159 0.02907341 0.15747077 0.22389496 0.07767520 0.39855841 
328.00000000 0.03852832 0.07473271 0.02923213 0.15753133 0.22391994 0.07788877 0.39816681 
329.00000000 0.03857244 0.07465571 0.02940029 0.15762181 0.22388943 0.07810905 0.39775127 
330.00000000 0.03861477 0.07462298 0.02957189 0.15775155 0.22379012 0.07833099 0.39731770 
331.00000000 0.03866233 0.07463235 0.02974421 0.15792429 0.22361824 0.07854691 0.39687168 
332.00000000 0.03871889 0.07467565 0.02991825 0.15813752 0.22338335 0.07875165 0.39641468 
333.00000000 0.03878355 0.07473997 0.03009666 0.15838497 0.22310487 0.07894683 0.39594316 
334.00000000 0.03885186 0.07481137 0.03028064 0.15866143 0.22280259 0.07914125 0.39545086 
335.00000000 0.03891877 0.07487958 0.03046832 0.15896671 0.22248692 0.07934692 0.39493278 
336.00000000 0.03898131 0.07494158 0.03065534 0.15930546 0.22215542 0.07957297 0.39438791 
337.00000000 0.03903959 0.07500277 0.03083739 0.15968307 0.22179721 0.07982083 0.39381914 
338.00000000 0.03909580 0.07507458 0.03101289 0.16010079 0.22140158 0.08008363 0.39323073 
339.00000000 0.03915212 0.07516872 0.03118394 0.16055333 0.22096572 0.08035055 0.39262562 
340.00000000 0.03920900 0.07529040 0.03135446 0.16102975 0.22049803 0.08061394 0.39200443 
341.00000000 0.03926444 0.07543488 0.03152672 0.16151749 0.22001536 0.08087471 0.39136639 
342.00000000 0.03931476 0.07558977 0.03169889 0.16200742 0.21953502 0.08114276 0.39071139 
343.00000000 0.03935595 0.07574196 0.03186549 0.16249704 0.21906669 0.08143157 0.39004129 
344.00000000 0.03938500 0.07588518 0.03202080 0.16298945 0.21860982 0.08175033 0.38935942 
345.00000000 0.03940042 0.07602443 0.03216299 0.16348891 0.21815743 0.08209783 0.38866799 
346.00000000 0.03940198 0.07617441 0.03229627 0.16399678 0.21770265 0.08246206 0.38796586 
347.00000000 0.03939034 0.07635212 0.03242925 0.16451009 0.21724312 0.08282603 0.38724905 
348.00000000 0.03936669 0.07656729 0.03257027 0.16502322 0.21678176 0.08317649 0.38651427 
349.00000000 0.03933239 0.07681656 0.03272230 0.16553088 0.21632444 0.08351066 0.38576277 
350.00000000 0.03928856 0.07708503 0.03288104 0.16603059 0.21587649 0.08383653 0.38500175 
351.00000000 0.03923566 0.07735420 0.03303768 0.16652299 0.21544053 0.08416690 0.38424203 
352.00000000 0.03917318 0.07761183 0.03318471 0.16700927 0.21501725 0.08451036 0.38349341 
353.00000000 0.03909977 0.07785836 0.03332123 0.16748786 0.21460778 0.08486469 0.38276031 
354.00000000 0.03901397 0.07810666 0.03345461 0.16795348 0.21421442 0.08521645 0.38204042 
355.00000000 0.03891532 0.07837440 0.03359717 0.16839939 0.21383874 0.08554734 0.38132765 
356.00000000 0.03880543 0.07867321 0.03375964 0.16882123 0.21347899 0.08584371 0.38061778 
357.00000000 0.03868808 0.07900069 0.03394513 0.16921928 0.21312991 0.08610379 0.37991311 
358.00000000 0.03856802 0.07934053 0.03414731 0.16959765 0.21278532 0.08633815 0.37922302 
359.00000000 0.03844911 0.07967034 0.03435408 0.16996064 0.21244183 0.08656342 0.37856059 
360.00000000 0.03833276 0.07997256 0.03455443 0.17030843 0.21210140 0.08679275 0.37793766 
361.00000000 0.03821771 0.08024253 0.03474457 0.17063529 0.21177070 0.08702843 0.37736077 
362.00000000 0.03810124 0.08048908 0.03492983 0.17093245 0.21145699 0.08726091 0.37682950 
363.00000000 0.03798154 0.08072741 0.03512145 0.17119443 0.21116240 0.08747469 0.37633807 
364.00000000 0.03785972 0.08096819 0.03532982 0.17142458 0.21088047 0.08765777 0.37587945 
365.00000000 0.03774045 0.08120964 0.03555821 0.17163588 0.21059716 0.08780882 0.37544985 
366.00000000 0.03763061 0.08143767 0.03580077 0.17184570 0.21029611 0.08793787 0.37505127 
367.00000000 0.03753663 0.08163360 0.03604598 0.17206733 0.20996517 0.08806042 0.37469088 
368.00000000 0.03746204 0.08178442 0.03628300 0.17230293 0.20960095 0.08818862 0.37437804 
369.00000000 0.03740659 0.08188958 0.03650728 0.17254268 0.20920911 0.08832465 0.37412010 
370.00000000 0.03736729 0.08196070 0.03672234 0.17277128 0.20880006 0.08846003 0.37391831 
371.00000000 0.03734096 0.08201474 0.03693713 0.17297818 0.20838225 0.08858113 0.37376562 
372.00000000 0.03732691 0.08206496 0.03716071 0.17316500 0.20795653 0.08867752 0.37364837 
373.00000000 0.03732829 0.08211514 0.03739735 0.17334499 0.20751484 0.08874799 0.37355141 
374.00000000 0.03735142 0.08216036 0.03764493 0.17353452 0.20704410 0.08880073 0.37346393 
375.00000000 0.03740340 0.08219318 0.03789721 0.17374194 0.20653353 0.08884816 0.37338259 
376.00000000 0.03748923 0.08221044 0.03814774 0.17396049 0.20598165 0.08889983 0.37331062 
377.00000000 0.03760990 0.08221668 0.03839303 0.17417010 0.20539929 0.08895755 0.37325345 
378.00000000 0.03776226 0.08222257 0.03863334 0.17434712 0.20480681 0.08901534 0.37321257 
379.00000000 0.03794063 0.08223989 0.03887156 0.17447625 0.20422679 0.08906403 0.37318085 
380.00000000 0.03813943 0.08227627 0.03911103 0.17455726 0.20367607 0.08909756 0.37314239 
381.00000000 0.03835565 0.08233271 0.03935367 0.17460269 0.20316088 0.08911684 0.37307757 
382.00000000 0.03858990 0.08240479 0.03959956 0.17462858 0.20267753 0.08912914 0.37297050 
383.00000000 0.03884564 0.08248639 0.03984762 0.17464421 0.20221776 0.08914376 0.37281461 
384.00000000 0.03912684 0.08257300 0.04009649 0.17464714 0.20177562 0.08916696 0.37261395 
385.00000000 0.03943515 0.08266296 0.04034455 0.17462581 0.20135203 0.08919925 0.37238026 
386.00000000 0.03976796 0.08275657 0.04058960 0.17456765 0.20095481 0.08923648 0.37212693 
387.00000000 0.04011828 0.08285437 0.04082887 0.17446761 0.20059489 0.08927385 0.37186213 
388.00000000 0.04047666 0.08295573 0.04105989 0.17433180 0.20028100 0.08931023 0.37158469 
389.00000000 0.04083455 0.08305845 0.04128173 0.17417456 0.20001540 0.08934980 0.37128552 
390.00000000 0.04118747 0.08315946 0.04149602 0.17401093 0.19979241 0.08940005 0.37095366 
391.00000000 0.04153648 0.08325594 0.04170687 0.17384950 0.19960004 0.08946769 0.37058348 
392.00000000 0.04188697 0.08334629 0.04191928 0.17368929 0.19942412 0.08955510 0.37017894 
393.00000000 0.04224538 0.08343047 0.04213643 0.17352209 0.19925290 0.08965954 0.36975319 
394.00000000 0.04261540 0.08351011 0.04235749 0.17333797 0.19908038 0.08977538 0.36932327 
395.00000000 0.04299562 0.08358851 0.04257764 0.17313091 0.19890699 0.08989822 0.36890212 
396.00000000 0.04337993 0.08367047 0.04279035 0.17290127 0.19873764 0.09002823 0.36849211 
397.00000000 0.04376064 0.08376155 0.04299104 0.17265438 0.19857751 0.09017041 0.36808447 
398.00000000 0.04413264 0.08386664 0.04317982 0.17239684 0.19842749 0.09033171 0.36766486 
399.00000000 0.04449627 0.08398861 0.04336189 0.17213308 0.19828164 0.09051687 0.36722164 
400.00000000 0.04485715 0.08412768 0.04354500 0.17186434 0.19812833 0.09072546 0.36675203 
401.00000000 0.04522315 0.08428234 0.04373516 0.17158948 0.19795424 0.09095189 0.36626373 
402.00000000 0.04560000 0.08445121 0.04393285 0.17130667 0.19774909 0.09118848 0.36577170 
403.00000000 0.04598811 0.08463475 0.04413194 0.17101489 0.19750892 0.09143005 0.36529135 
404.00000000 0.04638220 0.08483554 0.04432237 0.17071501 0.19723646 0.09167710 0.36483133 
405.00000000 0.04677390 0.08505670 0.04449504 0.17041057 0.19693876 0.09193543 0.36438960 
406.00000000 0.04715584 0.08529906 0.04464647 0.17010809 0.19662318 0.09221234 0.36395502 
407.00000000 0.04752485 0.08555909 0.04478046 0.16981672 0.19629387 0.09251177 0.36351324 
408.00000000 0.04788268 0.08582902 0.04490600 0.16954688 0.19595033 0.09283135 0.36305374 
409.00000000 0.04823397 0.08609970 0.04503242 0.16930766 0.19558848 0.09316288 0.36257489 
410.00000000 0.04858300 0.08636409 0.04516434 0.16910402 0.19520345 0.09349614 0.36208496 
411.00000000 0.04893116 0.08661929 0.04529928 0.16893539 0.19479303 0.09382384 0.36159800 
412.00000000 0.04927631 0.08686577 0.04542943 0.16879709 0.19436047 0.09414470 0.36112624 
413.00000000 0.04961423 0.08710444 0.04554669 0.16868406 0.19391503 0.09446248 0.36067306 
414.00000000 0.04994110 0.08733349 0.04564808 0.16859509 0.19346961 0.09478194 0.36023069 
415.00000000 0.05025555 0.08754678 0.04573839 0.16853477 0.19303641 0.09510426 0.35978384 
416.00000000 0.05055927 0.08773535 0.04582853 0.16851219 0.19262280 0.09542488 0.35931699 
417.00000000 0.05085592 0.08789142 0.04593064 0.16853637 0.19222932 0.09573471 0.35882161 
418.00000000 0.05114926 0.08801238 0.04605252 0.16861075 0.19185099 0.09602392 0.35830017 
419.00000000 0.05144154 0.08810176 0.04619444 0.16872967 0.19148139 0.09628633 0.35776488 
420.00000000 0.05173293 0.08816669 0.04634990 0.16887957 0.19111775 0.09652157 0.35723160 
421.00000000 0.05202189 0.08821338 0.04651009 0.16904467 0.19076424 0.09673401 0.35671172 
422.00000000 0.05230626 0.08824333 0.04666916 0.16921429 0.19043160 0.09692909 0.35620628 
423.00000000 0.05258447 0.08825235 0.04682748 0.16938740 0.19013332 0.09710965 0.35570533 
424.00000000 0.05285625 0.08823313 0.04699120 0.16957190 0.18988033 0.09727439 0.35519281 
425.00000000 0.05312242 0.08818014 0.04716855 0.16977867 0.18967674 0.09741887 0.35465460 
426.00000000 0.05338403 0.08809369 0.04736527 0.17001354 0.18951903 0.09753851 0.35408594 
427.00000000 0.05364164 0.08798008 0.04758124 0.17027189 0.18939914 0.09763164 0.35349436 
428.00000000 0.05389514 0.08784765 0.04781043 0.17053938 0.18931016 0.09770103 0.35289620 
429.00000000 0.05414400 0.08770159 0.04804398 0.17079873 0.18925123 0.09775270 0.35230777 
430.00000000 0.05438777 0.08754066 0.04827499 0.17103838 0.18922913 0.09779279 0.35173629 
431.00000000 0.05462681 0.08735754 0.04850218 0.17125807 0.18925520 0.09782450 0.35117570 
432.00000000 0.05486242 0.08714251 0.04873059 0.17146788 0.18933943 0.09784706 0.35061011 
433.00000000 0.05509608 0.08688889 0.04896895 0.17168147 0.18948487 0.09785696 0.35002278 
434.00000000 0.05532825 0.08659686 0.04922526 0.17190733 0.18968585 0.09785078 0.34940567 
435.00000000 0.05555765 0.08627330 0.04950299 0.17214310 0.18993125 0.09782765 0.34876406 
436.00000000 0.05578162 0.08592763 0.04979985 0.17237636 0.19021056 0.09779020 0.34811377 
437.00000000 0.05599722 0.08556686 0.05010981 0.17259127 0.19051935 0.09774314 0.34747235 
438.00000000 0.05620253 0.08519278 0.05042713 0.17277686 0.19086094 0.09769046 0.34684930 
439.00000000 0.05639748 0.08480262 0.05074999 0.17293188 0.19124379 0.09763323 0.34624101 
