0.00000000 0.00009100 0.00824756 0.00398765 0.00044719 0.21730518 0.00593771 0.76398371 
1.00000000 0.00009100 0.00824756 0.00398765 0.00044719 0.21730518 0.00593771 0.76398371 
2.00000000 0.00009101 0.00824762 0.00398767 0.00044735 0.21730535 0.00593772 0.76398329 
3.00000000 0.00009108 0.00824793 0.00398776 0.00044809 0.21730636 0.00593778 0.76398101 
4.00000000 0.00009125 0.00824881 0.00398801 0.00045015 0.21730937 0.00593796 0.76397444 
5.00000000 0.00009162 0.00825070 0.00398856 0.00045452 0.21731603 0.00593835 0.76396022 
6.00000000 0.00009230 0.00825416 0.00398956 0.00046248 0.21732842 0.00593904 0.76393404 
7.00000000 0.00009341 0.00825985 0.00399122 0.00047555 0.21734901 0.00594019 0.76389077 
8.00000000 0.00009511 0.00826854 0.00399375 0.00049551 0.21738065 0.00594195 0.76382449 
9.00000000 0.00009756 0.00828110 0.00399741 0.00052435 0.21742652 0.00594450 0.76372858 
10.00000000 0.00010095 0.00829846 0.00400245 0.00056427 0.21749004 0.00594803 0.76359580 
11.00000000 0.00010548 0.00832165 0.00400918 0.00061766 0.21757487 0.00595277 0.76341840 
12.00000000 0.00011135 0.00835172 0.00401788 0.00068707 0.21768480 0.00595894 0.76318823 
13.00000000 0.00011880 0.00838981 0.00402887 0.00077519 0.21782372 0.00596678 0.76289681 
14.00000000 0.00012806 0.00843707 0.00404246 0.00088483 0.21799557 0.00597656 0.76253546 
15.00000000 0.00013936 0.00849466 0.00405895 0.00101886 0.21820423 0.00598855 0.76209539 
16.00000000 0.00015296 0.00856378 0.00407867 0.00118025 0.21845352 0.00600300 0.76156782 
17.00000000 0.00016909 0.00864563 0.00410190 0.00137196 0.21874712 0.00602021 0.76094408 
18.00000000 0.00018801 0.00874138 0.00412894 0.00159701 0.21908853 0.00604046 0.76021567 
19.00000000 0.00020997 0.00885220 0.00416006 0.00185835 0.21948099 0.00606402 0.75937440 
20.00000000 0.00023522 0.00897924 0.00419551 0.00215892 0.21992750 0.00609118 0.75841244 
21.00000000 0.00026400 0.00912360 0.00423552 0.00250157 0.22043070 0.00612222 0.75732238 
22.00000000 0.00029656 0.00928635 0.00428031 0.00288907 0.22099294 0.00615741 0.75609735 
23.00000000 0.00033314 0.00946853 0.00433006 0.00332406 0.22161616 0.00619701 0.75473103 
24.00000000 0.00037396 0.00967113 0.00438491 0.00380905 0.22230195 0.00624129 0.75321771 
25.00000000 0.00041926 0.00989507 0.00444501 0.00434639 0.22305147 0.00629047 0.75155233 
26.00000000 0.00046926 0.01014123 0.00451045 0.00493825 0.22386551 0.00634481 0.74973050 
27.00000000 0.00052417 0.01041045 0.00458128 0.00558660 0.22474443 0.00640450 0.74774856 
28.00000000 0.00058419 0.01070349 0.00465757 0.00629323 0.22568821 0.00646977 0.74560354 
29.00000000 0.00064954 0.01102107 0.00473930 0.00705968 0.22669643 0.00654079 0.74329320 
30.00000000 0.00072040 0.01136385 0.00482647 0.00788727 0.22776828 0.00661774 0.74081600 
31.00000000 0.00079694 0.01173243 0.00491901 0.00877709 0.22890263 0.00670076 0.73817113 
32.00000000 0.00087936 0.01212738 0.00501687 0.00972997 0.23009798 0.00679000 0.73535845 
33.00000000 0.00096780 0.01254917 0.00511992 0.01074651 0.23135253 0.00688557 0.73237849 
34.00000000 0.00106244 0.01299827 0.00522805 0.01182704 0.23266419 0.00698757 0.72923244 
35.00000000 0.00116342 0.01347505 0.00534110 0.01297166 0.23403060 0.00709608 0.72592209 
36.00000000 0.00127087 0.01397986 0.00545891 0.01418020 0.23544920 0.00721116 0.72244981 
37.00000000 0.00138493 0.01451299 0.00558128 0.01545225 0.23691718 0.00733285 0.71881851 
38.00000000 0.00150572 0.01507468 0.00570800 0.01678716 0.23843161 0.00746118 0.71503164 
39.00000000 0.00163336 0.01566514 0.00583884 0.01818405 0.23998938 0.00759616 0.71109307 
40.00000000 0.00176793 0.01628450 0.00597357 0.01964181 0.24158728 0.00773777 0.70700714 
41.00000000 0.00190953 0.01693287 0.00611192 0.02115909 0.24322201 0.00788600 0.70277857 
42.00000000 0.00205825 0.01761030 0.00625365 0.02273438 0.24489019 0.00804079 0.69841243 
43.00000000 0.00221415 0.01831682 0.00639846 0.02436592 0.24658844 0.00820210 0.69391411 
44.00000000 0.00237730 0.01905237 0.00654609 0.02605181 0.24831332 0.00836986 0.68928926 
45.00000000 0.00254773 0.01981690 0.00669624 0.02778994 0.25006143 0.00854397 0.68454379 
46.00000000 0.00272550 0.02061027 0.00684864 0.02957807 0.25182937 0.00872433 0.67968382 
47.00000000 0.00291062 0.02143233 0.00700297 0.03141381 0.25361378 0.00891085 0.67471564 
48.00000000 0.00310312 0.02228286 0.00715896 0.03329463 0.25541137 0.00910340 0.66964567 
49.00000000 0.00330300 0.02316162 0.00731630 0.03521789 0.25721888 0.00930184 0.66448047 
50.00000000 0.00351024 0.02406832 0.00747471 0.03718085 0.25903316 0.00950603 0.65922668 
51.00000000 0.00372485 0.02500262 0.00763390 0.03918069 0.26085111 0.00971582 0.65389101 
52.00000000 0.00394679 0.02596414 0.00779358 0.04121451 0.26266973 0.00993105 0.64848020 
53.00000000 0.00417602 0.02695246 0.00795348 0.04327936 0.26448611 0.01015154 0.64300104 
54.00000000 0.00441250 0.02796713 0.00811332 0.04537223 0.26629741 0.01037712 0.63746030 
55.00000000 0.00465616 0.02900764 0.00827284 0.04749011 0.26810090 0.01060761 0.63186474 
56.00000000 0.00490695 0.03007345 0.00843178 0.04962994 0.26989395 0.01084280 0.62622112 
57.00000000 0.00516480 0.03116397 0.00858990 0.05178869 0.27167401 0.01108251 0.62053611 
58.00000000 0.00542960 0.03227859 0.00874696 0.05396333 0.27343861 0.01132653 0.61481638 
59.00000000 0.00570129 0.03341663 0.00890273 0.05615083 0.27518537 0.01157466 0.60906849 
60.00000000 0.00597976 0.03457741 0.00905700 0.05834821 0.27691200 0.01182667 0.60329895 
61.00000000 0.00626490 0.03576018 0.00920956 0.06055255 0.27861629 0.01208236 0.59751417 
62.00000000 0.00655662 0.03696417 0.00936022 0.06276094 0.28029609 0.01234149 0.59172047 
63.00000000 0.00685479 0.03818857 0.00950881 0.06497057 0.28194934 0.01260386 0.58592406 
64.00000000 0.00715931 0.03943255 0.00965517 0.06717868 0.28357403 0.01286922 0.58013103 
65.00000000 0.00747005 0.04069522 0.00979914 0.06938260 0.28516825 0.01313735 0.57434738 
66.00000000 0.00778689 0.04197569 0.00994060 0.07157973 0.28673011 0.01340802 0.56857895 
67.00000000 0.00810971 0.04327303 0.01007943 0.07376758 0.28825781 0.01368099 0.56283145 
68.00000000 0.00843839 0.04458627 0.01021552 0.07594372 0.28974961 0.01395603 0.55711047 
69.00000000 0.00877281 0.04591443 0.01034878 0.07810587 0.29120382 0.01423289 0.55142140 
70.00000000 0.00911284 0.04725652 0.01047915 0.08025181 0.29261881 0.01451133 0.54576953 
71.00000000 0.00945837 0.04861151 0.01060658 0.08237945 0.29399302 0.01479112 0.54015994 
72.00000000 0.00980929 0.04997836 0.01073102 0.08448681 0.29532493 0.01507201 0.53459757 
73.00000000 0.01016548 0.05135602 0.01085246 0.08657202 0.29661311 0.01535376 0.52908716 
74.00000000 0.01052683 0.05274342 0.01097089 0.08863332 0.29785616 0.01563612 0.52363326 
75.00000000 0.01089325 0.05413948 0.01108632 0.09066906 0.29905278 0.01591884 0.51824026 
76.00000000 0.01126464 0.05554313 0.01119880 0.09267773 0.30020170 0.01620169 0.51291232 
77.00000000 0.01164091 0.05695328 0.01130835 0.09465790 0.30130175 0.01648440 0.50765342 
78.00000000 0.01202197 0.05836885 0.01141505 0.09660827 0.30235181 0.01676673 0.50246731 
79.00000000 0.01240775 0.05978876 0.01151898 0.09852765 0.30335086 0.01704844 0.49735755 
80.00000000 0.01279818 0.06121193 0.01162023 0.10041498 0.30429793 0.01732928 0.49232747 
81.00000000 0.01319321 0.06263729 0.01171891 0.10226927 0.30519216 0.01760899 0.48738018 
82.00000000 0.01359276 0.06406379 0.01181514 0.10408967 0.30603274 0.01788733 0.48251857 
83.00000000 0.01399680 0.06549039 0.01190907 0.10587542 0.30681897 0.01816405 0.47774530 
84.00000000 0.01440529 0.06691606 0.01200085 0.10762585 0.30755024 0.01843889 0.47306282 
85.00000000 0.01481819 0.06833979 0.01209065 0.10934042 0.30822601 0.01871161 0.46847333 
86.00000000 0.01523547 0.06976059 0.01217864 0.11101865 0.30884585 0.01898196 0.46397883 
87.00000000 0.01565713 0.07117751 0.01226502 0.11266016 0.30940942 0.01924969 0.45958106 
88.00000000 0.01608315 0.07258961 0.01234998 0.11426468 0.30991646 0.01951455 0.45528157 
89.00000000 0.01651352 0.07399597 0.01243375 0.11583198 0.31036681 0.01977630 0.45108167 
90.00000000 0.01694824 0.07539571 0.01251653 0.11736196 0.31076042 0.02003469 0.44698245 
91.00000000 0.01738732 0.07678799 0.01259855 0.11885454 0.31109732 0.02028948 0.44298479 
92.00000000 0.01783076 0.07817199 0.01268005 0.12030976 0.31137764 0.02054043 0.43908937 
93.00000000 0.01827859 0.07954691 0.01276127 0.12172771 0.31160158 0.02078729 0.43529664 
94.00000000 0.01873082 0.08091200 0.01284245 0.12310853 0.31176948 0.02102984 0.43160688 
95.00000000 0.01918747 0.08226656 0.01292384 0.12445243 0.31188172 0.02126784 0.42802015 
96.00000000 0.01964856 0.08360988 0.01300569 0.12575968 0.31193879 0.02150107 0.42453633 
97.00000000 0.02011412 0.08494133 0.01308824 0.12703060 0.31194129 0.02172929 0.42115512 
98.00000000 0.02058418 0.08626029 0.01317175 0.12826556 0.31188986 0.02195230 0.41787605 
99.00000000 0.02105877 0.08756618 0.01325647 0.12946497 0.31178526 0.02216987 0.41469848 
100.00000000 0.02153790 0.08885846 0.01334263 0.13062929 0.31162832 0.02238181 0.41162158 
101.00000000 0.02202161 0.09013662 0.01343049 0.13175901 0.31141994 0.02258792 0.40864441 
102.00000000 0.02250993 0.09140018 0.01352027 0.13285466 0.31116111 0.02278800 0.40576585 
103.00000000 0.02300287 0.09264871 0.01361221 0.13391680 0.31085289 0.02298187 0.40298465 
104.00000000 0.02350045 0.09388179 0.01370653 0.13494603 0.31049640 0.02316937 0.40029942 
105.00000000 0.02400270 0.09509906 0.01380344 0.13594297 0.31009285 0.02335031 0.39770866 
106.00000000 0.02450963 0.09630016 0.01390316 0.13690825 0.30964352 0.02352457 0.39521071 
107.00000000 0.02502124 0.09748479 0.01400586 0.13784255 0.30914973 0.02369198 0.39280384 
108.00000000 0.02553755 0.09865266 0.01411174 0.13874656 0.30861289 0.02385243 0.39048617 
109.00000000 0.02605855 0.09980350 0.01422097 0.13962098 0.30803445 0.02400580 0.38825575 
110.00000000 0.02658423 0.10093711 0.01433370 0.14046653 0.30741594 0.02415198 0.38611050 
111.00000000 0.02711460 0.10205327 0.01445008 0.14128396 0.30675894 0.02429088 0.38404828 
112.00000000 0.02764962 0.10315181 0.01457023 0.14207400 0.30606508 0.02442244 0.38206683 
113.00000000 0.02818929 0.10423258 0.01469426 0.14283741 0.30533603 0.02454659 0.38016384 
114.00000000 0.02873356 0.10529547 0.01482228 0.14357496 0.30457353 0.02466329 0.37833691 
115.00000000 0.02928240 0.10634037 0.01495436 0.14428743 0.30377937 0.02477250 0.37658357 
116.00000000 0.02983577 0.10736721 0.01509056 0.14497559 0.30295536 0.02487423 0.37490128 
117.00000000 0.03039362 0.10837594 0.01523094 0.14564022 0.30210336 0.02496846 0.37328745 
118.00000000 0.03095590 0.10936654 0.01537552 0.14628211 0.30122526 0.02505523 0.37173943 
119.00000000 0.03152253 0.11033900 0.01552431 0.14690203 0.30032301 0.02513457 0.37025454 
120.00000000 0.03209345 0.11129334 0.01567731 0.14750077 0.29939855 0.02520654 0.36883003 
121.00000000 0.03266859 0.11222962 0.01583450 0.14807910 0.29845387 0.02527120 0.36746313 
122.00000000 0.03324785 0.11314790 0.01599582 0.14863779 0.29749096 0.02532864 0.36615104 
123.00000000 0.03383115 0.11404827 0.01616123 0.14917761 0.29651184 0.02537897 0.36489093 
124.00000000 0.03441839 0.11493085 0.01633065 0.14969931 0.29551853 0.02542230 0.36367997 
125.00000000 0.03500947 0.11579579 0.01650399 0.15020363 0.29451306 0.02545877 0.36251530 
126.00000000 0.03560428 0.11664324 0.01668115 0.15069132 0.29349743 0.02548852 0.36139406 
127.00000000 0.03620270 0.11747341 0.01686200 0.15116308 0.29247368 0.02551171 0.36031341 
128.00000000 0.03680463 0.11828651 0.01704642 0.15161962 0.29144379 0.02552853 0.35927050 
129.00000000 0.03740994 0.11908278 0.01723425 0.15206163 0.29040974 0.02553916 0.35826251 
130.00000000 0.03801849 0.11986248 0.01742533 0.15248978 0.28937348 0.02554380 0.35728664 
131.00000000 0.03863017 0.12062591 0.01761950 0.15290471 0.28833693 0.02554265 0.35634013 
132.00000000 0.03924483 0.12137337 0.01781656 0.15330707 0.28730197 0.02553595 0.35542025 
133.00000000 0.03986234 0.12210522 0.01801635 0.15369744 0.28627042 0.02552391 0.35452432 
134.00000000 0.04048257 0.12282181 0.01821864 0.15407643 0.28524406 0.02550677 0.35364972 
135.00000000 0.04110537 0.12352352 0.01842325 0.15444458 0.28422462 0.02548478 0.35279388 
136.00000000 0.04173061 0.12421076 0.01862995 0.15480243 0.28321375 0.02545818 0.35195431 
137.00000000 0.04235814 0.12488396 0.01883854 0.15515050 0.28221305 0.02542723 0.35112858 
138.00000000 0.04298783 0.12554355 0.01904880 0.15548926 0.28122403 0.02539219 0.35031435 
139.00000000 0.04361955 0.12619000 0.01926050 0.15581917 0.28024812 0.02535330 0.34950936 
140.00000000 0.04425315 0.12682377 0.01947342 0.15614067 0.27928670 0.02531085 0.34871144 
141.00000000 0.04488850 0.12744537 0.01968735 0.15645414 0.27834103 0.02526507 0.34791852 
142.00000000 0.04552549 0.12805529 0.01990206 0.15675998 0.27741230 0.02521625 0.34712863 
143.00000000 0.04616399 0.12865403 0.02011734 0.15705853 0.27650160 0.02516463 0.34633988 
144.00000000 0.04680387 0.12924211 0.02033298 0.15735012 0.27560993 0.02511047 0.34555052 
145.00000000 0.04744505 0.12982006 0.02054876 0.15763503 0.27473819 0.02505403 0.34475889 
146.00000000 0.04808740 0.13038838 0.02076448 0.15791353 0.27388721 0.02499555 0.34396345 
147.00000000 0.04873085 0.13094760 0.02097995 0.15818589 0.27305769 0.02493528 0.34316275 
148.00000000 0.04937530 0.13149823 0.02119498 0.15845231 0.27225025 0.02487346 0.34235547 
149.00000000 0.05002067 0.13204079 0.02140938 0.15871301 0.27146542 0.02481032 0.34154041 
150.00000000 0.05066692 0.13257578 0.02162299 0.15896814 0.27070362 0.02474609 0.34071646 
151.00000000 0.05131398 0.13310368 0.02183564 0.15921788 0.26996519 0.02468099 0.33988265 
152.00000000 0.05196180 0.13362498 0.02204718 0.15946237 0.26925037 0.02461522 0.33903809 
153.00000000 0.05261037 0.13414014 0.02225747 0.15970171 0.26855932 0.02454899 0.33818202 
154.00000000 0.05325967 0.13464959 0.02246637 0.15993601 0.26789210 0.02448249 0.33731377 
155.00000000 0.05390968 0.13515378 0.02267377 0.16016536 0.26724871 0.02441591 0.33643279 
156.00000000 0.05456042 0.13565311 0.02287956 0.16038983 0.26662904 0.02434942 0.33553861 
157.00000000 0.05521191 0.13614795 0.02308364 0.16060949 0.26603294 0.02428319 0.33463088 
158.00000000 0.05586418 0.13663868 0.02328593 0.16082437 0.26546015 0.02421738 0.33370931 
159.00000000 0.05651728 0.13712561 0.02348634 0.16103452 0.26491036 0.02415214 0.33277374 
160.00000000 0.05717127 0.13760907 0.02368483 0.16123998 0.26438321 0.02408760 0.33182404 
161.00000000 0.05782622 0.13808934 0.02388133 0.16144075 0.26387826 0.02402389 0.33086022 
162.00000000 0.05848222 0.13856666 0.02407580 0.16163686 0.26339502 0.02396113 0.32988232 
163.00000000 0.05913934 0.13904127 0.02426823 0.16182832 0.26293294 0.02389943 0.32889046 
164.00000000 0.05979771 0.13951337 0.02445858 0.16201514 0.26249146 0.02383890 0.32788484 
165.00000000 0.06045743 0.13998312 0.02464685 0.16219733 0.26206994 0.02377963 0.32686570 
166.00000000 0.06111863 0.14045068 0.02483304 0.16237488 0.26166773 0.02372169 0.32583335 
167.00000000 0.06178143 0.14091616 0.02501716 0.16254780 0.26128412 0.02366518 0.32478815 
168.00000000 0.06244597 0.14137964 0.02519923 0.16271609 0.26091841 0.02361015 0.32373051 
169.00000000 0.06311239 0.14184119 0.02537927 0.16287977 0.26056985 0.02355666 0.32266087 
170.00000000 0.06378084 0.14230085 0.02555732 0.16303883 0.26023768 0.02350478 0.32157971 
171.00000000 0.06445146 0.14275863 0.02573342 0.16319329 0.25992112 0.02345454 0.32048755 
172.00000000 0.06512442 0.14321452 0.02590761 0.16334315 0.25961939 0.02340598 0.31938494 
173.00000000 0.06579985 0.14366848 0.02607994 0.16348843 0.25933170 0.02335915 0.31827245 
174.00000000 0.06647792 0.14412045 0.02625048 0.16362916 0.25905726 0.02331406 0.31715067 
175.00000000 0.06715877 0.14457036 0.02641928 0.16376536 0.25879526 0.02327074 0.31602023 
176.00000000 0.06784254 0.14501812 0.02658641 0.16389705 0.25854493 0.02322922 0.31488174 
177.00000000 0.06852940 0.14546360 0.02675193 0.16402427 0.25830547 0.02318949 0.31373584 
178.00000000 0.06921947 0.14590667 0.02691591 0.16414707 0.25807612 0.02315157 0.31258319 
179.00000000 0.06991288 0.14634720 0.02707842 0.16426548 0.25785612 0.02311546 0.31142443 
180.00000000 0.07060977 0.14678501 0.02723954 0.16437957 0.25764472 0.02308117 0.31026022 
181.00000000 0.07131025 0.14721994 0.02739934 0.16448938 0.25744119 0.02304869 0.30909121 
182.00000000 0.07201444 0.14765180 0.02755789 0.16459498 0.25724482 0.02301802 0.30791805 
183.00000000 0.07272243 0.14808041 0.02771526 0.16469644 0.25705492 0.02298914 0.30674139 
184.00000000 0.07343432 0.14850556 0.02787152 0.16479384 0.25687084 0.02296205 0.30556187 
185.00000000 0.07415018 0.14892706 0.02802675 0.16488726 0.25669193 0.02293672 0.30438010 
186.00000000 0.07487009 0.14934469 0.02818102 0.16497678 0.25651757 0.02291315 0.30319670 
187.00000000 0.07559410 0.14975824 0.02833438 0.16506250 0.25634717 0.02289132 0.30201228 
188.00000000 0.07632226 0.15016752 0.02848692 0.16514452 0.25618018 0.02287119 0.30082741 
189.00000000 0.07705460 0.15057230 0.02863868 0.16522294 0.25601606 0.02285276 0.29964266 
190.00000000 0.07779113 0.15097239 0.02878974 0.16529788 0.25585431 0.02283599 0.29845856 
191.00000000 0.07853187 0.15136759 0.02894015 0.16536944 0.25569444 0.02282086 0.29727564 
192.00000000 0.07927680 0.15175771 0.02908997 0.16543775 0.25553602 0.02280734 0.29609440 
193.00000000 0.08002591 0.15214256 0.02923926 0.16550294 0.25537863 0.02279540 0.29491531 
194.00000000 0.08077914 0.15252197 0.02938806 0.16556513 0.25522187 0.02278501 0.29373882 
195.00000000 0.08153647 0.15289578 0.02953642 0.16562445 0.25506541 0.02277613 0.29256534 
196.00000000 0.08229782 0.15326385 0.02968440 0.16568105 0.25490889 0.02276873 0.29139527 
197.00000000 0.08306311 0.15362603 0.02983203 0.16573506 0.25475204 0.02276278 0.29022896 
198.00000000 0.08383225 0.15398222 0.02997936 0.16578662 0.25459456 0.02275824 0.28906676 
199.00000000 0.08460513 0.15433230 0.03012643 0.16583588 0.25443623 0.02275506 0.28790896 
200.00000000 0.08538165 0.15467621 0.03027327 0.16588298 0.25427682 0.02275322 0.28675584 
201.00000000 0.08616165 0.15501388 0.03041993 0.16592808 0.25411613 0.02275268 0.28560765 
202.00000000 0.08694501 0.15534527 0.03056643 0.16597131 0.25395401 0.02275338 0.28446460 
203.00000000 0.08773156 0.15567036 0.03071280 0.16601282 0.25379029 0.02275529 0.28332688 
204.00000000 0.08852112 0.15598914 0.03085908 0.16605277 0.25362487 0.02275837 0.28219464 
205.00000000 0.08931353 0.15630165 0.03100529 0.16609129 0.25345764 0.02276258 0.28106801 
206.00000000 0.09010859 0.15660793 0.03115146 0.16612854 0.25328851 0.02276787 0.27994711 
207.00000000 0.09090608 0.15690804 0.03129761 0.16616464 0.25311742 0.02277419 0.27883201 
208.00000000 0.09170581 0.15720208 0.03144376 0.16619974 0.25294432 0.02278151 0.27772277 
209.00000000 0.09250754 0.15749016 0.03158995 0.16623398 0.25276918 0.02278978 0.27661941 
210.00000000 0.09331105 0.15777242 0.03173617 0.16626747 0.25259197 0.02279895 0.27552196 
211.00000000 0.09411610 0.15804901 0.03188247 0.16630035 0.25241268 0.02280899 0.27443040 
212.00000000 0.09492245 0.15832012 0.03202884 0.16633273 0.25223132 0.02281984 0.27334471 
213.00000000 0.09572983 0.15858593 0.03217531 0.16636474 0.25204789 0.02283146 0.27226485 
214.00000000 0.09653801 0.15884667 0.03232189 0.16639646 0.25186241 0.02284381 0.27119076 
215.00000000 0.09734670 0.15910256 0.03246859 0.16642801 0.25167491 0.02285685 0.27012237 
216.00000000 0.09815567 0.15935387 0.03261543 0.16645947 0.25148542 0.02287052 0.26905962 
217.00000000 0.09896463 0.15960086 0.03276241 0.16649093 0.25129396 0.02288480 0.26800241 
218.00000000 0.09977332 0.15984380 0.03290955 0.16652247 0.25110057 0.02289963 0.26695065 
219.00000000 0.10058148 0.16008300 0.03305685 0.16655417 0.25090529 0.02291498 0.26590424 
220.00000000 0.10138884 0.16031875 0.03320432 0.16658607 0.25070816 0.02293079 0.26486307 
221.00000000 0.10219514 0.16055137 0.03335196 0.16661823 0.25050922 0.02294705 0.26382705 
222.00000000 0.10300011 0.16078117 0.03349978 0.16665070 0.25030850 0.02296369 0.26279605 
223.00000000 0.10380350 0.16100848 0.03364778 0.16668353 0.25010605 0.02298069 0.26176998 
224.00000000 0.10460506 0.16123363 0.03379596 0.16671673 0.24990189 0.02299801 0.26074873 
225.00000000 0.10540454 0.16145695 0.03394433 0.16675033 0.24969608 0.02301560 0.25973218 
226.00000000 0.10620170 0.16167877 0.03409289 0.16678435 0.24948863 0.02303343 0.25872023 
227.00000000 0.10699631 0.16189942 0.03424163 0.16681879 0.24927960 0.02305147 0.25771278 
228.00000000 0.10778815 0.16211922 0.03439055 0.16685366 0.24906901 0.02306968 0.25670973 
229.00000000 0.10857698 0.16233850 0.03453966 0.16688896 0.24885689 0.02308802 0.25571099 
230.00000000 0.10936262 0.16255758 0.03468894 0.16692468 0.24864328 0.02310646 0.25471645 
231.00000000 0.11014486 0.16277675 0.03483840 0.16696079 0.24842820 0.02312497 0.25372603 
232.00000000 0.11092350 0.16299632 0.03498804 0.16699729 0.24821170 0.02314351 0.25273964 
233.00000000 0.11169839 0.16321657 0.03513784 0.16703414 0.24799381 0.02316206 0.25175720 
234.00000000 0.11246933 0.16343779 0.03528780 0.16707132 0.24777456 0.02318057 0.25077862 
235.00000000 0.11323619 0.16366023 0.03543792 0.16710881 0.24755399 0.02319903 0.24980384 
236.00000000 0.11399880 0.16388416 0.03558819 0.16714656 0.24733213 0.02321740 0.24883277 
237.00000000 0.11475704 0.16410979 0.03573861 0.16718453 0.24710903 0.02323565 0.24786534 
238.00000000 0.11551079 0.16433737 0.03588917 0.16722271 0.24688473 0.02325376 0.24690149 
239.00000000 0.11625992 0.16456709 0.03603986 0.16726103 0.24665927 0.02327169 0.24594114 
240.00000000 0.11700434 0.16479915 0.03619069 0.16729946 0.24643270 0.02328943 0.24498423 
241.00000000 0.11774395 0.16503373 0.03634164 0.16733796 0.24620507 0.02330694 0.24403071 
242.00000000 0.11847867 0.16527098 0.03649271 0.16737649 0.24597643 0.02332421 0.24308051 
243.00000000 0.11920843 0.16551106 0.03664389 0.16741500 0.24574684 0.02334121 0.24213357 
244.00000000 0.11993316 0.16575411 0.03679518 0.16745345 0.24551636 0.02335792 0.24118983 
245.00000000 0.12065281 0.16600023 0.03694656 0.16749179 0.24528504 0.02337431 0.24024926 
246.00000000 0.12136734 0.16624953 0.03709805 0.16752998 0.24505294 0.02339037 0.23931179 
247.00000000 0.12207670 0.16650210 0.03724962 0.16756799 0.24482012 0.02340608 0.23837739 
248.00000000 0.12278088 0.16675802 0.03740127 0.16760575 0.24458664 0.02342143 0.23744601 
249.00000000 0.12347985 0.16701735 0.03755301 0.16764324 0.24435256 0.02343639 0.23651760 
250.00000000 0.12417360 0.16728015 0.03770480 0.16768040 0.24411793 0.02345096 0.23559215 
251.00000000 0.12486213 0.16754645 0.03785667 0.16771719 0.24388283 0.02346512 0.23466960 
252.00000000 0.12554543 0.16781630 0.03800858 0.16775358 0.24364729 0.02347887 0.23374995 
253.00000000 0.12622352 0.16808971 0.03816055 0.16778950 0.24341137 0.02349218 0.23283317 
254.00000000 0.12689641 0.16836670 0.03831255 0.16782493 0.24317511 0.02350506 0.23191925 
255.00000000 0.12756411 0.16864727 0.03846458 0.16785981 0.24293855 0.02351750 0.23100817 
256.00000000 0.12822667 0.16893143 0.03861663 0.16789411 0.24270174 0.02352949 0.23009994 
257.00000000 0.12888410 0.16921917 0.03876869 0.16792777 0.24246469 0.02354103 0.22919455 
258.00000000 0.12953645 0.16951048 0.03892074 0.16796074 0.24222745 0.02355212 0.22829202 
259.00000000 0.13018375 0.16980534 0.03907278 0.16799299 0.24199001 0.02356276 0.22739236 
260.00000000 0.13082606 0.17010374 0.03922480 0.16802446 0.24175240 0.02357295 0.22649560 
261.00000000 0.13146343 0.17040565 0.03937677 0.16805510 0.24151461 0.02358270 0.22560175 
262.00000000 0.13209590 0.17071104 0.03952869 0.16808486 0.24127665 0.02359200 0.22471085 
263.00000000 0.13272354 0.17101990 0.03968054 0.16811370 0.24103851 0.02360087 0.22382294 
264.00000000 0.13334642 0.17133218 0.03983230 0.16814156 0.24080016 0.02360931 0.22293807 
265.00000000 0.13396460 0.17164786 0.03998396 0.16816838 0.24056159 0.02361733 0.22205628 
266.00000000 0.13457815 0.17196690 0.04013550 0.16819413 0.24032276 0.02362495 0.22117761 
267.00000000 0.13518714 0.17228928 0.04028690 0.16821873 0.24008364 0.02363216 0.22030214 
268.00000000 0.13579166 0.17261494 0.04043815 0.16824215 0.23984420 0.02363900 0.21942991 
269.00000000 0.13639179 0.17294387 0.04058922 0.16826432 0.23960438 0.02364545 0.21856098 
270.00000000 0.13698760 0.17327600 0.04074010 0.16828519 0.23936414 0.02365155 0.21769541 
271.00000000 0.13757920 0.17361132 0.04089076 0.16830471 0.23912343 0.02365731 0.21683327 
272.00000000 0.13816666 0.17394977 0.04104119 0.16832282 0.23888220 0.02366274 0.21597461 
273.00000000 0.13875008 0.17429132 0.04119138 0.16833947 0.23864039 0.02366785 0.21511951 
274.00000000 0.13932956 0.17463591 0.04134129 0.16835461 0.23839794 0.02367268 0.21426801 
275.00000000 0.13990520 0.17498351 0.04149091 0.16836818 0.23815480 0.02367722 0.21342018 
276.00000000 0.14047708 0.17533407 0.04164022 0.16838014 0.23791092 0.02368151 0.21257607 
277.00000000 0.14104532 0.17568753 0.04178920 0.16839044 0.23766623 0.02368555 0.21173573 
278.00000000 0.14161002 0.17604385 0.04193784 0.16839902 0.23742070 0.02368937 0.21089921 
279.00000000 0.14217128 0.17640296 0.04208611 0.16840585 0.23717426 0.02369298 0.21006657 
280.00000000 0.14272920 0.17676483 0.04223401 0.16841086 0.23692686 0.02369640 0.20923783 
281.00000000 0.14328391 0.17712937 0.04238151 0.16841403 0.23667848 0.02369966 0.20841304 
282.00000000 0.14383549 0.17749655 0.04252860 0.16841531 0.23642906 0.02370276 0.20759223 
283.00000000 0.14438407 0.17786629 0.04267527 0.16841466 0.23617856 0.02370573 0.20677543 
284.00000000 0.14492975 0.17823853 0.04282149 0.16841203 0.23592695 0.02370859 0.20596266 
285.00000000 0.14547264 0.17861320 0.04296726 0.16840740 0.23567420 0.02371134 0.20515395 
286.00000000 0.14601286 0.17899023 0.04311257 0.16840073 0.23542029 0.02371402 0.20434930 
287.00000000 0.14655050 0.17936957 0.04325740 0.16839198 0.23516518 0.02371663 0.20354875 
288.00000000 0.14708568 0.17975112 0.04340174 0.16838112 0.23490885 0.02371919 0.20275229 
289.00000000 0.14761852 0.18013484 0.04354559 0.16836812 0.23465129 0.02372172 0.20195992 
290.00000000 0.14814911 0.18052063 0.04368892 0.16835296 0.23439248 0.02372424 0.20117167 
291.00000000 0.14867756 0.18090842 0.04383174 0.16833560 0.23413240 0.02372676 0.20038752 
292.00000000 0.14920399 0.18129815 0.04397403 0.16831601 0.23387105 0.02372929 0.19960748 
293.00000000 0.14972849 0.18168974 0.04411578 0.16829418 0.23360840 0.02373185 0.19883155 
294.00000000 0.15025117 0.18208312 0.04425699 0.16827008 0.23334445 0.02373446 0.19805973 
295.00000000 0.15077212 0.18247820 0.04439765 0.16824369 0.23307920 0.02373712 0.19729201 
296.00000000 0.15129146 0.18287492 0.04453775 0.16821499 0.23281262 0.02373986 0.19652839 
297.00000000 0.15180927 0.18327321 0.04467729 0.16818395 0.23254471 0.02374269 0.19576888 
298.00000000 0.15232565 0.18367298 0.04481624 0.16815056 0.23227547 0.02374562 0.19501348 
299.00000000 0.15284069 0.18407418 0.04495462 0.16811481 0.23200487 0.02374866 0.19426218 
300.00000000 0.15335448 0.18447671 0.04509240 0.16807667 0.23173292 0.02375183 0.19351499 
301.00000000 0.15386710 0.18488052 0.04522959 0.16803614 0.23145960 0.02375513 0.19277191 
302.00000000 0.15437864 0.18528553 0.04536617 0.16799321 0.23118490 0.02375860 0.19203296 
303.00000000 0.15488917 0.18569166 0.04550214 0.16794786 0.23090882 0.02376222 0.19129813 
304.00000000 0.15539877 0.18609884 0.04563749 0.16790008 0.23063134 0.02376603 0.19056745 
305.00000000 0.15590752 0.18650699 0.04577221 0.16784988 0.23035244 0.02377003 0.18984093 
306.00000000 0.15641547 0.18691605 0.04590630 0.16779725 0.23007214 0.02377422 0.18911858 
307.00000000 0.15692269 0.18732592 0.04603973 0.16774219 0.22979041 0.02377864 0.18840041 
308.00000000 0.15742925 0.18773654 0.04617252 0.16768471 0.22950725 0.02378327 0.18768646 
309.00000000 0.15793519 0.18814781 0.04630465 0.16762481 0.22922265 0.02378815 0.18697674 
310.00000000 0.15844058 0.18855964 0.04643612 0.16756250 0.22893662 0.02379327 0.18627127 
311.00000000 0.15894545 0.18897196 0.04656691 0.16749780 0.22864916 0.02379864 0.18557008 
312.00000000 0.15944985 0.18938466 0.04669702 0.16743073 0.22836026 0.02380428 0.18487319 
313.00000000 0.15995382 0.18979765 0.04682645 0.16736131 0.22806994 0.02381019 0.18418062 
314.00000000 0.16045740 0.19021083 0.04695520 0.16728957 0.22777822 0.02381638 0.18349240 
315.00000000 0.16096063 0.19062409 0.04708324 0.16721553 0.22748509 0.02382286 0.18280855 
316.00000000 0.16146353 0.19103731 0.04721059 0.16713924 0.22719060 0.02382963 0.18212910 
317.00000000 0.16196613 0.19145039 0.04733724 0.16706072 0.22689475 0.02383670 0.18145407 
318.00000000 0.16246845 0.19186321 0.04746319 0.16698004 0.22659759 0.02384406 0.18078346 
319.00000000 0.16297052 0.19227564 0.04758843 0.16689722 0.22629915 0.02385172 0.18011732 
320.00000000 0.16347236 0.19268756 0.04771297 0.16681234 0.22599947 0.02385968 0.17945563 
321.00000000 0.16397398 0.19309883 0.04783680 0.16672543 0.22569859 0.02386794 0.17879843 
322.00000000 0.16447540 0.19350932 0.04795994 0.16663657 0.22539656 0.02387650 0.17814572 
323.00000000 0.16497663 0.19391890 0.04808237 0.16654580 0.22509344 0.02388535 0.17749750 
324.00000000 0.16547770 0.19432742 0.04820411 0.16645321 0.22478929 0.02389449 0.17685378 
325.00000000 0.16597859 0.19473476 0.04832516 0.16635885 0.22448417 0.02390391 0.17621455 
326.00000000 0.16647934 0.19514076 0.04844552 0.16626280 0.22417815 0.02391361 0.17557982 
327.00000000 0.16697995 0.19554530 0.04856520 0.16616513 0.22387129 0.02392357 0.17494957 
328.00000000 0.16748041 0.19594823 0.04868421 0.16606590 0.22356366 0.02393378 0.17432380 
329.00000000 0.16798076 0.19634941 0.04880255 0.16596520 0.22325534 0.02394424 0.17370250 
330.00000000 0.16848098 0.19674871 0.04892023 0.16586311 0.22294640 0.02395494 0.17308563 
331.00000000 0.16898108 0.19714601 0.04903727 0.16575968 0.22263692 0.02396585 0.17247319 
332.00000000 0.16948108 0.19754117 0.04915366 0.16565500 0.22232697 0.02397697 0.17186515 
333.00000000 0.16998097 0.19793407 0.04926942 0.16554915 0.22201662 0.02398828 0.17126148 
334.00000000 0.17048076 0.19832460 0.04938456 0.16544218 0.22170595 0.02399977 0.17066217 
335.00000000 0.17098046 0.19871265 0.04949909 0.16533418 0.22139503 0.02401143 0.17006717 
336.00000000 0.17148006 0.19909811 0.04961301 0.16522520 0.22108393 0.02402323 0.16947646 
337.00000000 0.17197956 0.19948088 0.04972634 0.16511532 0.22077271 0.02403518 0.16889001 
338.00000000 0.17247898 0.19986088 0.04983909 0.16500460 0.22046144 0.02404724 0.16830777 
339.00000000 0.17297830 0.20023802 0.04995126 0.16489309 0.22015019 0.02405942 0.16772972 
340.00000000 0.17347752 0.20061223 0.05006286 0.16478086 0.21983900 0.02407169 0.16715583 
341.00000000 0.17397665 0.20098344 0.05017391 0.16466796 0.21952795 0.02408405 0.16658604 
342.00000000 0.17447568 0.20135159 0.05028440 0.16455444 0.21921708 0.02409647 0.16602034 
343.00000000 0.17497460 0.20171663 0.05039436 0.16444036 0.21890644 0.02410896 0.16545867 
344.00000000 0.17547340 0.20207851 0.05050377 0.16432574 0.21859607 0.02412150 0.16490100 
345.00000000 0.17597209 0.20243720 0.05061266 0.16421065 0.21828603 0.02413407 0.16434729 
346.00000000 0.17647065 0.20279265 0.05072104 0.16409512 0.21797636 0.02414668 0.16379751 
347.00000000 0.17696906 0.20314485 0.05082889 0.16397918 0.21766708 0.02415931 0.16325161 
348.00000000 0.17746733 0.20349378 0.05093625 0.16386288 0.21735825 0.02417196 0.16270956 
349.00000000 0.17796544 0.20383941 0.05104310 0.16374624 0.21704989 0.02418461 0.16217131 
350.00000000 0.17846338 0.20418174 0.05114945 0.16362931 0.21674204 0.02419727 0.16163682 
351.00000000 0.17896113 0.20452076 0.05125532 0.16351210 0.21643472 0.02420992 0.16110604 
352.00000000 0.17945869 0.20485646 0.05136071 0.16339466 0.21612798 0.02422256 0.16057894 
353.00000000 0.17995603 0.20518884 0.05146562 0.16327701 0.21582184 0.02423519 0.16005547 
354.00000000 0.18045315 0.20551791 0.05157007 0.16315918 0.21551632 0.02424780 0.15953557 
355.00000000 0.18095004 0.20584367 0.05167405 0.16304119 0.21521147 0.02426038 0.15901920 
356.00000000 0.18144667 0.20616611 0.05177759 0.16292309 0.21490730 0.02427293 0.15850631 
357.00000000 0.18194306 0.20648525 0.05188067 0.16280489 0.21460384 0.02428544 0.15799685 
358.00000000 0.18243918 0.20680109 0.05198332 0.16268663 0.21430113 0.02429791 0.15749075 
359.00000000 0.18293502 0.20711363 0.05208554 0.16256833 0.21399918 0.02431034 0.15698796 
360.00000000 0.18343058 0.20742287 0.05218734 0.16245003 0.21369804 0.02432272 0.15648842 
361.00000000 0.18392587 0.20772883 0.05228872 0.16233176 0.21339772 0.02433504 0.15599206 
362.00000000 0.18442086 0.20803150 0.05238971 0.16221354 0.21309826 0.02434729 0.15549883 
363.00000000 0.18491557 0.20833089 0.05249030 0.16209543 0.21279968 0.02435948 0.15500865 
364.00000000 0.18540999 0.20862699 0.05259052 0.16197744 0.21250201 0.02437159 0.15452146 
365.00000000 0.18590414 0.20891981 0.05269037 0.16185961 0.21220528 0.02438361 0.15403719 
366.00000000 0.18639800 0.20920935 0.05278985 0.16174198 0.21190951 0.02439555 0.15355576 
367.00000000 0.18689161 0.20949560 0.05288899 0.16162459 0.21161472 0.02440738 0.15307711 
368.00000000 0.18738495 0.20977856 0.05298780 0.16150746 0.21132095 0.02441910 0.15260117 
369.00000000 0.18787806 0.21005823 0.05308628 0.16139065 0.21102820 0.02443072 0.15212786 
370.00000000 0.18837094 0.21033461 0.05318446 0.16127417 0.21073651 0.02444220 0.15165712 
371.00000000 0.18886360 0.21060768 0.05328233 0.16115807 0.21044588 0.02445356 0.15118887 
372.00000000 0.18935607 0.21087746 0.05337991 0.16104239 0.21015634 0.02446478 0.15072305 
373.00000000 0.18984837 0.21114392 0.05347722 0.16092715 0.20986789 0.02447586 0.15025960 
374.00000000 0.19034050 0.21140708 0.05357427 0.16081239 0.20958055 0.02448678 0.14979844 
375.00000000 0.19083251 0.21166692 0.05367105 0.16069814 0.20929432 0.02449754 0.14933952 
376.00000000 0.19132440 0.21192345 0.05376759 0.16058443 0.20900922 0.02450814 0.14888278 
377.00000000 0.19181620 0.21217666 0.05386390 0.16047129 0.20872523 0.02451857 0.14842816 
378.00000000 0.19230793 0.21242655 0.05395998 0.16035874 0.20844236 0.02452882 0.14797561 
379.00000000 0.19279962 0.21267313 0.05405584 0.16024682 0.20816061 0.02453890 0.14752509 
380.00000000 0.19329127 0.21291639 0.05415149 0.16013553 0.20787997 0.02454879 0.14707655 
381.00000000 0.19378292 0.21315636 0.05424694 0.16002491 0.20760043 0.02455850 0.14662995 
382.00000000 0.19427458 0.21339302 0.05434219 0.15991497 0.20732199 0.02456802 0.14618525 
383.00000000 0.19476627 0.21362639 0.05443724 0.15980571 0.20704462 0.02457736 0.14574241 
384.00000000 0.19525800 0.21385648 0.05453211 0.15969716 0.20676833 0.02458651 0.14530141 
385.00000000 0.19574980 0.21408331 0.05462680 0.15958933 0.20649309 0.02459547 0.14486221 
386.00000000 0.19624166 0.21430688 0.05472131 0.15948221 0.20621889 0.02460424 0.14442480 
387.00000000 0.19673362 0.21452723 0.05481564 0.15937582 0.20594571 0.02461283 0.14398914 
388.00000000 0.19722567 0.21474436 0.05490981 0.15927016 0.20567354 0.02462124 0.14355522 
389.00000000 0.19771782 0.21495830 0.05500380 0.15916523 0.20540236 0.02462947 0.14312302 
390.00000000 0.19821008 0.21516907 0.05509763 0.15906103 0.20513216 0.02463752 0.14269253 
391.00000000 0.19870245 0.21537670 0.05519129 0.15895755 0.20486291 0.02464539 0.14226371 
392.00000000 0.19919493 0.21558121 0.05528479 0.15885479 0.20459462 0.02465310 0.14183657 
393.00000000 0.19968753 0.21578263 0.05537813 0.15875274 0.20432726 0.02466063 0.14141107 
394.00000000 0.20018025 0.21598100 0.05547131 0.15865140 0.20406082 0.02466800 0.14098722 
395.00000000 0.20067307 0.21617634 0.05556434 0.15855076 0.20379530 0.02467521 0.14056499 
396.00000000 0.20116600 0.21636868 0.05565721 0.15845080 0.20353068 0.02468225 0.14014437 
397.00000000 0.20165904 0.21655806 0.05574993 0.15835152 0.20326697 0.02468914 0.13972534 
398.00000000 0.20215217 0.21674451 0.05584251 0.15825290 0.20300415 0.02469587 0.13930789 
399.00000000 0.20264539 0.21692806 0.05593494 0.15815494 0.20274223 0.02470245 0.13889199 
400.00000000 0.20313869 0.21710875 0.05602722 0.15805763 0.20248120 0.02470887 0.13847764 
401.00000000 0.20363207 0.21728660 0.05611937 0.15796095 0.20222106 0.02471514 0.13806480 
402.00000000 0.20412551 0.21746166 0.05621139 0.15786489 0.20196182 0.02472126 0.13765347 
403.00000000 0.20461902 0.21763395 0.05630328 0.15776944 0.20170348 0.02472723 0.13724361 
404.00000000 0.20511258 0.21780350 0.05639504 0.15767459 0.20144604 0.02473305 0.13683522 
405.00000000 0.20560618 0.21797035 0.05648668 0.15758032 0.20118950 0.02473871 0.13642826 
406.00000000 0.20609982 0.21813453 0.05657821 0.15748664 0.20093387 0.02474422 0.13602272 
407.00000000 0.20659349 0.21829607 0.05666962 0.15739352 0.20067915 0.02474958 0.13561857 
408.00000000 0.20708719 0.21845500 0.05676093 0.15730097 0.20042535 0.02475477 0.13521580 
409.00000000 0.20758090 0.21861135 0.05685213 0.15720896 0.20017246 0.02475982 0.13481439 
410.00000000 0.20807464 0.21876515 0.05694324 0.15711748 0.19992048 0.02476470 0.13441431 
411.00000000 0.20856838 0.21891643 0.05703426 0.15702654 0.19966942 0.02476943 0.13401554 
412.00000000 0.20906213 0.21906523 0.05712519 0.15693612 0.19941926 0.02477399 0.13361808 
413.00000000 0.20955589 0.21921156 0.05721603 0.15684621 0.19917001 0.02477840 0.13322190 
414.00000000 0.21004965 0.21935547 0.05730679 0.15675680 0.19892165 0.02478264 0.13282700 
415.00000000 0.21054341 0.21949697 0.05739748 0.15666788 0.19867418 0.02478673 0.13243335 
416.00000000 0.21103718 0.21963612 0.05748809 0.15657944 0.19842757 0.02479065 0.13204096 
417.00000000 0.21153094 0.21977293 0.05757863 0.15649147 0.19818181 0.02479441 0.13164981 
418.00000000 0.21202469 0.21990745 0.05766910 0.15640397 0.19793688 0.02479801 0.13125989 
419.00000000 0.21251844 0.22003970 0.05775950 0.15631691 0.19769276 0.02480146 0.13087122 
420.00000000 0.21301219 0.22016974 0.05784983 0.15623030 0.19744942 0.02480475 0.13048378 
421.00000000 0.21350593 0.22029759 0.05794009 0.15614410 0.19720683 0.02480790 0.13009757 
422.00000000 0.21399965 0.22042329 0.05803028 0.15605832 0.19696496 0.02481089 0.12971260 
423.00000000 0.21449336 0.22054690 0.05812040 0.15597294 0.19672378 0.02481374 0.12932887 
424.00000000 0.21498705 0.22066846 0.05821046 0.15588795 0.19648326 0.02481645 0.12894639 
425.00000000 0.21548071 0.22078801 0.05830043 0.15580332 0.19624334 0.02481902 0.12856517 
426.00000000 0.21597434 0.22090560 0.05839034 0.15571905 0.19600400 0.02482146 0.12818521 
427.00000000 0.21646793 0.22102129 0.05848016 0.15563511 0.19576520 0.02482378 0.12780652 
428.00000000 0.21696147 0.22113512 0.05856991 0.15555150 0.19552690 0.02482598 0.12742912 
429.00000000 0.21745495 0.22124716 0.05865957 0.15546819 0.19528906 0.02482807 0.12705300 
430.00000000 0.21794836 0.22135745 0.05874915 0.15538517 0.19505163 0.02483004 0.12667819 
431.00000000 0.21844168 0.22146606 0.05883864 0.15530241 0.19481458 0.02483192 0.12630469 
432.00000000 0.21893491 0.22157305 0.05892804 0.15521990 0.19457788 0.02483370 0.12593252 
433.00000000 0.21942801 0.22167846 0.05901735 0.15513762 0.19434148 0.02483540 0.12556167 
434.00000000 0.21992099 0.22178237 0.05910656 0.15505555 0.19410536 0.02483701 0.12519216 
435.00000000 0.22041381 0.22188482 0.05919568 0.15497367 0.19386948 0.02483854 0.12482400 
436.00000000 0.22090647 0.22198589 0.05928469 0.15489195 0.19363381 0.02483999 0.12445719 
437.00000000 0.22139894 0.22208562 0.05937361 0.15481039 0.19339833 0.02484138 0.12409173 
438.00000000 0.22189119 0.22218407 0.05946242 0.15472896 0.19316301 0.02484271 0.12372764 
439.00000000 0.22238322 0.22228130 0.05955113 0.15464764 0.19292783 0.02484398 0.12336491 
