0.00000000 0.00000000 -0.00000000 -0.00000000 -0.00000000 -0.00000000 1.00000000 -0.00000000 
1.00000000 0.00001034 0.00001031 0.00000358 0.00001391 0.00036367 0.99951353 0.00008467 
2.00000000 0.00004072 0.00004087 0.00001395 0.00005581 0.00143969 0.99807458 0.00033438 
3.00000000 0.00009021 0.00009111 0.00003062 0.00012658 0.00320421 0.99571500 0.00074226 
4.00000000 0.00015783 0.00016050 0.00005316 0.00022785 0.00563171 0.99246804 0.00130091 
5.00000000 0.00024259 0.00024847 0.00008121 0.00036189 0.00869517 0.98836817 0.00200250 
6.00000000 0.00034348 0.00035445 0.00011447 0.00053154 0.01236625 0.98345097 0.00283883 
7.00000000 0.00045951 0.00047791 0.00015270 0.00074013 0.01661548 0.97775292 0.00380135 
8.00000000 0.00058964 0.00061826 0.00019571 0.00099137 0.02141244 0.97131126 0.00488132 
9.00000000 0.00073288 0.00077495 0.00024333 0.00128929 0.02672589 0.96416386 0.00606979 
10.00000000 0.00088821 0.00094741 0.00029548 0.00163815 0.03252400 0.95634903 0.00735771 
11.00000000 0.00105465 0.00113506 0.00035207 0.00204235 0.03877447 0.94790544 0.00873597 
12.00000000 0.00123120 0.00133732 0.00041306 0.00250635 0.04544469 0.93887192 0.01019546 
13.00000000 0.00141690 0.00155360 0.00047845 0.00303463 0.05250191 0.92928737 0.01172714 
14.00000000 0.00161080 0.00178333 0.00054825 0.00363159 0.05991337 0.91919060 0.01332207 
15.00000000 0.00181196 0.00202590 0.00062250 0.00430149 0.06764644 0.90862024 0.01497148 
16.00000000 0.00201949 0.00228071 0.00070125 0.00504841 0.07566874 0.89761462 0.01666678 
17.00000000 0.00223250 0.00254717 0.00078457 0.00587617 0.08394830 0.88621165 0.01839965 
18.00000000 0.00245014 0.00282466 0.00087254 0.00678829 0.09245362 0.87444872 0.02016203 
19.00000000 0.00267159 0.00311257 0.00096526 0.00778797 0.10115380 0.86236262 0.02194618 
20.00000000 0.00289607 0.00341030 0.00106284 0.00887801 0.11001865 0.84998943 0.02374471 
21.00000000 0.00312280 0.00371722 0.00116538 0.01006080 0.11901875 0.83736448 0.02555058 
22.00000000 0.00335107 0.00403271 0.00127299 0.01133832 0.12812555 0.82452220 0.02735716 
23.00000000 0.00358018 0.00435617 0.00138581 0.01271204 0.13731144 0.81149615 0.02915821 
24.00000000 0.00380948 0.00468697 0.00150395 0.01418300 0.14654979 0.79831887 0.03094794 
25.00000000 0.00403836 0.00502451 0.00162753 0.01575173 0.15581503 0.78502189 0.03272096 
26.00000000 0.00426623 0.00536816 0.00175667 0.01741827 0.16508269 0.77163564 0.03447234 
27.00000000 0.00449255 0.00571732 0.00189149 0.01918217 0.17432942 0.75818944 0.03619761 
28.00000000 0.00471680 0.00607139 0.00203212 0.02104248 0.18353306 0.74471144 0.03789271 
29.00000000 0.00493853 0.00642977 0.00217866 0.02299777 0.19267261 0.73122860 0.03955406 
30.00000000 0.00515730 0.00679187 0.00233123 0.02504614 0.20172829 0.71776667 0.04117850 
31.00000000 0.00537271 0.00715712 0.00248994 0.02718523 0.21068153 0.70435017 0.04276331 
32.00000000 0.00558441 0.00752495 0.00265488 0.02941223 0.21951497 0.69100237 0.04430619 
33.00000000 0.00579208 0.00789479 0.00282616 0.03172393 0.22821248 0.67774531 0.04580526 
34.00000000 0.00599543 0.00826611 0.00300386 0.03411671 0.23675912 0.66459975 0.04725903 
35.00000000 0.00619422 0.00863836 0.00318808 0.03658659 0.24514114 0.65158521 0.04866639 
36.00000000 0.00638824 0.00901104 0.00337889 0.03912926 0.25334598 0.63871997 0.05002662 
37.00000000 0.00657731 0.00938363 0.00357637 0.04174009 0.26136221 0.62602108 0.05133931 
38.00000000 0.00676128 0.00975565 0.00378059 0.04441417 0.26917955 0.61350435 0.05260440 
39.00000000 0.00694005 0.01012663 0.00399161 0.04714636 0.27678881 0.60118441 0.05382214 
40.00000000 0.00711354 0.01049610 0.00420948 0.04993131 0.28418183 0.58907469 0.05499305 
41.00000000 0.00728169 0.01086365 0.00443426 0.05276347 0.29135152 0.57718748 0.05611792 
42.00000000 0.00744451 0.01122885 0.00466600 0.05563718 0.29829176 0.56553393 0.05719778 
43.00000000 0.00760199 0.01159129 0.00490473 0.05854664 0.30499737 0.55412409 0.05823389 
44.00000000 0.00775418 0.01195060 0.00515048 0.06148601 0.31146410 0.54296694 0.05922769 
45.00000000 0.00790115 0.01230641 0.00540329 0.06444938 0.31768855 0.53207042 0.06018079 
46.00000000 0.00804299 0.01265839 0.00566318 0.06743084 0.32366815 0.52144147 0.06109498 
47.00000000 0.00817982 0.01300621 0.00593016 0.07042451 0.32940110 0.51108606 0.06197214 
48.00000000 0.00831178 0.01334956 0.00620427 0.07342454 0.33488633 0.50100923 0.06281429 
49.00000000 0.00843903 0.01368816 0.00648549 0.07642517 0.34012349 0.49121514 0.06362352 
50.00000000 0.00856176 0.01402174 0.00677386 0.07942076 0.34511284 0.48170707 0.06440199 
51.00000000 0.00868017 0.01435004 0.00706936 0.08240577 0.34985525 0.47248751 0.06515191 
52.00000000 0.00879447 0.01467285 0.00737200 0.08537485 0.35435215 0.46355816 0.06587551 
53.00000000 0.00890491 0.01498994 0.00768179 0.08832280 0.35860551 0.45491999 0.06657506 
54.00000000 0.00901173 0.01530112 0.00799872 0.09124463 0.36261774 0.44657328 0.06725279 
55.00000000 0.00911521 0.01560621 0.00832278 0.09413554 0.36639170 0.43851763 0.06791094 
56.00000000 0.00921560 0.01590504 0.00865397 0.09699100 0.36993065 0.43075204 0.06855170 
57.00000000 0.00931322 0.01619746 0.00899229 0.09980668 0.37323821 0.42327493 0.06917721 
58.00000000 0.00940834 0.01648334 0.00933772 0.10257854 0.37631832 0.41608417 0.06978957 
59.00000000 0.00950127 0.01676257 0.00969027 0.10530277 0.37917521 0.40917711 0.07039080 
60.00000000 0.00959232 0.01703503 0.01004993 0.10797586 0.38181336 0.40255066 0.07098285 
61.00000000 0.00968181 0.01730063 0.01041669 0.11059456 0.38423749 0.39620126 0.07156756 
62.00000000 0.00977005 0.01755929 0.01079054 0.11315592 0.38645251 0.39012498 0.07214671 
63.00000000 0.00985736 0.01781095 0.01117149 0.11565725 0.38846349 0.38431749 0.07272197 
64.00000000 0.00994407 0.01805554 0.01155954 0.11809617 0.39027567 0.37877414 0.07329488 
65.00000000 0.01003049 0.01829303 0.01195468 0.12047056 0.39189437 0.37348998 0.07386690 
66.00000000 0.01011694 0.01852337 0.01235691 0.12277861 0.39332505 0.36845976 0.07443937 
67.00000000 0.01020374 0.01874655 0.01276624 0.12501875 0.39457320 0.36367800 0.07501352 
68.00000000 0.01029119 0.01896254 0.01318268 0.12718972 0.39564442 0.35913899 0.07559046 
69.00000000 0.01037960 0.01917134 0.01360623 0.12929050 0.39654430 0.35483682 0.07617119 
70.00000000 0.01046928 0.01937296 0.01403691 0.13132035 0.39727848 0.35076542 0.07675659 
71.00000000 0.01056050 0.01956741 0.01447473 0.13327877 0.39785261 0.34691855 0.07734744 
72.00000000 0.01065356 0.01975470 0.01491970 0.13516548 0.39827232 0.34328986 0.07794438 
73.00000000 0.01074872 0.01993487 0.01537185 0.13698048 0.39854322 0.33987288 0.07854799 
74.00000000 0.01084624 0.02010795 0.01583119 0.13872394 0.39867092 0.33666108 0.07915869 
75.00000000 0.01094638 0.02027398 0.01629774 0.14039627 0.39866097 0.33364782 0.07977685 
76.00000000 0.01104937 0.02043302 0.01677153 0.14199806 0.39851887 0.33082644 0.08040270 
77.00000000 0.01115544 0.02058513 0.01725259 0.14353010 0.39825008 0.32819024 0.08103642 
78.00000000 0.01126480 0.02073037 0.01774095 0.14499335 0.39786000 0.32573248 0.08167806 
79.00000000 0.01137764 0.02086881 0.01823662 0.14638891 0.39735394 0.32344645 0.08232762 
80.00000000 0.01149414 0.02100055 0.01873965 0.14771806 0.39673717 0.32132541 0.08298501 
81.00000000 0.01161448 0.02112566 0.01925006 0.14898219 0.39601487 0.31936267 0.08365006 
82.00000000 0.01173880 0.02124425 0.01976789 0.15018282 0.39519214 0.31755154 0.08432257 
83.00000000 0.01186724 0.02135642 0.02029316 0.15132157 0.39427399 0.31588540 0.08500223 
84.00000000 0.01199991 0.02146227 0.02082591 0.15240019 0.39326535 0.31435767 0.08568871 
85.00000000 0.01213691 0.02156193 0.02136616 0.15342047 0.39217108 0.31296182 0.08638163 
86.00000000 0.01227834 0.02165552 0.02191395 0.15438430 0.39099592 0.31169141 0.08708055 
87.00000000 0.01242425 0.02174318 0.02246930 0.15529364 0.38974455 0.31054006 0.08778501 
88.00000000 0.01257471 0.02182505 0.02303225 0.15615048 0.38842153 0.30950148 0.08849452 
89.00000000 0.01272974 0.02190127 0.02360280 0.15695685 0.38703134 0.30856946 0.08920853 
90.00000000 0.01288936 0.02197200 0.02418099 0.15771484 0.38557838 0.30773789 0.08992653 
91.00000000 0.01305357 0.02203740 0.02476684 0.15842654 0.38406694 0.30700078 0.09064793 
92.00000000 0.01322237 0.02209765 0.02536035 0.15909404 0.38250120 0.30635221 0.09137218 
93.00000000 0.01339571 0.02215291 0.02596154 0.15971945 0.38088528 0.30578641 0.09209868 
94.00000000 0.01357356 0.02220338 0.02657042 0.16030489 0.37922319 0.30529768 0.09282687 
95.00000000 0.01375585 0.02224924 0.02718699 0.16085243 0.37751884 0.30488048 0.09355616 
96.00000000 0.01394251 0.02229069 0.02781125 0.16136416 0.37577605 0.30452937 0.09428597 
97.00000000 0.01413344 0.02232794 0.02844320 0.16184211 0.37399853 0.30423904 0.09501574 
98.00000000 0.01432855 0.02236119 0.02908281 0.16228831 0.37218992 0.30400430 0.09574491 
99.00000000 0.01452773 0.02239066 0.02973008 0.16270473 0.37035375 0.30382011 0.09647295 
100.00000000 0.01473083 0.02241657 0.03038498 0.16309332 0.36849345 0.30368153 0.09719932 
101.00000000 0.01493773 0.02243914 0.03104749 0.16345597 0.36661236 0.30358379 0.09792353 
102.00000000 0.01514827 0.02245860 0.03171756 0.16379452 0.36471373 0.30352223 0.09864509 
103.00000000 0.01536229 0.02247520 0.03239517 0.16411076 0.36280071 0.30349234 0.09936353 
104.00000000 0.01557963 0.02248916 0.03308026 0.16440643 0.36087633 0.30348976 0.10007842 
105.00000000 0.01580011 0.02250073 0.03377278 0.16468321 0.35894356 0.30351024 0.10078936 
106.00000000 0.01602354 0.02251016 0.03447268 0.16494273 0.35700525 0.30354970 0.10149594 
107.00000000 0.01624973 0.02251768 0.03517989 0.16518654 0.35506416 0.30360419 0.10219781 
108.00000000 0.01647849 0.02252354 0.03589433 0.16541613 0.35312295 0.30366991 0.10289465 
109.00000000 0.01670960 0.02252800 0.03661594 0.16563294 0.35118418 0.30374320 0.10358614 
110.00000000 0.01694286 0.02253130 0.03734463 0.16583834 0.34925032 0.30382055 0.10427200 
111.00000000 0.01717807 0.02253369 0.03808031 0.16603364 0.34732372 0.30389858 0.10495199 
112.00000000 0.01741501 0.02253542 0.03882288 0.16622008 0.34540666 0.30397406 0.10562589 
113.00000000 0.01765345 0.02253673 0.03957225 0.16639885 0.34350130 0.30404393 0.10629349 
114.00000000 0.01789320 0.02253787 0.04032831 0.16657104 0.34160971 0.30410525 0.10695462 
115.00000000 0.01813402 0.02253907 0.04109095 0.16673773 0.33973386 0.30415522 0.10760914 
116.00000000 0.01837571 0.02254058 0.04186005 0.16689991 0.33787561 0.30419120 0.10825693 
117.00000000 0.01861805 0.02254263 0.04263550 0.16705851 0.33603675 0.30421069 0.10889788 
118.00000000 0.01886082 0.02254544 0.04341717 0.16721440 0.33421892 0.30421133 0.10953192 
119.00000000 0.01910382 0.02254924 0.04420494 0.16736841 0.33242372 0.30419089 0.11015899 
120.00000000 0.01934684 0.02255424 0.04499866 0.16752129 0.33065261 0.30414731 0.11077905 
121.00000000 0.01958968 0.02256065 0.04579820 0.16767376 0.32890696 0.30407864 0.11139209 
122.00000000 0.01983214 0.02256868 0.04660343 0.16782648 0.32718806 0.30398309 0.11199811 
123.00000000 0.02007403 0.02257852 0.04741420 0.16798005 0.32549708 0.30385900 0.11259711 
124.00000000 0.02031517 0.02259036 0.04823037 0.16813504 0.32383510 0.30370483 0.11318913 
125.00000000 0.02055536 0.02260438 0.04905179 0.16829194 0.32220313 0.30351920 0.11377421 
126.00000000 0.02079444 0.02262074 0.04987832 0.16845123 0.32060204 0.30330083 0.11435240 
127.00000000 0.02103224 0.02263960 0.05070979 0.16861334 0.31903264 0.30304860 0.11492377 
128.00000000 0.02126861 0.02266112 0.05154606 0.16877865 0.31749565 0.30276150 0.11548840 
129.00000000 0.02150339 0.02268544 0.05238698 0.16894750 0.31599167 0.30243865 0.11604636 
130.00000000 0.02173645 0.02271267 0.05323240 0.16912020 0.31452125 0.30207929 0.11659774 
131.00000000 0.02196764 0.02274295 0.05408215 0.16929702 0.31308482 0.30168278 0.11714264 
132.00000000 0.02219684 0.02277638 0.05493609 0.16947820 0.31168274 0.30124858 0.11768116 
133.00000000 0.02242394 0.02281305 0.05579406 0.16966395 0.31031529 0.30077630 0.11821340 
134.00000000 0.02264883 0.02285306 0.05665591 0.16985445 0.30898265 0.30026563 0.11873947 
135.00000000 0.02287141 0.02289647 0.05752148 0.17004985 0.30768495 0.29971638 0.11925947 
136.00000000 0.02309160 0.02294334 0.05839063 0.17025026 0.30642221 0.29912845 0.11977352 
137.00000000 0.02330931 0.02299374 0.05926320 0.17045578 0.30519440 0.29850186 0.12028171 
138.00000000 0.02352448 0.02304770 0.06013905 0.17066650 0.30400140 0.29783672 0.12078416 
139.00000000 0.02373704 0.02310524 0.06101803 0.17088246 0.30284304 0.29713322 0.12128097 
140.00000000 0.02394695 0.02316639 0.06189998 0.17110370 0.30171907 0.29639166 0.12177225 
141.00000000 0.02415416 0.02323115 0.06278478 0.17133023 0.30062917 0.29561242 0.12225809 
142.00000000 0.02435864 0.02329953 0.06367227 0.17156204 0.29957297 0.29479595 0.12273860 
143.00000000 0.02456037 0.02337150 0.06456231 0.17179912 0.29855004 0.29394279 0.12321386 
144.00000000 0.02475933 0.02344704 0.06545478 0.17204143 0.29755989 0.29305356 0.12368397 
145.00000000 0.02495552 0.02352612 0.06634953 0.17228891 0.29660197 0.29212893 0.12414902 
146.00000000 0.02514893 0.02360869 0.06724643 0.17254152 0.29567570 0.29116965 0.12460908 
147.00000000 0.02533958 0.02369470 0.06814535 0.17279916 0.29478042 0.29017654 0.12506424 
148.00000000 0.02552748 0.02378410 0.06904617 0.17306175 0.29391547 0.28915046 0.12551455 
149.00000000 0.02571266 0.02387680 0.06994876 0.17332921 0.29308011 0.28809234 0.12596010 
150.00000000 0.02589515 0.02397274 0.07085300 0.17360142 0.29227359 0.28700316 0.12640094 
151.00000000 0.02607499 0.02407182 0.07175877 0.17387827 0.29149509 0.28588392 0.12683713 
152.00000000 0.02625222 0.02417396 0.07266596 0.17415964 0.29074381 0.28473570 0.12726872 
153.00000000 0.02642689 0.02427905 0.07357445 0.17444539 0.29001887 0.28355959 0.12769576 
154.00000000 0.02659906 0.02438699 0.07448412 0.17473541 0.28931939 0.28235674 0.12811829 
155.00000000 0.02676879 0.02449767 0.07539488 0.17502953 0.28864447 0.28112830 0.12853635 
156.00000000 0.02693615 0.02461097 0.07630662 0.17532763 0.28799318 0.27987548 0.12894997 
157.00000000 0.02710122 0.02472676 0.07721924 0.17562955 0.28736457 0.27859948 0.12935919 
158.00000000 0.02726405 0.02484493 0.07813263 0.17593513 0.28675769 0.27730155 0.12976402 
159.00000000 0.02742474 0.02496535 0.07904670 0.17624422 0.28617156 0.27598293 0.13016449 
160.00000000 0.02758337 0.02508788 0.07996136 0.17655667 0.28560522 0.27464490 0.13056062 
161.00000000 0.02774002 0.02521238 0.08087651 0.17687229 0.28505766 0.27328872 0.13095242 
162.00000000 0.02789478 0.02533873 0.08179206 0.17719094 0.28452791 0.27191567 0.13133991 
163.00000000 0.02804774 0.02546677 0.08270793 0.17751244 0.28401498 0.27052704 0.13172309 
164.00000000 0.02819899 0.02559638 0.08362403 0.17783663 0.28351788 0.26912412 0.13210198 
165.00000000 0.02834864 0.02572740 0.08454028 0.17816334 0.28303561 0.26770816 0.13247657 
166.00000000 0.02849677 0.02585970 0.08545660 0.17849239 0.28256722 0.26628046 0.13284687 
167.00000000 0.02864347 0.02599313 0.08637291 0.17882361 0.28211172 0.26484227 0.13321289 
168.00000000 0.02878886 0.02612755 0.08728913 0.17915684 0.28166815 0.26339484 0.13357463 
169.00000000 0.02893302 0.02626282 0.08820519 0.17949190 0.28123557 0.26193942 0.13393208 
170.00000000 0.02907604 0.02639881 0.08912102 0.17982863 0.28081305 0.26047721 0.13428525 
171.00000000 0.02921804 0.02653536 0.09003655 0.18016684 0.28039965 0.25900943 0.13463413 
172.00000000 0.02935910 0.02667235 0.09095170 0.18050637 0.27999449 0.25753726 0.13497872 
173.00000000 0.02949931 0.02680965 0.09186642 0.18084706 0.27959668 0.25606185 0.13531903 
174.00000000 0.02963878 0.02694711 0.09278063 0.18118873 0.27920535 0.25458434 0.13565505 
175.00000000 0.02977759 0.02708462 0.09369427 0.18153122 0.27881967 0.25310583 0.13598679 
176.00000000 0.02991584 0.02722204 0.09460729 0.18187436 0.27843882 0.25162741 0.13631424 
177.00000000 0.03005361 0.02735925 0.09551961 0.18221799 0.27806200 0.25015013 0.13663741 
178.00000000 0.03019099 0.02749614 0.09643119 0.18256194 0.27768844 0.24867500 0.13695630 
179.00000000 0.03032807 0.02763258 0.09734195 0.18290606 0.27731740 0.24720301 0.13727092 
180.00000000 0.03046492 0.02776847 0.09825186 0.18325019 0.27694817 0.24573512 0.13758127 
181.00000000 0.03060163 0.02790370 0.09916085 0.18359418 0.27658004 0.24427224 0.13788736 
182.00000000 0.03073828 0.02803817 0.10006887 0.18393786 0.27621236 0.24281528 0.13818919 
183.00000000 0.03087493 0.02817177 0.10097586 0.18428110 0.27584449 0.24136506 0.13848679 
184.00000000 0.03101166 0.02830441 0.10188178 0.18462374 0.27547583 0.23992242 0.13878016 
185.00000000 0.03114853 0.02843601 0.10278658 0.18496563 0.27510580 0.23848812 0.13906932 
186.00000000 0.03128562 0.02856648 0.10369020 0.18530665 0.27473386 0.23706291 0.13935428 
187.00000000 0.03142298 0.02869574 0.10459260 0.18564664 0.27435948 0.23564749 0.13963506 
188.00000000 0.03156068 0.02882371 0.10549374 0.18598547 0.27398218 0.23424253 0.13991168 
189.00000000 0.03169876 0.02895032 0.10639357 0.18632301 0.27360150 0.23284866 0.14018417 
190.00000000 0.03183728 0.02907551 0.10729205 0.18665914 0.27321701 0.23146646 0.14045255 
191.00000000 0.03197628 0.02919921 0.10818913 0.18699372 0.27282831 0.23009650 0.14071684 
192.00000000 0.03211582 0.02932137 0.10908478 0.18732664 0.27243503 0.22873928 0.14097707 
193.00000000 0.03225594 0.02944194 0.10997894 0.18765778 0.27203682 0.22739530 0.14123327 
194.00000000 0.03239666 0.02956087 0.11087159 0.18798703 0.27163338 0.22606499 0.14148548 
195.00000000 0.03253803 0.02967812 0.11176269 0.18831427 0.27122440 0.22474876 0.14173372 
196.00000000 0.03268009 0.02979365 0.11265220 0.18863941 0.27080965 0.22344698 0.14197803 
197.00000000 0.03282284 0.02990743 0.11354008 0.18896234 0.27038887 0.22215999 0.14221844 
198.00000000 0.03296634 0.03001943 0.11442630 0.18928297 0.26996188 0.22088810 0.14245499 
199.00000000 0.03311058 0.03012962 0.11531083 0.18960120 0.26952848 0.21963156 0.14268773 
200.00000000 0.03325560 0.03023799 0.11619363 0.18991694 0.26908853 0.21839063 0.14291668 
201.00000000 0.03340140 0.03034452 0.11707468 0.19023012 0.26864189 0.21716549 0.14314189 
202.00000000 0.03354801 0.03044920 0.11795394 0.19054066 0.26818846 0.21595632 0.14336341 
203.00000000 0.03369543 0.03055202 0.11883138 0.19084848 0.26772815 0.21476327 0.14358126 
204.00000000 0.03384366 0.03065297 0.11970698 0.19115352 0.26726091 0.21358645 0.14379551 
205.00000000 0.03399272 0.03075206 0.12058072 0.19145570 0.26678668 0.21242594 0.14400618 
206.00000000 0.03414259 0.03084929 0.12145255 0.19175498 0.26630546 0.21128179 0.14421333 
207.00000000 0.03429329 0.03094467 0.12232247 0.19205129 0.26581724 0.21015404 0.14441700 
208.00000000 0.03444481 0.03103820 0.12319044 0.19234459 0.26532205 0.20904268 0.14461723 
209.00000000 0.03459713 0.03112990 0.12405645 0.19263483 0.26481991 0.20794769 0.14481408 
210.00000000 0.03475026 0.03121979 0.12492048 0.19292197 0.26431089 0.20686904 0.14500758 
211.00000000 0.03490418 0.03130788 0.12578249 0.19320598 0.26379505 0.20580665 0.14519778 
212.00000000 0.03505887 0.03139419 0.12664249 0.19348682 0.26327249 0.20476042 0.14538472 
213.00000000 0.03521433 0.03147876 0.12750043 0.19376446 0.26274329 0.20373026 0.14556846 
214.00000000 0.03537054 0.03156160 0.12835632 0.19403890 0.26220759 0.20271602 0.14574903 
215.00000000 0.03552747 0.03164275 0.12921013 0.19431010 0.26166550 0.20171757 0.14592649 
216.00000000 0.03568511 0.03172223 0.13006184 0.19457806 0.26111717 0.20073472 0.14610087 
217.00000000 0.03584343 0.03180007 0.13091145 0.19484276 0.26056275 0.19976731 0.14627222 
218.00000000 0.03600241 0.03187632 0.13175894 0.19510421 0.26000240 0.19881513 0.14644059 
219.00000000 0.03616203 0.03195101 0.13260429 0.19536240 0.25943628 0.19787797 0.14660601 
220.00000000 0.03632226 0.03202418 0.13344750 0.19561734 0.25886459 0.19695560 0.14676853 
221.00000000 0.03648307 0.03209586 0.13428855 0.19586904 0.25828751 0.19604779 0.14692819 
222.00000000 0.03664443 0.03216610 0.13512743 0.19611750 0.25770523 0.19515428 0.14708503 
223.00000000 0.03680632 0.03223493 0.13596414 0.19636275 0.25711796 0.19427481 0.14723909 
224.00000000 0.03696870 0.03230240 0.13679867 0.19660479 0.25652591 0.19340912 0.14739041 
225.00000000 0.03713154 0.03236856 0.13763100 0.19684367 0.25592929 0.19255692 0.14753903 
226.00000000 0.03729481 0.03243344 0.13846114 0.19707939 0.25532831 0.19171793 0.14768498 
227.00000000 0.03745848 0.03249710 0.13928907 0.19731200 0.25472320 0.19089186 0.14782831 
228.00000000 0.03762251 0.03255957 0.14011479 0.19754152 0.25411418 0.19007840 0.14796904 
229.00000000 0.03778687 0.03262091 0.14093829 0.19776799 0.25350148 0.18927725 0.14810722 
230.00000000 0.03795152 0.03268115 0.14175957 0.19799144 0.25288533 0.18848811 0.14824288 
231.00000000 0.03811644 0.03274035 0.14257862 0.19821192 0.25226595 0.18771066 0.14837605 
232.00000000 0.03828159 0.03279856 0.14339545 0.19842947 0.25164359 0.18694458 0.14850676 
233.00000000 0.03844693 0.03285581 0.14421004 0.19864414 0.25101847 0.18618956 0.14863505 
234.00000000 0.03861242 0.03291215 0.14502241 0.19885597 0.25039082 0.18544529 0.14876094 
235.00000000 0.03877805 0.03296763 0.14583253 0.19906501 0.24976088 0.18471144 0.14888446 
236.00000000 0.03894376 0.03302230 0.14664042 0.19927132 0.24912887 0.18398769 0.14900565 
237.00000000 0.03910952 0.03307620 0.14744607 0.19947494 0.24849501 0.18327372 0.14912454 
238.00000000 0.03927531 0.03312937 0.14824948 0.19967593 0.24785955 0.18256923 0.14924114 
239.00000000 0.03944108 0.03318187 0.14905064 0.19987434 0.24722269 0.18187388 0.14935549 
240.00000000 0.03960681 0.03323372 0.14984957 0.20007024 0.24658466 0.18118738 0.14946760 
241.00000000 0.03977247 0.03328499 0.15064626 0.20026367 0.24594569 0.18050940 0.14957752 
242.00000000 0.03993801 0.03333570 0.15144071 0.20045471 0.24530597 0.17983965 0.14968526 
243.00000000 0.04010341 0.03338591 0.15223292 0.20064339 0.24466573 0.17917781 0.14979084 
244.00000000 0.04026863 0.03343564 0.15302289 0.20082980 0.24402516 0.17852359 0.14989428 
245.00000000 0.04043365 0.03348495 0.15381063 0.20101397 0.24338448 0.17787669 0.14999562 
246.00000000 0.04059844 0.03353387 0.15459613 0.20119598 0.24274388 0.17723683 0.15009487 
247.00000000 0.04076296 0.03358243 0.15537939 0.20137589 0.24210355 0.17660372 0.15019205 
248.00000000 0.04092719 0.03363068 0.15616043 0.20155374 0.24146369 0.17597708 0.15028719 
249.00000000 0.04109110 0.03367866 0.15693923 0.20172961 0.24082447 0.17535663 0.15038030 
250.00000000 0.04125467 0.03372638 0.15771580 0.20190356 0.24018607 0.17474212 0.15047141 
251.00000000 0.04141786 0.03377390 0.15849015 0.20207563 0.23954866 0.17413327 0.15056052 
252.00000000 0.04158066 0.03382124 0.15926227 0.20224589 0.23891243 0.17352984 0.15064767 
253.00000000 0.04174303 0.03386843 0.16003217 0.20241440 0.23827751 0.17293157 0.15073288 
254.00000000 0.04190496 0.03391551 0.16079985 0.20258121 0.23764408 0.17233824 0.15081615 
255.00000000 0.04206642 0.03396250 0.16156531 0.20274638 0.23701229 0.17174959 0.15089750 
256.00000000 0.04222739 0.03400943 0.16232856 0.20290997 0.23638226 0.17116542 0.15097697 
257.00000000 0.04238786 0.03405633 0.16308959 0.20307202 0.23575416 0.17058549 0.15105455 
258.00000000 0.04254779 0.03410322 0.16384841 0.20323259 0.23512810 0.17000960 0.15113028 
259.00000000 0.04270718 0.03415013 0.16460502 0.20339174 0.23450422 0.16943755 0.15120416 
260.00000000 0.04286601 0.03419707 0.16535943 0.20354951 0.23388264 0.16886913 0.15127621 
261.00000000 0.04302425 0.03424408 0.16611163 0.20370594 0.23326347 0.16830417 0.15134646 
262.00000000 0.04318190 0.03429117 0.16686162 0.20386110 0.23264683 0.16774248 0.15141491 
263.00000000 0.04333894 0.03433835 0.16760942 0.20401502 0.23203281 0.16718388 0.15148158 
264.00000000 0.04349535 0.03438566 0.16835503 0.20416776 0.23142151 0.16662821 0.15154649 
265.00000000 0.04365112 0.03443310 0.16909843 0.20431934 0.23081303 0.16607532 0.15160966 
266.00000000 0.04380625 0.03448068 0.16983964 0.20446982 0.23020745 0.16552506 0.15167109 
267.00000000 0.04396072 0.03452844 0.17057867 0.20461924 0.22960485 0.16497727 0.15173081 
268.00000000 0.04411453 0.03457636 0.17131550 0.20476763 0.22900531 0.16443184 0.15178884 
269.00000000 0.04426765 0.03462448 0.17205015 0.20491504 0.22840889 0.16388862 0.15184518 
270.00000000 0.04442010 0.03467279 0.17278261 0.20506149 0.22781567 0.16334750 0.15189985 
271.00000000 0.04457185 0.03472132 0.17351288 0.20520702 0.22722569 0.16280837 0.15195287 
272.00000000 0.04472291 0.03477005 0.17424098 0.20535166 0.22663902 0.16227112 0.15200425 
273.00000000 0.04487326 0.03481901 0.17496690 0.20549546 0.22605570 0.16173565 0.15205401 
274.00000000 0.04502292 0.03486821 0.17569064 0.20563842 0.22547577 0.16120188 0.15210217 
275.00000000 0.04517186 0.03491763 0.17641220 0.20578059 0.22489928 0.16066971 0.15214873 
276.00000000 0.04532010 0.03496729 0.17713159 0.20592199 0.22432625 0.16013906 0.15219372 
277.00000000 0.04546762 0.03501720 0.17784881 0.20606264 0.22375671 0.15960988 0.15223714 
278.00000000 0.04561444 0.03506735 0.17856385 0.20620257 0.22319069 0.15908208 0.15227902 
279.00000000 0.04576055 0.03511774 0.17927673 0.20634180 0.22262821 0.15855561 0.15231937 
280.00000000 0.04590594 0.03516837 0.17998744 0.20648035 0.22206928 0.15803042 0.15235820 
281.00000000 0.04605063 0.03521925 0.18069598 0.20661823 0.22151392 0.15750645 0.15239553 
282.00000000 0.04619462 0.03527038 0.18140236 0.20675548 0.22096213 0.15698368 0.15243137 
283.00000000 0.04633790 0.03532174 0.18210657 0.20689209 0.22041391 0.15646205 0.15246574 
284.00000000 0.04648049 0.03537334 0.18280862 0.20702810 0.21986927 0.15594154 0.15249865 
285.00000000 0.04662238 0.03542517 0.18350851 0.20716350 0.21932820 0.15542212 0.15253011 
286.00000000 0.04676359 0.03547723 0.18420624 0.20729833 0.21879068 0.15490378 0.15256015 
287.00000000 0.04690412 0.03552951 0.18490181 0.20743258 0.21825673 0.15438649 0.15258877 
288.00000000 0.04704397 0.03558201 0.18559523 0.20756626 0.21772631 0.15387024 0.15261599 
289.00000000 0.04718315 0.03563472 0.18628649 0.20769939 0.21719941 0.15335502 0.15264182 
290.00000000 0.04732167 0.03568764 0.18697559 0.20783198 0.21667601 0.15284083 0.15266628 
291.00000000 0.04745954 0.03574075 0.18766254 0.20796402 0.21615609 0.15232768 0.15268938 
292.00000000 0.04759677 0.03579405 0.18834734 0.20809554 0.21563962 0.15181555 0.15271114 
293.00000000 0.04773335 0.03584753 0.18902999 0.20822652 0.21512658 0.15130447 0.15273156 
294.00000000 0.04786932 0.03590118 0.18971049 0.20835699 0.21461693 0.15079444 0.15275066 
295.00000000 0.04800466 0.03595499 0.19038884 0.20848693 0.21411065 0.15028547 0.15276846 
296.00000000 0.04813940 0.03600895 0.19106505 0.20861636 0.21360769 0.14977758 0.15278497 
297.00000000 0.04827354 0.03606305 0.19173911 0.20874528 0.21310803 0.14927080 0.15280020 
298.00000000 0.04840709 0.03611729 0.19241102 0.20887368 0.21261163 0.14876514 0.15281417 
299.00000000 0.04854006 0.03617164 0.19308079 0.20900156 0.21211844 0.14826062 0.15282688 
300.00000000 0.04867247 0.03622611 0.19374843 0.20912894 0.21162843 0.14775728 0.15283835 
301.00000000 0.04880432 0.03628067 0.19441392 0.20925580 0.21114155 0.14725514 0.15284860 
302.00000000 0.04893563 0.03633532 0.19507727 0.20938215 0.21065776 0.14675423 0.15285764 
303.00000000 0.04906640 0.03639005 0.19573848 0.20950798 0.21017702 0.14625458 0.15286547 
304.00000000 0.04919665 0.03644485 0.19639757 0.20963329 0.20969929 0.14575624 0.15287212 
305.00000000 0.04932639 0.03649970 0.19705451 0.20975809 0.20922451 0.14525922 0.15287759 
306.00000000 0.04945563 0.03655459 0.19770932 0.20988235 0.20875263 0.14476358 0.15288190 
307.00000000 0.04958438 0.03660951 0.19836201 0.21000609 0.20828362 0.14426934 0.15288505 
308.00000000 0.04971265 0.03666445 0.19901256 0.21012930 0.20781743 0.14377654 0.15288707 
309.00000000 0.04984046 0.03671940 0.19966099 0.21025198 0.20735400 0.14328522 0.15288796 
310.00000000 0.04996781 0.03677435 0.20030729 0.21037411 0.20689329 0.14279543 0.15288773 
311.00000000 0.05009472 0.03682928 0.20095147 0.21049570 0.20643525 0.14230719 0.15288640 
312.00000000 0.05022119 0.03688419 0.20159352 0.21061674 0.20597983 0.14182056 0.15288397 
313.00000000 0.05034724 0.03693906 0.20223345 0.21073723 0.20552698 0.14133556 0.15288047 
314.00000000 0.05047288 0.03699389 0.20287127 0.21085716 0.20507666 0.14085225 0.15287589 
315.00000000 0.05059812 0.03704866 0.20350697 0.21097652 0.20462882 0.14037065 0.15287026 
316.00000000 0.05072297 0.03710336 0.20414056 0.21109532 0.20418340 0.13989081 0.15286358 
317.00000000 0.05084744 0.03715798 0.20477203 0.21121354 0.20374037 0.13941278 0.15285586 
318.00000000 0.05097154 0.03721251 0.20540140 0.21133118 0.20329968 0.13893658 0.15284712 
319.00000000 0.05109528 0.03726695 0.20602865 0.21144823 0.20286127 0.13846225 0.15283736 
320.00000000 0.05121867 0.03732128 0.20665381 0.21156469 0.20242511 0.13798985 0.15282660 
321.00000000 0.05134171 0.03737549 0.20727686 0.21168056 0.20199114 0.13751939 0.15281485 
322.00000000 0.05146443 0.03742958 0.20789780 0.21179582 0.20155933 0.13705092 0.15280212 
323.00000000 0.05158682 0.03748353 0.20851665 0.21191048 0.20112963 0.13658447 0.15278841 
324.00000000 0.05170890 0.03753735 0.20913341 0.21202452 0.20070200 0.13612009 0.15277374 
325.00000000 0.05183067 0.03759101 0.20974807 0.21213794 0.20027640 0.13565779 0.15275813 
326.00000000 0.05195214 0.03764451 0.21036064 0.21225074 0.19985278 0.13519762 0.15274157 
327.00000000 0.05207332 0.03769785 0.21097113 0.21236291 0.19943111 0.13473961 0.15272408 
328.00000000 0.05219421 0.03775102 0.21157953 0.21247444 0.19901134 0.13428378 0.15270568 
329.00000000 0.05231484 0.03780401 0.21218585 0.21258534 0.19859345 0.13383016 0.15268636 
330.00000000 0.05243519 0.03785681 0.21279009 0.21269559 0.19817739 0.13337879 0.15266614 
331.00000000 0.05255528 0.03790942 0.21339225 0.21280520 0.19776312 0.13292969 0.15264504 
332.00000000 0.05267511 0.03796184 0.21399234 0.21291415 0.19735062 0.13248289 0.15262305 
333.00000000 0.05279469 0.03801405 0.21459036 0.21302245 0.19693985 0.13203840 0.15260020 
334.00000000 0.05291402 0.03806606 0.21518631 0.21313008 0.19653077 0.13159626 0.15257648 
335.00000000 0.05303312 0.03811786 0.21578020 0.21323706 0.19612336 0.13115648 0.15255192 
336.00000000 0.05315198 0.03816944 0.21637203 0.21334336 0.19571759 0.13071908 0.15252651 
337.00000000 0.05327061 0.03822081 0.21696180 0.21344899 0.19531342 0.13028409 0.15250028 
338.00000000 0.05338901 0.03827195 0.21754952 0.21355395 0.19491083 0.12985151 0.15247322 
339.00000000 0.05350720 0.03832287 0.21813519 0.21365824 0.19450980 0.12942136 0.15244535 
340.00000000 0.05362516 0.03837356 0.21871881 0.21376184 0.19411030 0.12899366 0.15241668 
341.00000000 0.05374291 0.03842402 0.21930039 0.21386476 0.19371229 0.12856842 0.15238721 
342.00000000 0.05386044 0.03847425 0.21987992 0.21396699 0.19331578 0.12814565 0.15235697 
343.00000000 0.05397777 0.03852424 0.22045742 0.21406854 0.19292072 0.12772537 0.15232595 
344.00000000 0.05409489 0.03857400 0.22103289 0.21416941 0.19252710 0.12730757 0.15229416 
345.00000000 0.05421180 0.03862352 0.22160633 0.21426958 0.19213490 0.12689226 0.15226162 
346.00000000 0.05432851 0.03867280 0.22217774 0.21436906 0.19174410 0.12647946 0.15222834 
347.00000000 0.05444502 0.03872185 0.22274713 0.21446785 0.19135468 0.12606916 0.15219431 
348.00000000 0.05456133 0.03877066 0.22331450 0.21456594 0.19096664 0.12566137 0.15215956 
349.00000000 0.05467744 0.03881923 0.22387986 0.21466335 0.19057994 0.12525609 0.15212409 
350.00000000 0.05479336 0.03886756 0.22444320 0.21476006 0.19019459 0.12485331 0.15208791 
351.00000000 0.05490908 0.03891566 0.22500454 0.21485608 0.18981057 0.12445305 0.15205103 
352.00000000 0.05502460 0.03896352 0.22556388 0.21495140 0.18942785 0.12405529 0.15201346 
353.00000000 0.05513992 0.03901115 0.22612122 0.21504603 0.18904644 0.12366003 0.15197520 
354.00000000 0.05525505 0.03905854 0.22667657 0.21513997 0.18866633 0.12326726 0.15193627 
355.00000000 0.05536998 0.03910571 0.22722992 0.21523322 0.18828750 0.12287699 0.15189668 
356.00000000 0.05548472 0.03915264 0.22778129 0.21532578 0.18790994 0.12248920 0.15185643 
357.00000000 0.05559925 0.03919935 0.22833068 0.21541765 0.18753366 0.12210389 0.15181552 
358.00000000 0.05571359 0.03924583 0.22887809 0.21550883 0.18715863 0.12172104 0.15177399 
359.00000000 0.05582773 0.03929209 0.22942352 0.21559933 0.18678487 0.12134065 0.15173181 
360.00000000 0.05594167 0.03933812 0.22996699 0.21568915 0.18641235 0.12096270 0.15168902 
361.00000000 0.05605541 0.03938395 0.23050849 0.21577828 0.18604108 0.12058718 0.15164561 
362.00000000 0.05616894 0.03942955 0.23104803 0.21586674 0.18567105 0.12021408 0.15160160 
363.00000000 0.05628228 0.03947495 0.23158561 0.21595452 0.18530227 0.11984339 0.15155699 
364.00000000 0.05639540 0.03952013 0.23212124 0.21604163 0.18493472 0.11947509 0.15151179 
365.00000000 0.05650832 0.03956512 0.23265492 0.21612807 0.18456841 0.11910916 0.15146601 
366.00000000 0.05662102 0.03960990 0.23318666 0.21621384 0.18420333 0.11874559 0.15141966 
367.00000000 0.05673352 0.03965448 0.23371646 0.21629895 0.18383949 0.11838436 0.15137274 
368.00000000 0.05684580 0.03969887 0.23424432 0.21638340 0.18347688 0.11802546 0.15132527 
369.00000000 0.05695787 0.03974307 0.23477025 0.21646719 0.18311551 0.11766886 0.15127725 
370.00000000 0.05706972 0.03978708 0.23529426 0.21655033 0.18275537 0.11731455 0.15122868 
371.00000000 0.05718135 0.03983091 0.23581635 0.21663283 0.18239647 0.11696251 0.15117959 
372.00000000 0.05729276 0.03987456 0.23633651 0.21671467 0.18203881 0.11661272 0.15112997 
373.00000000 0.05740394 0.03991804 0.23685477 0.21679588 0.18168239 0.11626515 0.15107983 
374.00000000 0.05751490 0.03996134 0.23737112 0.21687646 0.18132721 0.11591980 0.15102918 
375.00000000 0.05762562 0.04000448 0.23788556 0.21695640 0.18097328 0.11557663 0.15097803 
376.00000000 0.05773612 0.04004746 0.23839811 0.21703572 0.18062059 0.11523562 0.15092638 
377.00000000 0.05784638 0.04009027 0.23890876 0.21711442 0.18026916 0.11489677 0.15087425 
378.00000000 0.05795641 0.04013293 0.23941752 0.21719250 0.17991898 0.11456003 0.15082164 
379.00000000 0.05806620 0.04017544 0.23992440 0.21726996 0.17957005 0.11422540 0.15076855 
380.00000000 0.05817575 0.04021780 0.24042939 0.21734682 0.17922239 0.11389284 0.15071500 
381.00000000 0.05828505 0.04026002 0.24093251 0.21742308 0.17887600 0.11356234 0.15066099 
382.00000000 0.05839411 0.04030210 0.24143376 0.21749875 0.17853087 0.11323388 0.15060653 
383.00000000 0.05850293 0.04034405 0.24193314 0.21757382 0.17818701 0.11290742 0.15055163 
384.00000000 0.05861149 0.04038586 0.24243066 0.21764830 0.17784444 0.11258296 0.15049629 
385.00000000 0.05871980 0.04042755 0.24292632 0.21772221 0.17750314 0.11226047 0.15044052 
386.00000000 0.05882786 0.04046911 0.24342013 0.21779554 0.17716312 0.11193992 0.15038433 
387.00000000 0.05893566 0.04051055 0.24391209 0.21786830 0.17682440 0.11162129 0.15032772 
388.00000000 0.05904321 0.04055188 0.24440220 0.21794049 0.17648696 0.11130456 0.15027070 
389.00000000 0.05915049 0.04059309 0.24489048 0.21801213 0.17615083 0.11098971 0.15021327 
390.00000000 0.05925752 0.04063419 0.24537693 0.21808321 0.17581599 0.11067671 0.15015546 
391.00000000 0.05936428 0.04067519 0.24586154 0.21815374 0.17548246 0.11036555 0.15009725 
392.00000000 0.05947077 0.04071608 0.24634433 0.21822373 0.17515023 0.11005620 0.15003865 
393.00000000 0.05957700 0.04075687 0.24682530 0.21829319 0.17481932 0.10974864 0.14997969 
394.00000000 0.05968296 0.04079757 0.24730445 0.21836211 0.17448972 0.10944285 0.14992035 
395.00000000 0.05978865 0.04083817 0.24778179 0.21843051 0.17416144 0.10913880 0.14986064 
396.00000000 0.05989407 0.04087868 0.24825733 0.21849838 0.17383447 0.10883649 0.14980058 
397.00000000 0.05999921 0.04091910 0.24873107 0.21856574 0.17350883 0.10853587 0.14974016 
398.00000000 0.06010409 0.04095944 0.24920300 0.21863259 0.17318452 0.10823695 0.14967940 
399.00000000 0.06020869 0.04099970 0.24967315 0.21869894 0.17286154 0.10793969 0.14961830 
400.00000000 0.06031301 0.04103987 0.25014151 0.21876478 0.17253989 0.10764407 0.14955687 
401.00000000 0.06041705 0.04107997 0.25060809 0.21883013 0.17221957 0.10735008 0.14949511 
402.00000000 0.06052082 0.04111999 0.25107288 0.21889499 0.17190059 0.10705769 0.14943302 
403.00000000 0.06062431 0.04115994 0.25153591 0.21895937 0.17158295 0.10676690 0.14937062 
404.00000000 0.06072752 0.04119982 0.25199716 0.21902327 0.17126664 0.10647767 0.14930791 
405.00000000 0.06083045 0.04123963 0.25245666 0.21908670 0.17095168 0.10618999 0.14924489 
406.00000000 0.06093310 0.04127937 0.25291439 0.21914966 0.17063806 0.10590385 0.14918157 
407.00000000 0.06103547 0.04131905 0.25337037 0.21921215 0.17032578 0.10561922 0.14911796 
408.00000000 0.06113756 0.04135866 0.25382460 0.21927419 0.17001484 0.10533609 0.14905406 
409.00000000 0.06123937 0.04139821 0.25427708 0.21933577 0.16970525 0.10505444 0.14898988 
410.00000000 0.06134090 0.04143770 0.25472782 0.21939691 0.16939700 0.10477426 0.14892542 
411.00000000 0.06144214 0.04147714 0.25517683 0.21945760 0.16909009 0.10449552 0.14886068 
412.00000000 0.06154311 0.04151651 0.25562411 0.21951785 0.16878453 0.10421822 0.14879568 
413.00000000 0.06164379 0.04155583 0.25606965 0.21957767 0.16848031 0.10394234 0.14873042 
414.00000000 0.06174419 0.04159509 0.25651348 0.21963705 0.16817743 0.10366786 0.14866490 
415.00000000 0.06184431 0.04163429 0.25695559 0.21969601 0.16787589 0.10339477 0.14859913 
416.00000000 0.06194415 0.04167345 0.25739599 0.21975455 0.16757570 0.10312305 0.14853311 
417.00000000 0.06204371 0.04171255 0.25783468 0.21981267 0.16727684 0.10285270 0.14846685 
418.00000000 0.06214299 0.04175160 0.25827167 0.21987038 0.16697932 0.10258370 0.14840035 
419.00000000 0.06224200 0.04179059 0.25870695 0.21992768 0.16668313 0.10231603 0.14833362 
420.00000000 0.06234072 0.04182954 0.25914055 0.21998457 0.16638827 0.10204968 0.14826667 
421.00000000 0.06243917 0.04186843 0.25957245 0.22004107 0.16609475 0.10178464 0.14819949 
422.00000000 0.06253734 0.04190728 0.26000268 0.22009716 0.16580255 0.10152090 0.14813209 
423.00000000 0.06263523 0.04194607 0.26043122 0.22015287 0.16551168 0.10125845 0.14806448 
424.00000000 0.06273285 0.04198482 0.26085808 0.22020818 0.16522213 0.10099727 0.14799666 
425.00000000 0.06283020 0.04202352 0.26128328 0.22026311 0.16493389 0.10073736 0.14792864 
426.00000000 0.06292727 0.04206216 0.26170681 0.22031766 0.16464698 0.10047870 0.14786042 
427.00000000 0.06302408 0.04210076 0.26212868 0.22037183 0.16436137 0.10022129 0.14779200 
428.00000000 0.06312061 0.04213931 0.26254889 0.22042562 0.16407707 0.09996511 0.14772340 
429.00000000 0.06321687 0.04217781 0.26296745 0.22047904 0.16379407 0.09971016 0.14765460 
430.00000000 0.06331286 0.04221626 0.26338436 0.22053209 0.16351237 0.09945642 0.14758563 
431.00000000 0.06340859 0.04225467 0.26379963 0.22058478 0.16323197 0.09920390 0.14751648 
432.00000000 0.06350405 0.04229302 0.26421326 0.22063710 0.16295285 0.09895256 0.14744715 
433.00000000 0.06359925 0.04233132 0.26462526 0.22068907 0.16267502 0.09870242 0.14737766 
434.00000000 0.06369418 0.04236957 0.26503563 0.22074067 0.16239848 0.09845347 0.14730800 
435.00000000 0.06378886 0.04240777 0.26544438 0.22079193 0.16212320 0.09820568 0.14723818 
436.00000000 0.06388327 0.04244592 0.26585150 0.22084283 0.16184920 0.09795907 0.14716820 
437.00000000 0.06397743 0.04248402 0.26625701 0.22089339 0.16157646 0.09771361 0.14709807 
438.00000000 0.06407133 0.04252207 0.26666091 0.22094360 0.16130498 0.09746931 0.14702779 
439.00000000 0.06416497 0.04256007 0.26706321 0.22099347 0.16103476 0.09722615 0.14695737 
