0.00000000 0.00225937 0.01191697 0.76937613 0.00190601 0.00102365 0.20810004 0.00541781 
1.00000000 0.00225938 0.01191697 0.76937612 0.00190601 0.00102365 0.20810006 0.00541781 
2.00000000 0.00225939 0.01191700 0.76937648 0.00190602 0.00102366 0.20809964 0.00541780 
3.00000000 0.00225948 0.01191716 0.76937835 0.00190606 0.00102371 0.20809751 0.00541773 
4.00000000 0.00225972 0.01191759 0.76938338 0.00190616 0.00102383 0.20809178 0.00541755 
5.00000000 0.00226021 0.01191847 0.76939334 0.00190636 0.00102409 0.20808034 0.00541719 
6.00000000 0.00226108 0.01191999 0.76940974 0.00190674 0.00102455 0.20806129 0.00541661 
7.00000000 0.00226245 0.01192234 0.76943340 0.00190736 0.00102531 0.20803334 0.00541580 
8.00000000 0.00226446 0.01192569 0.76946406 0.00190831 0.00102647 0.20799621 0.00541478 
9.00000000 0.00226724 0.01193017 0.76950020 0.00190970 0.00102816 0.20795087 0.00541366 
10.00000000 0.00227091 0.01193587 0.76953887 0.00191162 0.00103048 0.20789966 0.00541258 
11.00000000 0.00227560 0.01194284 0.76957580 0.00191422 0.00103360 0.20784620 0.00541175 
12.00000000 0.00228143 0.01195110 0.76960557 0.00191760 0.00103765 0.20779524 0.00541141 
13.00000000 0.00228853 0.01196064 0.76962195 0.00192193 0.00104281 0.20775230 0.00541185 
14.00000000 0.00229703 0.01197146 0.76961824 0.00192733 0.00104923 0.20772335 0.00541337 
15.00000000 0.00230707 0.01198356 0.76958767 0.00193396 0.00105709 0.20771438 0.00541627 
16.00000000 0.00231884 0.01199696 0.76952371 0.00194197 0.00106657 0.20773112 0.00542082 
17.00000000 0.00233252 0.01201171 0.76942027 0.00195153 0.00107787 0.20777881 0.00542729 
18.00000000 0.00234834 0.01202789 0.76927184 0.00196277 0.00109116 0.20786210 0.00543591 
19.00000000 0.00236651 0.01204563 0.76907343 0.00197586 0.00110664 0.20798505 0.00544687 
20.00000000 0.00238732 0.01206506 0.76882044 0.00199095 0.00112451 0.20815136 0.00546037 
21.00000000 0.00241102 0.01208632 0.76850842 0.00200820 0.00114496 0.20836450 0.00547658 
22.00000000 0.00243790 0.01210957 0.76813285 0.00202777 0.00116819 0.20862807 0.00549564 
23.00000000 0.00246825 0.01213495 0.76768888 0.00204979 0.00119441 0.20894597 0.00551775 
24.00000000 0.00250237 0.01216255 0.76717116 0.00207443 0.00122381 0.20932262 0.00554306 
25.00000000 0.00254054 0.01219248 0.76657377 0.00210183 0.00125658 0.20976303 0.00557176 
26.00000000 0.00258306 0.01222480 0.76589025 0.00213214 0.00129292 0.21027278 0.00560405 
27.00000000 0.00263021 0.01225953 0.76511375 0.00216550 0.00133304 0.21085787 0.00564011 
28.00000000 0.00268229 0.01229671 0.76423726 0.00220203 0.00137710 0.21152448 0.00568012 
29.00000000 0.00273959 0.01233635 0.76325393 0.00224188 0.00142531 0.21227869 0.00572424 
30.00000000 0.00280241 0.01237849 0.76215733 0.00228516 0.00147784 0.21312618 0.00577260 
31.00000000 0.00287105 0.01242318 0.76094172 0.00233198 0.00153486 0.21407195 0.00582526 
32.00000000 0.00294584 0.01247051 0.75960228 0.00238244 0.00159653 0.21512011 0.00588229 
33.00000000 0.00302709 0.01252058 0.75813519 0.00243664 0.00166302 0.21627381 0.00594366 
34.00000000 0.00311514 0.01257354 0.75653762 0.00249466 0.00173447 0.21753522 0.00600933 
35.00000000 0.00321032 0.01262957 0.75480766 0.00255657 0.00181102 0.21890566 0.00607920 
36.00000000 0.00331295 0.01268886 0.75294411 0.00262243 0.00189279 0.22038571 0.00615315 
37.00000000 0.00342336 0.01275159 0.75094634 0.00269229 0.00197992 0.22197551 0.00623101 
38.00000000 0.00354186 0.01281796 0.74881399 0.00276618 0.00207249 0.22367490 0.00631262 
39.00000000 0.00366874 0.01288815 0.74654688 0.00284414 0.00217062 0.22548368 0.00639777 
40.00000000 0.00380429 0.01296234 0.74414487 0.00292619 0.00227439 0.22740163 0.00648628 
41.00000000 0.00394876 0.01304064 0.74160781 0.00301235 0.00238388 0.22942864 0.00657792 
42.00000000 0.00410237 0.01312319 0.73893562 0.00310261 0.00249915 0.23156460 0.00667247 
43.00000000 0.00426533 0.01321010 0.73612840 0.00319696 0.00262026 0.23380927 0.00676968 
44.00000000 0.00443783 0.01330145 0.73318661 0.00329540 0.00274724 0.23616217 0.00686929 
45.00000000 0.00462003 0.01339735 0.73011125 0.00339789 0.00288013 0.23862233 0.00697101 
46.00000000 0.00481206 0.01349789 0.72690401 0.00350441 0.00301894 0.24118814 0.00707455 
47.00000000 0.00501403 0.01360320 0.72356742 0.00361490 0.00316368 0.24385720 0.00717957 
48.00000000 0.00522606 0.01371340 0.72010491 0.00372930 0.00331433 0.24662627 0.00728573 
49.00000000 0.00544819 0.01382866 0.71652078 0.00384755 0.00347088 0.24949129 0.00739265 
50.00000000 0.00568049 0.01394912 0.71282018 0.00396958 0.00363328 0.25244739 0.00749997 
51.00000000 0.00592296 0.01407497 0.70900892 0.00409528 0.00380149 0.25548908 0.00760730 
52.00000000 0.00617561 0.01420638 0.70509336 0.00422458 0.00397544 0.25861038 0.00771425 
53.00000000 0.00643838 0.01434353 0.70108022 0.00435737 0.00415506 0.26180499 0.00782045 
54.00000000 0.00671120 0.01448656 0.69697645 0.00449353 0.00434026 0.26506647 0.00792553 
55.00000000 0.00699396 0.01463562 0.69278911 0.00463297 0.00453095 0.26838830 0.00802910 
56.00000000 0.00728653 0.01479080 0.68852531 0.00477555 0.00472700 0.27176398 0.00813083 
57.00000000 0.00758871 0.01495220 0.68419221 0.00492116 0.00492831 0.27518705 0.00823036 
58.00000000 0.00790032 0.01511986 0.67979705 0.00506967 0.00513475 0.27865100 0.00832735 
59.00000000 0.00822109 0.01529385 0.67534718 0.00522096 0.00534616 0.28214926 0.00842150 
60.00000000 0.00855077 0.01547416 0.67085018 0.00537490 0.00556240 0.28567510 0.00851248 
61.00000000 0.00888906 0.01566082 0.66631392 0.00553135 0.00578332 0.28922152 0.00860001 
62.00000000 0.00923563 0.01585384 0.66174658 0.00569016 0.00600872 0.29278125 0.00868382 
63.00000000 0.00959015 0.01605322 0.65715665 0.00585122 0.00623845 0.29634667 0.00876364 
64.00000000 0.00995225 0.01625898 0.65255297 0.00601436 0.00647231 0.29990989 0.00883925 
65.00000000 0.01032154 0.01647111 0.64794459 0.00617944 0.00671009 0.30346277 0.00891046 
66.00000000 0.01069763 0.01668963 0.64334075 0.00634631 0.00695160 0.30699699 0.00897708 
67.00000000 0.01108011 0.01691454 0.63875072 0.00651483 0.00719662 0.31050419 0.00903898 
68.00000000 0.01146853 0.01714584 0.63418377 0.00668485 0.00744494 0.31397602 0.00909605 
69.00000000 0.01186246 0.01738349 0.62964905 0.00685621 0.00769632 0.31740427 0.00914820 
70.00000000 0.01226144 0.01762746 0.62515553 0.00702877 0.00795054 0.32078088 0.00919537 
71.00000000 0.01266501 0.01787768 0.62071197 0.00720238 0.00820736 0.32409805 0.00923755 
72.00000000 0.01307268 0.01813406 0.61632691 0.00737690 0.00846655 0.32734817 0.00927473 
73.00000000 0.01348399 0.01839648 0.61200868 0.00755220 0.00872785 0.33052387 0.00930692 
74.00000000 0.01389845 0.01866481 0.60776539 0.00772814 0.00899104 0.33361798 0.00933419 
75.00000000 0.01431558 0.01893889 0.60360497 0.00790459 0.00925585 0.33662352 0.00935659 
76.00000000 0.01473492 0.01921855 0.59953516 0.00808142 0.00952205 0.33953367 0.00937422 
77.00000000 0.01515599 0.01950360 0.59556347 0.00825851 0.00978939 0.34234182 0.00938722 
78.00000000 0.01557833 0.01979387 0.59169720 0.00843573 0.01005761 0.34504152 0.00939574 
79.00000000 0.01600150 0.02008916 0.58794334 0.00861296 0.01032647 0.34762661 0.00939996 
80.00000000 0.01642507 0.02038929 0.58430857 0.00879009 0.01059571 0.35009119 0.00940008 
81.00000000 0.01684861 0.02069407 0.58079919 0.00896700 0.01086509 0.35242969 0.00939635 
82.00000000 0.01727173 0.02100332 0.57742106 0.00914358 0.01113436 0.35463694 0.00938902 
83.00000000 0.01769404 0.02131685 0.57417960 0.00931972 0.01140326 0.35670815 0.00937838 
84.00000000 0.01811517 0.02163447 0.57107980 0.00949531 0.01167157 0.35863895 0.00936473 
85.00000000 0.01853479 0.02195599 0.56812617 0.00967025 0.01193902 0.36042539 0.00934837 
86.00000000 0.01895257 0.02228119 0.56532285 0.00984446 0.01220540 0.36206389 0.00932964 
87.00000000 0.01936821 0.02260986 0.56267356 0.01001783 0.01247046 0.36355123 0.00930886 
88.00000000 0.01978142 0.02294175 0.56018167 0.01019030 0.01273398 0.36488452 0.00928636 
89.00000000 0.02019197 0.02327662 0.55785022 0.01036177 0.01299573 0.36606119 0.00926250 
90.00000000 0.02059961 0.02361422 0.55568189 0.01053218 0.01325551 0.36707899 0.00923760 
91.00000000 0.02100415 0.02395427 0.55367901 0.01070146 0.01351310 0.36793599 0.00921203 
92.00000000 0.02140541 0.02429651 0.55184350 0.01086955 0.01376829 0.36863063 0.00918611 
93.00000000 0.02180323 0.02464068 0.55017683 0.01103640 0.01402090 0.36916175 0.00916022 
94.00000000 0.02219749 0.02498652 0.54867995 0.01120194 0.01427073 0.36952868 0.00913468 
95.00000000 0.02258810 0.02533378 0.54735329 0.01136614 0.01451760 0.36973123 0.00910986 
96.00000000 0.02297497 0.02568223 0.54619667 0.01152894 0.01476133 0.36976977 0.00908608 
97.00000000 0.02335806 0.02603164 0.54520934 0.01169030 0.01500177 0.36964519 0.00906369 
98.00000000 0.02373733 0.02638181 0.54438999 0.01185018 0.01523874 0.36935893 0.00904301 
99.00000000 0.02411278 0.02673253 0.54373679 0.01200855 0.01547211 0.36891290 0.00902435 
100.00000000 0.02448442 0.02708360 0.54324747 0.01216538 0.01570172 0.36830941 0.00900800 
101.00000000 0.02485227 0.02743484 0.54291939 0.01232063 0.01592745 0.36755116 0.00899426 
102.00000000 0.02521640 0.02778604 0.54274962 0.01247430 0.01614917 0.36664109 0.00898337 
103.00000000 0.02557687 0.02813702 0.54273500 0.01262637 0.01636677 0.36558238 0.00897559 
104.00000000 0.02593377 0.02848757 0.54287217 0.01277683 0.01658015 0.36437838 0.00897114 
105.00000000 0.02628719 0.02883749 0.54315761 0.01292567 0.01678922 0.36303259 0.00897023 
106.00000000 0.02663724 0.02918658 0.54358760 0.01307291 0.01699390 0.36154871 0.00897306 
107.00000000 0.02698406 0.02953463 0.54415820 0.01321854 0.01719411 0.35993066 0.00897980 
108.00000000 0.02732778 0.02988145 0.54486519 0.01336259 0.01738980 0.35818261 0.00899059 
109.00000000 0.02766855 0.03022686 0.54570400 0.01350506 0.01758091 0.35630905 0.00900557 
110.00000000 0.02800651 0.03057068 0.54666970 0.01364599 0.01776740 0.35431487 0.00902485 
111.00000000 0.02834183 0.03091277 0.54775695 0.01378538 0.01794925 0.35220530 0.00904852 
112.00000000 0.02867467 0.03125299 0.54896002 0.01392327 0.01812642 0.34998601 0.00907663 
113.00000000 0.02900519 0.03159123 0.55027278 0.01405967 0.01829892 0.34766298 0.00910922 
114.00000000 0.02933356 0.03192739 0.55168885 0.01419464 0.01846673 0.34524253 0.00914630 
115.00000000 0.02965994 0.03226139 0.55320160 0.01432818 0.01862987 0.34273117 0.00918786 
116.00000000 0.02998449 0.03259314 0.55480428 0.01446036 0.01878834 0.34013554 0.00923386 
117.00000000 0.03030737 0.03292257 0.55649009 0.01459120 0.01894219 0.33746231 0.00928427 
118.00000000 0.03062874 0.03324962 0.55825232 0.01472074 0.01909145 0.33471814 0.00933899 
119.00000000 0.03094877 0.03357420 0.56008432 0.01484905 0.01923616 0.33190956 0.00939795 
120.00000000 0.03126761 0.03389623 0.56197957 0.01497618 0.01937637 0.32904301 0.00946104 
121.00000000 0.03158540 0.03421564 0.56393169 0.01510217 0.01951215 0.32612479 0.00952815 
122.00000000 0.03190230 0.03453235 0.56593438 0.01522709 0.01964358 0.32316114 0.00959916 
123.00000000 0.03221844 0.03484627 0.56798140 0.01535101 0.01977073 0.32015822 0.00967392 
124.00000000 0.03253397 0.03515735 0.57006650 0.01547398 0.01989369 0.31712222 0.00975228 
125.00000000 0.03284901 0.03546552 0.57218340 0.01559608 0.02001256 0.31405937 0.00983406 
126.00000000 0.03316368 0.03577075 0.57432574 0.01571736 0.02012742 0.31097596 0.00991909 
127.00000000 0.03347809 0.03607302 0.57648709 0.01583789 0.02023841 0.30787836 0.01000716 
128.00000000 0.03379234 0.03637232 0.57866096 0.01595773 0.02034561 0.30477298 0.01009806 
129.00000000 0.03410653 0.03666867 0.58084088 0.01607694 0.02044916 0.30166626 0.01019156 
130.00000000 0.03442074 0.03696209 0.58302040 0.01619560 0.02054918 0.29856455 0.01028743 
131.00000000 0.03473504 0.03725264 0.58519323 0.01631376 0.02064578 0.29547411 0.01038543 
132.00000000 0.03504952 0.03754034 0.58735327 0.01643148 0.02073911 0.29240097 0.01048531 
133.00000000 0.03536423 0.03782524 0.58949467 0.01654882 0.02082930 0.28935091 0.01058683 
134.00000000 0.03567923 0.03810738 0.59161192 0.01666585 0.02091648 0.28632941 0.01068973 
135.00000000 0.03599459 0.03838681 0.59369980 0.01678263 0.02100080 0.28334161 0.01079378 
136.00000000 0.03631035 0.03866354 0.59575343 0.01689921 0.02108240 0.28039233 0.01089874 
137.00000000 0.03662658 0.03893762 0.59776825 0.01701565 0.02116142 0.27748611 0.01100437 
138.00000000 0.03694331 0.03920907 0.59973996 0.01713202 0.02123801 0.27462718 0.01111046 
139.00000000 0.03726059 0.03947792 0.60166448 0.01724835 0.02131233 0.27181957 0.01121676 
140.00000000 0.03757847 0.03974422 0.60353795 0.01736471 0.02138450 0.26906707 0.01132307 
141.00000000 0.03789698 0.04000802 0.60535667 0.01748114 0.02145469 0.26637333 0.01142916 
142.00000000 0.03821616 0.04026938 0.60711711 0.01759768 0.02152304 0.26374181 0.01153481 
143.00000000 0.03853604 0.04052840 0.60881589 0.01771436 0.02158969 0.26117580 0.01163982 
144.00000000 0.03885663 0.04078517 0.61044984 0.01783123 0.02165478 0.25867838 0.01174397 
145.00000000 0.03917797 0.04103979 0.61201598 0.01794830 0.02171846 0.25625243 0.01184706 
146.00000000 0.03950007 0.04129240 0.61351161 0.01806560 0.02178086 0.25390055 0.01194890 
147.00000000 0.03982296 0.04154312 0.61493429 0.01818315 0.02184212 0.25162505 0.01204930 
148.00000000 0.04014666 0.04179207 0.61628189 0.01830096 0.02190238 0.24942795 0.01214809 
149.00000000 0.04047118 0.04203938 0.61755262 0.01841904 0.02196175 0.24731092 0.01224512 
150.00000000 0.04079655 0.04228516 0.61874499 0.01853740 0.02202037 0.24527531 0.01234023 
151.00000000 0.04112280 0.04252953 0.61985782 0.01865604 0.02207835 0.24332217 0.01243329 
152.00000000 0.04145002 0.04277228 0.62089144 0.01877498 0.02213582 0.24145122 0.01252424 
153.00000000 0.04177822 0.04301353 0.62184493 0.01889422 0.02219289 0.23966327 0.01261294 
154.00000000 0.04210745 0.04325339 0.62271761 0.01901373 0.02224966 0.23795885 0.01269930 
155.00000000 0.04243773 0.04349200 0.62350910 0.01913351 0.02230625 0.23633821 0.01278321 
156.00000000 0.04276908 0.04372948 0.62421927 0.01925353 0.02236274 0.23480133 0.01286458 
157.00000000 0.04310153 0.04396596 0.62484826 0.01937375 0.02241923 0.23334792 0.01294335 
158.00000000 0.04343512 0.04420156 0.62539645 0.01949415 0.02247581 0.23197745 0.01301946 
159.00000000 0.04376986 0.04443641 0.62586447 0.01961470 0.02253256 0.23068912 0.01309287 
160.00000000 0.04410579 0.04467064 0.62625317 0.01973536 0.02258957 0.22948192 0.01316355 
161.00000000 0.04444292 0.04490438 0.62656363 0.01985607 0.02264691 0.22835460 0.01323149 
162.00000000 0.04478129 0.04513775 0.62679714 0.01997681 0.02270464 0.22730569 0.01329668 
163.00000000 0.04512090 0.04537089 0.62695519 0.02009752 0.02276283 0.22633354 0.01335914 
164.00000000 0.04546178 0.04560390 0.62703945 0.02021815 0.02282154 0.22543629 0.01341888 
165.00000000 0.04580396 0.04583692 0.62705178 0.02033864 0.02288083 0.22461193 0.01347594 
166.00000000 0.04614743 0.04607006 0.62699418 0.02045896 0.02294073 0.22385827 0.01353037 
167.00000000 0.04649221 0.04630344 0.62686883 0.02057903 0.02300130 0.22317298 0.01358221 
168.00000000 0.04683832 0.04653717 0.62667801 0.02069880 0.02306257 0.22255360 0.01363153 
169.00000000 0.04718575 0.04677135 0.62642416 0.02081821 0.02312458 0.22199754 0.01367841 
170.00000000 0.04753451 0.04700608 0.62610981 0.02093721 0.02318736 0.22150213 0.01372291 
171.00000000 0.04788458 0.04724148 0.62573758 0.02105573 0.02325093 0.22106457 0.01376513 
172.00000000 0.04823597 0.04747762 0.62531020 0.02117371 0.02331531 0.22068202 0.01380517 
173.00000000 0.04858866 0.04771459 0.62483045 0.02129110 0.02338052 0.22035156 0.01384312 
174.00000000 0.04894264 0.04795248 0.62430117 0.02140783 0.02344658 0.22007022 0.01387909 
175.00000000 0.04929787 0.04819136 0.62372526 0.02152386 0.02351348 0.21983500 0.01391318 
176.00000000 0.04965434 0.04843129 0.62310563 0.02163912 0.02358125 0.21964287 0.01394551 
177.00000000 0.05001201 0.04867235 0.62244522 0.02175355 0.02364987 0.21949081 0.01397619 
178.00000000 0.05037085 0.04891458 0.62174698 0.02186712 0.02371935 0.21937578 0.01400534 
179.00000000 0.05073081 0.04915804 0.62101385 0.02197976 0.02378969 0.21929477 0.01403308 
180.00000000 0.05109186 0.04940275 0.62024877 0.02209143 0.02386088 0.21924479 0.01405952 
181.00000000 0.05145393 0.04964877 0.61945461 0.02220209 0.02393291 0.21922289 0.01408479 
182.00000000 0.05181698 0.04989611 0.61863425 0.02231170 0.02400577 0.21922618 0.01410901 
183.00000000 0.05218095 0.05014479 0.61779049 0.02242021 0.02407945 0.21925183 0.01413228 
184.00000000 0.05254577 0.05039483 0.61692609 0.02252759 0.02415394 0.21929706 0.01415473 
185.00000000 0.05291138 0.05064623 0.61604371 0.02263382 0.02422921 0.21935918 0.01417646 
186.00000000 0.05327772 0.05089899 0.61514597 0.02273886 0.02430526 0.21943561 0.01419759 
187.00000000 0.05364471 0.05115310 0.61423538 0.02284270 0.02438206 0.21952382 0.01421823 
188.00000000 0.05401228 0.05140854 0.61331438 0.02294531 0.02445960 0.21962143 0.01423846 
189.00000000 0.05438036 0.05166529 0.61238528 0.02304668 0.02453786 0.21972612 0.01425840 
190.00000000 0.05474888 0.05192333 0.61145031 0.02314681 0.02461682 0.21983572 0.01427813 
191.00000000 0.05511777 0.05218262 0.61051157 0.02324568 0.02469646 0.21994817 0.01429774 
192.00000000 0.05548694 0.05244311 0.60957107 0.02334330 0.02477676 0.22006152 0.01431731 
193.00000000 0.05585633 0.05270476 0.60863067 0.02343967 0.02485770 0.22017395 0.01433693 
194.00000000 0.05622586 0.05296752 0.60769211 0.02353480 0.02493926 0.22028379 0.01435666 
195.00000000 0.05659547 0.05323134 0.60675703 0.02362869 0.02502143 0.22038947 0.01437656 
196.00000000 0.05696510 0.05349615 0.60582690 0.02372138 0.02510418 0.22048958 0.01439671 
197.00000000 0.05733467 0.05376188 0.60490309 0.02381287 0.02518751 0.22058283 0.01441715 
198.00000000 0.05770413 0.05402848 0.60398682 0.02390320 0.02527138 0.22066806 0.01443794 
199.00000000 0.05807343 0.05429585 0.60307917 0.02399239 0.02535580 0.22074425 0.01445911 
200.00000000 0.05844251 0.05456394 0.60218111 0.02408047 0.02544074 0.22081053 0.01448070 
201.00000000 0.05881133 0.05483266 0.60129345 0.02416749 0.02552620 0.22086613 0.01450274 
202.00000000 0.05917985 0.05510192 0.60041690 0.02425348 0.02561215 0.22091043 0.01452527 
203.00000000 0.05954804 0.05537166 0.59955200 0.02433848 0.02569859 0.22094294 0.01454829 
204.00000000 0.05991586 0.05564178 0.59869920 0.02442255 0.02578552 0.22096326 0.01457183 
205.00000000 0.06028330 0.05591219 0.59785880 0.02450573 0.02587291 0.22097116 0.01459590 
206.00000000 0.06065034 0.05618282 0.59703101 0.02458807 0.02596078 0.22096648 0.01462050 
207.00000000 0.06101698 0.05645357 0.59621588 0.02466964 0.02604910 0.22094920 0.01464563 
208.00000000 0.06138321 0.05672437 0.59541339 0.02475048 0.02613788 0.22091939 0.01467130 
209.00000000 0.06174903 0.05699512 0.59462338 0.02483065 0.02622711 0.22087723 0.01469748 
210.00000000 0.06211446 0.05726574 0.59384561 0.02491022 0.02631679 0.22082300 0.01472418 
211.00000000 0.06247952 0.05753614 0.59307974 0.02498924 0.02640692 0.22075705 0.01475138 
212.00000000 0.06284423 0.05780624 0.59232533 0.02506779 0.02649750 0.22067984 0.01477907 
213.00000000 0.06320862 0.05807597 0.59158186 0.02514592 0.02658853 0.22059188 0.01480721 
214.00000000 0.06357273 0.05834524 0.59084873 0.02522371 0.02668002 0.22049377 0.01483580 
215.00000000 0.06393660 0.05861398 0.59012526 0.02530121 0.02677197 0.22038618 0.01486481 
216.00000000 0.06430027 0.05888211 0.58941074 0.02537849 0.02686437 0.22026982 0.01489421 
217.00000000 0.06466380 0.05914956 0.58870435 0.02545562 0.02695725 0.22014546 0.01492397 
218.00000000 0.06502725 0.05941626 0.58800526 0.02553267 0.02705059 0.22001392 0.01495406 
219.00000000 0.06539067 0.05968215 0.58731258 0.02560969 0.02714441 0.21987605 0.01498446 
220.00000000 0.06575412 0.05994716 0.58662538 0.02568676 0.02723871 0.21973274 0.01501513 
221.00000000 0.06611767 0.06021124 0.58594271 0.02576394 0.02733349 0.21958490 0.01504605 
222.00000000 0.06648140 0.06047432 0.58526360 0.02584129 0.02742877 0.21943344 0.01507717 
223.00000000 0.06684535 0.06073637 0.58458705 0.02591887 0.02752455 0.21927933 0.01510847 
224.00000000 0.06720962 0.06099732 0.58391207 0.02599675 0.02762084 0.21912348 0.01513992 
225.00000000 0.06757425 0.06125714 0.58323765 0.02607498 0.02771764 0.21896686 0.01517148 
226.00000000 0.06793933 0.06151578 0.58256281 0.02615362 0.02781495 0.21881039 0.01520311 
227.00000000 0.06830492 0.06177322 0.58188656 0.02623273 0.02791278 0.21865500 0.01523479 
228.00000000 0.06867109 0.06202940 0.58120794 0.02631235 0.02801113 0.21850160 0.01526649 
229.00000000 0.06903790 0.06228431 0.58052601 0.02639254 0.02811000 0.21835106 0.01529817 
230.00000000 0.06940540 0.06253792 0.57983986 0.02647335 0.02820941 0.21820425 0.01532980 
231.00000000 0.06977367 0.06279020 0.57914863 0.02655483 0.02830934 0.21806197 0.01536136 
232.00000000 0.07014274 0.06304115 0.57845149 0.02663701 0.02840980 0.21792501 0.01539280 
233.00000000 0.07051268 0.06329074 0.57774764 0.02671994 0.02851078 0.21779411 0.01542411 
234.00000000 0.07088352 0.06353896 0.57703637 0.02680366 0.02861228 0.21766997 0.01545524 
235.00000000 0.07125530 0.06378581 0.57631699 0.02688821 0.02871430 0.21755321 0.01548619 
236.00000000 0.07162805 0.06403128 0.57558889 0.02697361 0.02881683 0.21744445 0.01551690 
237.00000000 0.07200181 0.06427537 0.57485151 0.02705989 0.02891985 0.21734419 0.01554737 
238.00000000 0.07237659 0.06451808 0.57410437 0.02714709 0.02902337 0.21725294 0.01557755 
239.00000000 0.07275241 0.06475942 0.57334706 0.02723523 0.02912736 0.21717108 0.01560743 
240.00000000 0.07312928 0.06499940 0.57257921 0.02732432 0.02923182 0.21709898 0.01563698 
241.00000000 0.07350719 0.06523802 0.57180057 0.02741440 0.02933672 0.21703693 0.01566617 
242.00000000 0.07388615 0.06547531 0.57101092 0.02750547 0.02944205 0.21698514 0.01569497 
243.00000000 0.07426614 0.06571126 0.57021015 0.02759754 0.02954779 0.21694376 0.01572335 
244.00000000 0.07464715 0.06594592 0.56939821 0.02769063 0.02965391 0.21691288 0.01575131 
245.00000000 0.07502914 0.06617928 0.56857513 0.02778474 0.02976039 0.21689253 0.01577879 
246.00000000 0.07541209 0.06641138 0.56774100 0.02787987 0.02986721 0.21688265 0.01580579 
247.00000000 0.07579597 0.06664225 0.56689603 0.02797603 0.02997432 0.21688313 0.01583227 
248.00000000 0.07618072 0.06687190 0.56604046 0.02807321 0.03008171 0.21689379 0.01585822 
249.00000000 0.07656631 0.06710036 0.56517461 0.02817141 0.03018934 0.21691437 0.01588359 
250.00000000 0.07695267 0.06732767 0.56429891 0.02827062 0.03029717 0.21694458 0.01590838 
251.00000000 0.07733976 0.06755385 0.56341381 0.02837083 0.03040516 0.21698403 0.01593255 
252.00000000 0.07772751 0.06777894 0.56251986 0.02847203 0.03051327 0.21703230 0.01595609 
253.00000000 0.07811585 0.06800297 0.56161767 0.02857419 0.03062147 0.21708889 0.01597895 
254.00000000 0.07850472 0.06822597 0.56070790 0.02867731 0.03072971 0.21715325 0.01600113 
255.00000000 0.07889404 0.06844797 0.55979129 0.02878136 0.03083795 0.21722480 0.01602260 
256.00000000 0.07928373 0.06866902 0.55886860 0.02888632 0.03094612 0.21730288 0.01604333 
257.00000000 0.07967373 0.06888914 0.55794068 0.02899215 0.03105420 0.21738678 0.01606330 
258.00000000 0.08006396 0.06910838 0.55700841 0.02909885 0.03116213 0.21747578 0.01608250 
259.00000000 0.08045432 0.06932676 0.55607271 0.02920636 0.03126985 0.21756910 0.01610089 
260.00000000 0.08084476 0.06954432 0.55513455 0.02931467 0.03137732 0.21766590 0.01611847 
261.00000000 0.08123518 0.06976111 0.55419493 0.02942374 0.03148448 0.21776536 0.01613521 
262.00000000 0.08162551 0.06997714 0.55325487 0.02953353 0.03159127 0.21786657 0.01615110 
263.00000000 0.08201567 0.07019247 0.55231543 0.02964401 0.03169765 0.21796865 0.01616612 
264.00000000 0.08240558 0.07040713 0.55137769 0.02975513 0.03180355 0.21807066 0.01618026 
265.00000000 0.08279518 0.07062114 0.55044273 0.02986686 0.03190892 0.21817166 0.01619351 
266.00000000 0.08318438 0.07083454 0.54951167 0.02997915 0.03201370 0.21827069 0.01620586 
267.00000000 0.08357312 0.07104737 0.54858559 0.03009197 0.03211784 0.21836680 0.01621730 
268.00000000 0.08396134 0.07125966 0.54766562 0.03020526 0.03222128 0.21845900 0.01622783 
269.00000000 0.08434897 0.07147143 0.54675286 0.03031898 0.03232397 0.21854633 0.01623745 
270.00000000 0.08473595 0.07168273 0.54584840 0.03043309 0.03242584 0.21862783 0.01624616 
271.00000000 0.08512223 0.07189357 0.54495333 0.03054754 0.03252684 0.21870253 0.01625396 
272.00000000 0.08550776 0.07210398 0.54406870 0.03066228 0.03262692 0.21876949 0.01626087 
273.00000000 0.08589249 0.07231400 0.54319556 0.03077726 0.03272603 0.21882777 0.01626688 
274.00000000 0.08627638 0.07252365 0.54233493 0.03089243 0.03282411 0.21887648 0.01627203 
275.00000000 0.08665939 0.07273295 0.54148778 0.03100775 0.03292111 0.21891471 0.01627632 
276.00000000 0.08704149 0.07294192 0.54065506 0.03112316 0.03301698 0.21894162 0.01627978 
277.00000000 0.08742264 0.07315058 0.53983768 0.03123862 0.03311168 0.21895636 0.01628243 
278.00000000 0.08780284 0.07335896 0.53903650 0.03135408 0.03320515 0.21895816 0.01628431 
279.00000000 0.08818206 0.07356707 0.53825235 0.03146948 0.03329736 0.21894624 0.01628543 
280.00000000 0.08856027 0.07377493 0.53748599 0.03158478 0.03338827 0.21891990 0.01628585 
281.00000000 0.08893749 0.07398256 0.53673814 0.03169994 0.03347782 0.21887845 0.01628560 
282.00000000 0.08931369 0.07418996 0.53600946 0.03181490 0.03356599 0.21882128 0.01628472 
283.00000000 0.08968888 0.07439715 0.53530055 0.03192961 0.03365274 0.21874781 0.01628327 
284.00000000 0.09006306 0.07460413 0.53461196 0.03204403 0.03373804 0.21865750 0.01628128 
285.00000000 0.09043623 0.07481092 0.53394417 0.03215812 0.03382186 0.21854988 0.01627882 
286.00000000 0.09080841 0.07501753 0.53329760 0.03227182 0.03390417 0.21842453 0.01627595 
287.00000000 0.09117961 0.07522395 0.53267260 0.03238510 0.03398494 0.21828109 0.01627271 
288.00000000 0.09154985 0.07543019 0.53206946 0.03249791 0.03406417 0.21811925 0.01626917 
289.00000000 0.09191914 0.07563625 0.53148841 0.03261021 0.03414183 0.21793876 0.01626541 
290.00000000 0.09228750 0.07584214 0.53092958 0.03272197 0.03421790 0.21773944 0.01626148 
291.00000000 0.09265496 0.07604784 0.53039308 0.03283313 0.03429237 0.21752115 0.01625745 
292.00000000 0.09302155 0.07625337 0.52987892 0.03294368 0.03436525 0.21728384 0.01625341 
293.00000000 0.09338729 0.07645871 0.52938705 0.03305356 0.03443651 0.21702748 0.01624940 
294.00000000 0.09375221 0.07666386 0.52891736 0.03316275 0.03450617 0.21675214 0.01624552 
295.00000000 0.09411634 0.07686881 0.52846968 0.03327121 0.03457421 0.21645792 0.01624184 
296.00000000 0.09447970 0.07707355 0.52804375 0.03337891 0.03464066 0.21614501 0.01623842 
297.00000000 0.09484234 0.07727808 0.52763927 0.03348583 0.03470551 0.21581362 0.01623535 
298.00000000 0.09520429 0.07748238 0.52725587 0.03359194 0.03476878 0.21546405 0.01623270 
299.00000000 0.09556556 0.07768644 0.52689313 0.03369721 0.03483048 0.21509664 0.01623054 
300.00000000 0.09592621 0.07789026 0.52655055 0.03380162 0.03489063 0.21471179 0.01622894 
301.00000000 0.09628624 0.07809381 0.52622761 0.03390515 0.03494925 0.21430995 0.01622799 
302.00000000 0.09664571 0.07829708 0.52592371 0.03400777 0.03500637 0.21389162 0.01622773 
303.00000000 0.09700463 0.07850006 0.52563820 0.03410948 0.03506201 0.21345736 0.01622826 
304.00000000 0.09736304 0.07870274 0.52537039 0.03421026 0.03511621 0.21300775 0.01622962 
305.00000000 0.09772097 0.07890509 0.52511955 0.03431009 0.03516899 0.21254343 0.01623188 
306.00000000 0.09807843 0.07910710 0.52488491 0.03440896 0.03522040 0.21206510 0.01623510 
307.00000000 0.09843547 0.07930875 0.52466564 0.03450687 0.03527047 0.21157346 0.01623935 
308.00000000 0.09879209 0.07951003 0.52446090 0.03460380 0.03531924 0.21106928 0.01624466 
309.00000000 0.09914833 0.07971092 0.52426981 0.03469975 0.03536676 0.21055334 0.01625109 
310.00000000 0.09950421 0.07991140 0.52409146 0.03479473 0.03541307 0.21002645 0.01625868 
311.00000000 0.09985975 0.08011145 0.52392492 0.03488872 0.03545822 0.20948947 0.01626748 
312.00000000 0.10021496 0.08031107 0.52376922 0.03498173 0.03550226 0.20894325 0.01627751 
313.00000000 0.10056988 0.08051022 0.52362341 0.03507376 0.03554524 0.20838868 0.01628881 
314.00000000 0.10092450 0.08070890 0.52348649 0.03516481 0.03558722 0.20782667 0.01630141 
315.00000000 0.10127886 0.08090708 0.52335746 0.03525490 0.03562825 0.20725812 0.01631533 
316.00000000 0.10163296 0.08110475 0.52323534 0.03534402 0.03566838 0.20668397 0.01633057 
317.00000000 0.10198681 0.08130190 0.52311910 0.03543220 0.03570769 0.20610514 0.01634716 
318.00000000 0.10234044 0.08149851 0.52300774 0.03551944 0.03574621 0.20552257 0.01636509 
319.00000000 0.10269384 0.08169457 0.52290027 0.03560575 0.03578403 0.20493718 0.01638437 
320.00000000 0.10304704 0.08189006 0.52279568 0.03569114 0.03582118 0.20434991 0.01640499 
321.00000000 0.10340004 0.08208497 0.52269300 0.03577564 0.03585775 0.20376167 0.01642694 
322.00000000 0.10375284 0.08227928 0.52259125 0.03585926 0.03589378 0.20317338 0.01645020 
323.00000000 0.10410547 0.08247299 0.52248948 0.03594202 0.03592935 0.20258594 0.01647475 
324.00000000 0.10445792 0.08266609 0.52238675 0.03602394 0.03596451 0.20200022 0.01650056 
325.00000000 0.10481021 0.08285857 0.52228217 0.03610503 0.03599932 0.20141710 0.01652761 
326.00000000 0.10516233 0.08305041 0.52217483 0.03618533 0.03603385 0.20083740 0.01655585 
327.00000000 0.10551430 0.08324161 0.52206388 0.03626485 0.03606817 0.20026194 0.01658525 
328.00000000 0.10586613 0.08343216 0.52194849 0.03634361 0.03610232 0.19969152 0.01661576 
329.00000000 0.10621781 0.08362207 0.52182788 0.03642164 0.03613638 0.19912689 0.01664733 
330.00000000 0.10656936 0.08381132 0.52170127 0.03649897 0.03617040 0.19856878 0.01667991 
331.00000000 0.10692079 0.08399990 0.52156794 0.03657561 0.03620444 0.19801788 0.01671344 
332.00000000 0.10727209 0.08418783 0.52142721 0.03665160 0.03623856 0.19747485 0.01674786 
333.00000000 0.10762328 0.08437510 0.52127843 0.03672696 0.03627281 0.19694031 0.01678311 
334.00000000 0.10797436 0.08456170 0.52112100 0.03680171 0.03630726 0.19641485 0.01681912 
335.00000000 0.10832533 0.08474765 0.52095435 0.03687588 0.03634195 0.19589901 0.01685583 
336.00000000 0.10867621 0.08493293 0.52077796 0.03694950 0.03637694 0.19539330 0.01689316 
337.00000000 0.10902700 0.08511756 0.52059136 0.03702260 0.03641227 0.19489816 0.01693104 
338.00000000 0.10937771 0.08530155 0.52039412 0.03709519 0.03644800 0.19441403 0.01696940 
339.00000000 0.10972835 0.08548488 0.52018585 0.03716731 0.03648417 0.19394127 0.01700816 
340.00000000 0.11007891 0.08566758 0.51996621 0.03723898 0.03652084 0.19348022 0.01704726 
341.00000000 0.11042942 0.08584965 0.51973491 0.03731023 0.03655803 0.19303116 0.01708661 
342.00000000 0.11077986 0.08603109 0.51949170 0.03738108 0.03659579 0.19259435 0.01712614 
343.00000000 0.11113026 0.08621193 0.51923637 0.03745155 0.03663416 0.19216996 0.01716577 
344.00000000 0.11148061 0.08639216 0.51896878 0.03752167 0.03667317 0.19175818 0.01720544 
345.00000000 0.11183093 0.08657179 0.51868879 0.03759145 0.03671287 0.19135910 0.01724507 
346.00000000 0.11218121 0.08675085 0.51839636 0.03766094 0.03675327 0.19097280 0.01728458 
347.00000000 0.11253146 0.08692934 0.51809144 0.03773013 0.03679441 0.19059931 0.01732390 
348.00000000 0.11288169 0.08710728 0.51777405 0.03779906 0.03683631 0.19023862 0.01736298 
349.00000000 0.11323190 0.08728467 0.51744425 0.03786775 0.03687900 0.18989068 0.01740174 
350.00000000 0.11358210 0.08746154 0.51710213 0.03793621 0.03692250 0.18955540 0.01744012 
351.00000000 0.11393227 0.08763790 0.51674783 0.03800446 0.03696682 0.18923265 0.01747806 
352.00000000 0.11428244 0.08781376 0.51638151 0.03807251 0.03701199 0.18892228 0.01751551 
353.00000000 0.11463259 0.08798914 0.51600338 0.03814039 0.03705801 0.18862409 0.01755240 
354.00000000 0.11498272 0.08816405 0.51561367 0.03820811 0.03710491 0.18833786 0.01758869 
355.00000000 0.11533283 0.08833851 0.51521265 0.03827568 0.03715267 0.18806332 0.01762432 
356.00000000 0.11568293 0.08851254 0.51480063 0.03834312 0.03720132 0.18780019 0.01765927 
357.00000000 0.11603300 0.08868615 0.51437793 0.03841043 0.03725085 0.18754815 0.01769348 
358.00000000 0.11638303 0.08885936 0.51394490 0.03847763 0.03730127 0.18730688 0.01772692 
359.00000000 0.11673303 0.08903219 0.51350191 0.03854473 0.03735257 0.18707600 0.01775957 
360.00000000 0.11708298 0.08920464 0.51304937 0.03861174 0.03740476 0.18685513 0.01779138 
361.00000000 0.11743288 0.08937674 0.51258768 0.03867866 0.03745782 0.18664388 0.01782234 
362.00000000 0.11778270 0.08954850 0.51211729 0.03874550 0.03751175 0.18644182 0.01785243 
363.00000000 0.11813244 0.08971994 0.51163865 0.03881227 0.03756654 0.18624853 0.01788164 
364.00000000 0.11848209 0.08989107 0.51115222 0.03887896 0.03762218 0.18606355 0.01790994 
365.00000000 0.11883162 0.09006190 0.51065846 0.03894560 0.03767864 0.18588643 0.01793734 
366.00000000 0.11918103 0.09023246 0.51015788 0.03901217 0.03773593 0.18571671 0.01796382 
367.00000000 0.11953029 0.09040275 0.50965094 0.03907869 0.03779402 0.18555391 0.01798940 
368.00000000 0.11987939 0.09057279 0.50913817 0.03914515 0.03785289 0.18539755 0.01801407 
369.00000000 0.12022830 0.09074258 0.50862004 0.03921155 0.03791252 0.18524716 0.01803785 
370.00000000 0.12057700 0.09091215 0.50809706 0.03927789 0.03797290 0.18510226 0.01806073 
371.00000000 0.12092548 0.09108151 0.50756972 0.03934419 0.03803399 0.18496237 0.01808275 
372.00000000 0.12127370 0.09125066 0.50703853 0.03941042 0.03809577 0.18482701 0.01810391 
373.00000000 0.12162165 0.09141961 0.50650398 0.03947659 0.03815823 0.18469571 0.01812423 
374.00000000 0.12196930 0.09158838 0.50596654 0.03954271 0.03822132 0.18456800 0.01814374 
375.00000000 0.12231663 0.09175697 0.50542670 0.03960876 0.03828504 0.18444344 0.01816247 
376.00000000 0.12266360 0.09192540 0.50488492 0.03967475 0.03834934 0.18432156 0.01818043 
377.00000000 0.12301020 0.09209366 0.50434165 0.03974067 0.03841420 0.18420195 0.01819767 
378.00000000 0.12335640 0.09226177 0.50379735 0.03980651 0.03847959 0.18408415 0.01821421 
379.00000000 0.12370218 0.09242973 0.50325244 0.03987229 0.03854549 0.18396778 0.01823009 
380.00000000 0.12404751 0.09259755 0.50270734 0.03993798 0.03861185 0.18385243 0.01824534 
381.00000000 0.12439236 0.09276524 0.50216244 0.04000359 0.03867866 0.18373772 0.01825999 
382.00000000 0.12473671 0.09293279 0.50161812 0.04006912 0.03874589 0.18362329 0.01827409 
383.00000000 0.12508053 0.09310021 0.50107476 0.04013456 0.03881349 0.18350878 0.01828767 
384.00000000 0.12542382 0.09326751 0.50053268 0.04019990 0.03888145 0.18339388 0.01830076 
385.00000000 0.12576653 0.09343469 0.49999222 0.04026515 0.03894973 0.18327827 0.01831341 
386.00000000 0.12610866 0.09360174 0.49945369 0.04033030 0.03901830 0.18316166 0.01832566 
387.00000000 0.12645017 0.09376868 0.49891735 0.04039534 0.03908714 0.18304378 0.01833753 
388.00000000 0.12679106 0.09393550 0.49838348 0.04046028 0.03915622 0.18292439 0.01834908 
389.00000000 0.12713131 0.09410220 0.49785232 0.04052511 0.03922550 0.18280325 0.01836032 
390.00000000 0.12747089 0.09426879 0.49732408 0.04058983 0.03929496 0.18268015 0.01837131 
391.00000000 0.12780980 0.09443525 0.49679895 0.04065443 0.03936457 0.18255492 0.01838207 
392.00000000 0.12814802 0.09460160 0.49627712 0.04071892 0.03943431 0.18242739 0.01839264 
393.00000000 0.12848554 0.09476784 0.49575874 0.04078329 0.03950415 0.18229740 0.01840304 
394.00000000 0.12882235 0.09493395 0.49524392 0.04084755 0.03957406 0.18216485 0.01841332 
395.00000000 0.12915844 0.09509994 0.49473279 0.04091168 0.03964402 0.18202963 0.01842349 
396.00000000 0.12949381 0.09526582 0.49422543 0.04097570 0.03971401 0.18189165 0.01843358 
397.00000000 0.12982845 0.09543156 0.49372190 0.04103960 0.03978401 0.18175086 0.01844363 
398.00000000 0.13016236 0.09559719 0.49322225 0.04110338 0.03985398 0.18160721 0.01845364 
399.00000000 0.13049553 0.09576268 0.49272649 0.04116704 0.03992392 0.18146068 0.01846365 
400.00000000 0.13082797 0.09592805 0.49223465 0.04123059 0.03999380 0.18131127 0.01847366 
401.00000000 0.13115969 0.09609329 0.49174670 0.04129402 0.04006361 0.18115899 0.01848371 
402.00000000 0.13149067 0.09625839 0.49126261 0.04135734 0.04013332 0.18100388 0.01849379 
403.00000000 0.13182093 0.09642336 0.49078233 0.04142055 0.04020291 0.18084597 0.01850393 
404.00000000 0.13215047 0.09658820 0.49030580 0.04148366 0.04027239 0.18068534 0.01851414 
405.00000000 0.13247931 0.09675289 0.48983294 0.04154666 0.04034172 0.18052206 0.01852442 
406.00000000 0.13280744 0.09691745 0.48936364 0.04160957 0.04041089 0.18035623 0.01853478 
407.00000000 0.13313489 0.09708186 0.48889781 0.04167238 0.04047990 0.18018794 0.01854522 
408.00000000 0.13346166 0.09724613 0.48843531 0.04173510 0.04054873 0.18001732 0.01855575 
409.00000000 0.13378776 0.09741026 0.48797602 0.04179774 0.04061736 0.17984450 0.01856636 
410.00000000 0.13411321 0.09757424 0.48751978 0.04186030 0.04068580 0.17966961 0.01857706 
411.00000000 0.13443802 0.09773807 0.48706645 0.04192278 0.04075402 0.17949281 0.01858784 
412.00000000 0.13476220 0.09790176 0.48661586 0.04198520 0.04082203 0.17931425 0.01859870 
413.00000000 0.13508578 0.09806529 0.48616784 0.04204755 0.04088981 0.17913408 0.01860964 
414.00000000 0.13540875 0.09822868 0.48572222 0.04210985 0.04095737 0.17895249 0.01862063 
415.00000000 0.13573115 0.09839191 0.48527881 0.04217211 0.04102468 0.17876965 0.01863169 
416.00000000 0.13605299 0.09855500 0.48483742 0.04223432 0.04109176 0.17858573 0.01864279 
417.00000000 0.13637428 0.09871793 0.48439788 0.04229649 0.04115859 0.17840091 0.01865393 
418.00000000 0.13669503 0.09888071 0.48395998 0.04235864 0.04122517 0.17821538 0.01866509 
419.00000000 0.13701527 0.09904333 0.48352354 0.04242076 0.04129150 0.17802932 0.01867627 
420.00000000 0.13733500 0.09920581 0.48308837 0.04248288 0.04135757 0.17784292 0.01868745 
421.00000000 0.13765425 0.09936813 0.48265427 0.04254498 0.04142339 0.17765636 0.01869862 
422.00000000 0.13797303 0.09953030 0.48222105 0.04260709 0.04148896 0.17746981 0.01870976 
423.00000000 0.13829135 0.09969232 0.48178853 0.04266920 0.04155427 0.17728347 0.01872087 
424.00000000 0.13860922 0.09985418 0.48135653 0.04273133 0.04161932 0.17709749 0.01873193 
425.00000000 0.13892666 0.10001590 0.48092487 0.04279348 0.04168412 0.17691206 0.01874292 
426.00000000 0.13924367 0.10017746 0.48049338 0.04285565 0.04174867 0.17672732 0.01875384 
427.00000000 0.13956028 0.10033887 0.48006189 0.04291787 0.04181296 0.17654345 0.01876468 
428.00000000 0.13987649 0.10050013 0.47963025 0.04298012 0.04187700 0.17636060 0.01877542 
429.00000000 0.14019231 0.10066123 0.47919831 0.04304242 0.04194079 0.17617890 0.01878604 
430.00000000 0.14050774 0.10082219 0.47876592 0.04310478 0.04200433 0.17599849 0.01879655 
431.00000000 0.14082280 0.10098300 0.47833296 0.04316719 0.04206763 0.17581950 0.01880693 
432.00000000 0.14113749 0.10114366 0.47789929 0.04322967 0.04213068 0.17564204 0.01881718 
433.00000000 0.14145181 0.10130416 0.47746481 0.04329222 0.04219349 0.17546623 0.01882728 
434.00000000 0.14176578 0.10146452 0.47702941 0.04335484 0.04225607 0.17529215 0.01883722 
435.00000000 0.14207940 0.10162473 0.47659300 0.04341755 0.04231841 0.17511990 0.01884702 
436.00000000 0.14239266 0.10178479 0.47615551 0.04348034 0.04238051 0.17494955 0.01885665 
437.00000000 0.14270558 0.10194470 0.47571685 0.04354321 0.04244239 0.17478116 0.01886612 
438.00000000 0.14301814 0.10210446 0.47527698 0.04360618 0.04250404 0.17461479 0.01887542 
439.00000000 0.14333036 0.10226407 0.47483584 0.04366923 0.04256546 0.17445047 0.01888456 
