0.00000000 0.00225937 0.01191697 0.76937613 0.00190601 0.00102365 0.20810004 0.00541781 
1.00000000 0.00225937 0.01191697 0.76937613 0.00190601 0.00102365 0.20810004 0.00541781 
2.00000000 0.00225938 0.01191697 0.76937586 0.00190602 0.00102366 0.20810028 0.00541783 
3.00000000 0.00225941 0.01191697 0.76937444 0.00190606 0.00102370 0.20810151 0.00541789 
4.00000000 0.00225949 0.01191700 0.76937051 0.00190616 0.00102382 0.20810493 0.00541809 
5.00000000 0.00225966 0.01191706 0.76936217 0.00190639 0.00102407 0.20811216 0.00541849 
6.00000000 0.00225997 0.01191719 0.76934705 0.00190679 0.00102453 0.20812525 0.00541923 
7.00000000 0.00226049 0.01191739 0.76932232 0.00190745 0.00102529 0.20814663 0.00542043 
8.00000000 0.00226129 0.01191772 0.76928472 0.00190846 0.00102644 0.20817911 0.00542225 
9.00000000 0.00226246 0.01191821 0.76923058 0.00190992 0.00102811 0.20822583 0.00542488 
10.00000000 0.00226411 0.01191890 0.76915588 0.00191194 0.00103043 0.20829025 0.00542848 
11.00000000 0.00226635 0.01191984 0.76905624 0.00191465 0.00103353 0.20837612 0.00543328 
12.00000000 0.00226930 0.01192108 0.76892701 0.00191817 0.00103758 0.20848739 0.00543947 
13.00000000 0.00227310 0.01192266 0.76876332 0.00192265 0.00104273 0.20862826 0.00544727 
14.00000000 0.00227791 0.01192466 0.76856006 0.00192824 0.00104916 0.20880308 0.00545690 
15.00000000 0.00228388 0.01192711 0.76831198 0.00193507 0.00105705 0.20901632 0.00546859 
16.00000000 0.00229119 0.01193009 0.76801374 0.00194331 0.00106658 0.20927254 0.00548254 
17.00000000 0.00230003 0.01193365 0.76765989 0.00195313 0.00107795 0.20957636 0.00549899 
18.00000000 0.00231060 0.01193786 0.76724501 0.00196467 0.00109135 0.20993238 0.00551812 
19.00000000 0.00232309 0.01194278 0.76676369 0.00197811 0.00110698 0.21034522 0.00554014 
20.00000000 0.00233774 0.01194847 0.76621056 0.00199359 0.00112505 0.21081937 0.00556522 
21.00000000 0.00235475 0.01195499 0.76558041 0.00201129 0.00114575 0.21135928 0.00559354 
22.00000000 0.00237437 0.01196240 0.76486814 0.00203135 0.00116928 0.21196921 0.00562524 
23.00000000 0.00239682 0.01197078 0.76406886 0.00205393 0.00119585 0.21265329 0.00566046 
24.00000000 0.00242237 0.01198018 0.76317791 0.00207918 0.00122564 0.21341543 0.00569930 
25.00000000 0.00245124 0.01199066 0.76219087 0.00210722 0.00125886 0.21425930 0.00574185 
26.00000000 0.00248369 0.01200229 0.76110361 0.00213820 0.00129569 0.21518834 0.00578817 
27.00000000 0.00251998 0.01201512 0.75991234 0.00217224 0.00133631 0.21620570 0.00583830 
28.00000000 0.00256036 0.01202922 0.75861359 0.00220944 0.00138089 0.21731422 0.00589227 
29.00000000 0.00260506 0.01204465 0.75720427 0.00224992 0.00142961 0.21851644 0.00595005 
30.00000000 0.00265435 0.01206146 0.75568166 0.00229376 0.00148262 0.21981453 0.00601162 
31.00000000 0.00270846 0.01207972 0.75404345 0.00234105 0.00154006 0.22121034 0.00607692 
32.00000000 0.00276764 0.01209948 0.75228776 0.00239184 0.00160209 0.22270533 0.00614586 
33.00000000 0.00283210 0.01212080 0.75041312 0.00244621 0.00166882 0.22430061 0.00621833 
34.00000000 0.00290208 0.01214374 0.74841850 0.00250419 0.00174039 0.22599689 0.00629422 
35.00000000 0.00297779 0.01216835 0.74630331 0.00256581 0.00181689 0.22779449 0.00637335 
36.00000000 0.00305943 0.01219470 0.74406743 0.00263108 0.00189843 0.22969337 0.00645557 
37.00000000 0.00314719 0.01222282 0.74171114 0.00270002 0.00198508 0.23169306 0.00654068 
38.00000000 0.00324125 0.01225279 0.73923521 0.00277262 0.00207693 0.23379273 0.00662846 
39.00000000 0.00334179 0.01228466 0.73664081 0.00284884 0.00217404 0.23599116 0.00671871 
40.00000000 0.00344894 0.01231847 0.73392957 0.00292865 0.00227645 0.23828675 0.00681116 
41.00000000 0.00356286 0.01235429 0.73110351 0.00301202 0.00238421 0.24067755 0.00690558 
42.00000000 0.00368366 0.01239215 0.72816508 0.00309887 0.00249734 0.24316121 0.00700169 
43.00000000 0.00381146 0.01243211 0.72511712 0.00318914 0.00261586 0.24573509 0.00709922 
44.00000000 0.00394635 0.01247423 0.72196284 0.00328275 0.00273977 0.24839617 0.00719789 
45.00000000 0.00408841 0.01251853 0.71870582 0.00337961 0.00286908 0.25114114 0.00729742 
46.00000000 0.00423770 0.01256506 0.71534997 0.00347961 0.00300376 0.25396639 0.00739751 
47.00000000 0.00439427 0.01261387 0.71189953 0.00358264 0.00314379 0.25686803 0.00749787 
48.00000000 0.00455815 0.01266499 0.70835903 0.00368859 0.00328913 0.25984190 0.00759821 
49.00000000 0.00472937 0.01271846 0.70473326 0.00379734 0.00343973 0.26288360 0.00769824 
50.00000000 0.00490791 0.01277429 0.70102729 0.00390875 0.00359556 0.26598852 0.00779768 
51.00000000 0.00509378 0.01283252 0.69724640 0.00402268 0.00375653 0.26915185 0.00789624 
52.00000000 0.00528695 0.01289316 0.69339606 0.00413899 0.00392260 0.27236860 0.00799365 
53.00000000 0.00548736 0.01295623 0.68948193 0.00425754 0.00409366 0.27563363 0.00808965 
54.00000000 0.00569498 0.01302174 0.68550982 0.00437818 0.00426966 0.27894166 0.00818396 
55.00000000 0.00590973 0.01308969 0.68148566 0.00450076 0.00445048 0.28228732 0.00827636 
56.00000000 0.00613153 0.01316007 0.67741550 0.00462513 0.00463604 0.28566513 0.00836660 
57.00000000 0.00636029 0.01323289 0.67330546 0.00475113 0.00482624 0.28906954 0.00845446 
58.00000000 0.00659590 0.01330810 0.66916171 0.00487862 0.00502096 0.29249498 0.00853973 
59.00000000 0.00683825 0.01338571 0.66499048 0.00500744 0.00522010 0.29593582 0.00862221 
60.00000000 0.00708720 0.01346566 0.66079799 0.00513744 0.00542353 0.29938644 0.00870174 
61.00000000 0.00734263 0.01354793 0.65659050 0.00526847 0.00563114 0.30284120 0.00877813 
62.00000000 0.00760438 0.01363247 0.65237421 0.00540039 0.00584279 0.30629451 0.00885124 
63.00000000 0.00787230 0.01371923 0.64815530 0.00553306 0.00605836 0.30974081 0.00892094 
64.00000000 0.00814622 0.01380814 0.64393992 0.00566634 0.00627771 0.31317456 0.00898711 
65.00000000 0.00842595 0.01389913 0.63973414 0.00580010 0.00650070 0.31659032 0.00904965 
66.00000000 0.00871133 0.01399214 0.63554396 0.00593421 0.00672719 0.31998271 0.00910847 
67.00000000 0.00900216 0.01408708 0.63137528 0.00606854 0.00695703 0.32334641 0.00916350 
68.00000000 0.00929823 0.01418386 0.62723395 0.00620297 0.00719007 0.32667623 0.00921469 
69.00000000 0.00959935 0.01428239 0.62312566 0.00633739 0.00742616 0.32996705 0.00926200 
70.00000000 0.00990530 0.01438257 0.61905603 0.00647170 0.00766514 0.33321386 0.00930542 
71.00000000 0.01021586 0.01448429 0.61503054 0.00660579 0.00790683 0.33641177 0.00934493 
72.00000000 0.01053082 0.01458744 0.61105456 0.00673955 0.00815109 0.33955599 0.00938054 
73.00000000 0.01084995 0.01469191 0.60713334 0.00687290 0.00839774 0.34264188 0.00941228 
74.00000000 0.01117301 0.01479759 0.60327196 0.00700576 0.00864660 0.34566490 0.00944019 
75.00000000 0.01149978 0.01490434 0.59947540 0.00713803 0.00889750 0.34862064 0.00946431 
76.00000000 0.01183001 0.01501205 0.59574848 0.00726965 0.00915025 0.35150484 0.00948471 
77.00000000 0.01216348 0.01512059 0.59209588 0.00740054 0.00940468 0.35431337 0.00950147 
78.00000000 0.01249993 0.01522984 0.58852213 0.00753063 0.00966058 0.35704222 0.00951468 
79.00000000 0.01283913 0.01533966 0.58503160 0.00765986 0.00991777 0.35968755 0.00952444 
80.00000000 0.01318082 0.01544993 0.58162851 0.00778816 0.01017606 0.36224565 0.00953086 
81.00000000 0.01352478 0.01556052 0.57831691 0.00791550 0.01043524 0.36471297 0.00953408 
82.00000000 0.01387076 0.01567132 0.57510070 0.00804181 0.01069510 0.36708610 0.00953422 
83.00000000 0.01421851 0.01578218 0.57198358 0.00816705 0.01095546 0.36936179 0.00953143 
84.00000000 0.01456780 0.01589300 0.56896912 0.00829116 0.01121608 0.37153697 0.00952586 
85.00000000 0.01491839 0.01600365 0.56606066 0.00841412 0.01147678 0.37360873 0.00951768 
86.00000000 0.01527004 0.01611402 0.56326138 0.00853588 0.01173732 0.37557432 0.00950706 
87.00000000 0.01562251 0.01622399 0.56057426 0.00865640 0.01199750 0.37743117 0.00949417 
88.00000000 0.01597559 0.01633347 0.55800209 0.00877565 0.01225710 0.37917691 0.00947920 
89.00000000 0.01632904 0.01644235 0.55554744 0.00889359 0.01251590 0.38080935 0.00946234 
90.00000000 0.01668264 0.01655052 0.55321267 0.00901019 0.01277369 0.38232649 0.00944379 
91.00000000 0.01703618 0.01665791 0.55099994 0.00912543 0.01303023 0.38372655 0.00942376 
92.00000000 0.01738944 0.01676442 0.54891117 0.00923928 0.01328532 0.38500794 0.00940244 
93.00000000 0.01774223 0.01686997 0.54694803 0.00935170 0.01353873 0.38616929 0.00938005 
94.00000000 0.01809433 0.01697448 0.54511198 0.00946268 0.01379024 0.38720947 0.00935681 
95.00000000 0.01844557 0.01707790 0.54340421 0.00957218 0.01403964 0.38812756 0.00933293 
96.00000000 0.01879576 0.01718016 0.54182569 0.00968018 0.01428671 0.38892288 0.00930863 
97.00000000 0.01914472 0.01728119 0.54037709 0.00978666 0.01453124 0.38959498 0.00928412 
98.00000000 0.01949228 0.01738096 0.53905885 0.00989159 0.01477301 0.39014367 0.00925964 
99.00000000 0.01983828 0.01747942 0.53787113 0.00999497 0.01501181 0.39056899 0.00923539 
100.00000000 0.02018259 0.01757654 0.53681382 0.01009675 0.01524745 0.39087126 0.00921159 
101.00000000 0.02052504 0.01767227 0.53588654 0.01019693 0.01547971 0.39105104 0.00918847 
102.00000000 0.02086552 0.01776660 0.53508861 0.01029549 0.01570840 0.39110914 0.00916624 
103.00000000 0.02120390 0.01785951 0.53441911 0.01039240 0.01593334 0.39104663 0.00914510 
104.00000000 0.02154008 0.01795099 0.53387682 0.01048765 0.01615433 0.39086486 0.00912527 
105.00000000 0.02187395 0.01804103 0.53346024 0.01058123 0.01637120 0.39056542 0.00910694 
106.00000000 0.02220542 0.01812963 0.53316760 0.01067312 0.01658376 0.39015015 0.00909031 
107.00000000 0.02253443 0.01821680 0.53299687 0.01076331 0.01679186 0.38962117 0.00907556 
108.00000000 0.02286089 0.01830254 0.53294573 0.01085178 0.01699534 0.38898082 0.00906289 
109.00000000 0.02318476 0.01838687 0.53301163 0.01093853 0.01719404 0.38823170 0.00905246 
110.00000000 0.02350600 0.01846980 0.53319173 0.01102355 0.01738783 0.38737664 0.00904444 
111.00000000 0.02382457 0.01855138 0.53348297 0.01110684 0.01757657 0.38641870 0.00903898 
112.00000000 0.02414044 0.01863161 0.53388205 0.01118837 0.01776014 0.38536116 0.00903622 
113.00000000 0.02445362 0.01871054 0.53438544 0.01126817 0.01793843 0.38420752 0.00903630 
114.00000000 0.02476409 0.01878820 0.53498940 0.01134621 0.01811133 0.38296145 0.00903933 
115.00000000 0.02507186 0.01886463 0.53568998 0.01142251 0.01827875 0.38162682 0.00904543 
116.00000000 0.02537697 0.01893989 0.53648308 0.01149707 0.01844063 0.38020770 0.00905468 
117.00000000 0.02567943 0.01901401 0.53736437 0.01156988 0.01859688 0.37870826 0.00906716 
118.00000000 0.02597928 0.01908704 0.53832942 0.01164097 0.01874746 0.37713287 0.00908295 
119.00000000 0.02627658 0.01915905 0.53937363 0.01171034 0.01889232 0.37548600 0.00910208 
120.00000000 0.02657137 0.01923009 0.54049230 0.01177799 0.01903144 0.37377222 0.00912459 
121.00000000 0.02686372 0.01930021 0.54168059 0.01184395 0.01916480 0.37199622 0.00915051 
122.00000000 0.02715370 0.01936948 0.54293361 0.01190823 0.01929241 0.37016275 0.00917982 
123.00000000 0.02744137 0.01943796 0.54424640 0.01197085 0.01941426 0.36827664 0.00921253 
124.00000000 0.02772683 0.01950572 0.54561392 0.01203182 0.01953039 0.36634273 0.00924859 
125.00000000 0.02801016 0.01957281 0.54703113 0.01209118 0.01964083 0.36436591 0.00928797 
126.00000000 0.02829145 0.01963932 0.54849297 0.01214893 0.01974564 0.36235108 0.00933061 
127.00000000 0.02857079 0.01970530 0.54999437 0.01220512 0.01984488 0.36030312 0.00937641 
128.00000000 0.02884828 0.01977083 0.55153030 0.01225976 0.01993864 0.35822689 0.00942530 
129.00000000 0.02912402 0.01983596 0.55309577 0.01231289 0.02002699 0.35612721 0.00947717 
130.00000000 0.02939811 0.01990078 0.55468582 0.01236453 0.02011004 0.35400883 0.00953190 
131.00000000 0.02967065 0.01996534 0.55629559 0.01241472 0.02018791 0.35187644 0.00958934 
132.00000000 0.02994175 0.02002972 0.55792030 0.01246349 0.02026072 0.34973465 0.00964937 
133.00000000 0.03021151 0.02009397 0.55955526 0.01251088 0.02032861 0.34758796 0.00971181 
134.00000000 0.03048004 0.02015816 0.56119590 0.01255691 0.02039172 0.34544076 0.00977651 
135.00000000 0.03074745 0.02022235 0.56283778 0.01260163 0.02045020 0.34329732 0.00984327 
136.00000000 0.03101382 0.02028661 0.56447660 0.01264507 0.02050421 0.34116176 0.00991193 
137.00000000 0.03127928 0.02035097 0.56610820 0.01268727 0.02055394 0.33903807 0.00998227 
138.00000000 0.03154392 0.02041551 0.56772858 0.01272826 0.02059954 0.33693009 0.01005411 
139.00000000 0.03180783 0.02048027 0.56933391 0.01276809 0.02064120 0.33484147 0.01012723 
140.00000000 0.03207113 0.02054529 0.57092053 0.01280680 0.02067910 0.33277573 0.01020143 
141.00000000 0.03233390 0.02061062 0.57248498 0.01284441 0.02071345 0.33073617 0.01027649 
142.00000000 0.03259623 0.02067629 0.57402395 0.01288098 0.02074442 0.32872593 0.01035220 
143.00000000 0.03285823 0.02074234 0.57553436 0.01291653 0.02077221 0.32674798 0.01042835 
144.00000000 0.03311999 0.02080879 0.57701330 0.01295111 0.02079702 0.32480506 0.01050473 
145.00000000 0.03338158 0.02087568 0.57845808 0.01298476 0.02081904 0.32289974 0.01058112 
146.00000000 0.03364310 0.02094302 0.57986618 0.01301752 0.02083847 0.32103439 0.01065731 
147.00000000 0.03390463 0.02101083 0.58123533 0.01304941 0.02085551 0.31921118 0.01073311 
148.00000000 0.03416625 0.02107911 0.58256341 0.01308049 0.02087034 0.31743208 0.01080833 
149.00000000 0.03442803 0.02114788 0.58384856 0.01311078 0.02088315 0.31569884 0.01088276 
150.00000000 0.03469007 0.02121713 0.58508907 0.01314034 0.02089413 0.31401304 0.01095623 
151.00000000 0.03495242 0.02128686 0.58628347 0.01316918 0.02090346 0.31237605 0.01102856 
152.00000000 0.03521516 0.02135706 0.58743048 0.01319735 0.02091133 0.31078903 0.01109959 
153.00000000 0.03547836 0.02142771 0.58852901 0.01322490 0.02091789 0.30925296 0.01116917 
154.00000000 0.03574208 0.02149881 0.58957817 0.01325184 0.02092333 0.30776862 0.01123715 
155.00000000 0.03600639 0.02157032 0.59057727 0.01327823 0.02092779 0.30633660 0.01130340 
156.00000000 0.03627134 0.02164223 0.59152579 0.01330409 0.02093145 0.30495730 0.01136780 
157.00000000 0.03653700 0.02171450 0.59242340 0.01332946 0.02093444 0.30363095 0.01143024 
158.00000000 0.03680342 0.02178711 0.59326994 0.01335438 0.02093692 0.30235760 0.01149063 
159.00000000 0.03707064 0.02186002 0.59406544 0.01337889 0.02093901 0.30113713 0.01154888 
160.00000000 0.03733873 0.02193319 0.59481006 0.01340302 0.02094085 0.29996924 0.01160492 
161.00000000 0.03760771 0.02200659 0.59550414 0.01342680 0.02094256 0.29885351 0.01165869 
162.00000000 0.03787764 0.02208017 0.59614816 0.01345028 0.02094425 0.29778935 0.01171015 
163.00000000 0.03814855 0.02215390 0.59674273 0.01347348 0.02094605 0.29677602 0.01175926 
164.00000000 0.03842048 0.02222774 0.59728862 0.01349645 0.02094804 0.29581266 0.01180601 
165.00000000 0.03869347 0.02230163 0.59778670 0.01351921 0.02095034 0.29489828 0.01185037 
166.00000000 0.03896753 0.02237555 0.59823794 0.01354181 0.02095302 0.29403180 0.01189235 
167.00000000 0.03924269 0.02244945 0.59864344 0.01356428 0.02095617 0.29321201 0.01193196 
168.00000000 0.03951898 0.02252328 0.59900439 0.01358665 0.02095987 0.29243761 0.01196923 
169.00000000 0.03979642 0.02259701 0.59932205 0.01360895 0.02096418 0.29170722 0.01200418 
170.00000000 0.04007501 0.02267059 0.59959776 0.01363123 0.02096918 0.29101938 0.01203684 
171.00000000 0.04035478 0.02274400 0.59983292 0.01365351 0.02097492 0.29037259 0.01206728 
172.00000000 0.04063572 0.02281719 0.60002900 0.01367582 0.02098146 0.28976528 0.01209553 
173.00000000 0.04091785 0.02289014 0.60018748 0.01369820 0.02098884 0.28919582 0.01212167 
174.00000000 0.04120117 0.02296280 0.60030990 0.01372068 0.02099711 0.28866258 0.01214575 
175.00000000 0.04148568 0.02303516 0.60039783 0.01374329 0.02100630 0.28816390 0.01216785 
176.00000000 0.04177137 0.02310718 0.60045284 0.01376605 0.02101644 0.28769808 0.01218804 
177.00000000 0.04205824 0.02317884 0.60047649 0.01378900 0.02102757 0.28726346 0.01220639 
178.00000000 0.04234629 0.02325012 0.60047039 0.01381217 0.02103971 0.28685834 0.01222300 
179.00000000 0.04263549 0.02332100 0.60043608 0.01383557 0.02105286 0.28648106 0.01223794 
180.00000000 0.04292584 0.02339147 0.60037513 0.01385922 0.02106706 0.28612997 0.01225130 
181.00000000 0.04321733 0.02346151 0.60028907 0.01388317 0.02108231 0.28580346 0.01226316 
182.00000000 0.04350993 0.02353111 0.60017939 0.01390741 0.02109861 0.28549993 0.01227361 
183.00000000 0.04380364 0.02360027 0.60004756 0.01393198 0.02111596 0.28521784 0.01228273 
184.00000000 0.04409844 0.02366898 0.59989502 0.01395689 0.02113438 0.28495568 0.01229061 
185.00000000 0.04439430 0.02373724 0.59972315 0.01398216 0.02115385 0.28471198 0.01229733 
186.00000000 0.04469121 0.02380504 0.59953329 0.01400780 0.02117437 0.28448534 0.01230296 
187.00000000 0.04498914 0.02387239 0.59932673 0.01403382 0.02119592 0.28427440 0.01230760 
188.00000000 0.04528808 0.02393929 0.59910472 0.01406023 0.02121850 0.28407785 0.01231132 
189.00000000 0.04558801 0.02400575 0.59886846 0.01408705 0.02124210 0.28389445 0.01231419 
190.00000000 0.04588890 0.02407178 0.59861908 0.01411427 0.02126669 0.28372300 0.01231628 
191.00000000 0.04619073 0.02413738 0.59835768 0.01414191 0.02129225 0.28356236 0.01231768 
192.00000000 0.04649349 0.02420258 0.59808530 0.01416997 0.02131877 0.28341146 0.01231843 
193.00000000 0.04679715 0.02426737 0.59780293 0.01419845 0.02134623 0.28326927 0.01231860 
194.00000000 0.04710169 0.02433178 0.59751150 0.01422735 0.02137460 0.28313481 0.01231827 
195.00000000 0.04740710 0.02439581 0.59721193 0.01425668 0.02140386 0.28300716 0.01231747 
196.00000000 0.04771334 0.02445950 0.59690504 0.01428642 0.02143398 0.28288545 0.01231627 
197.00000000 0.04802041 0.02452285 0.59659165 0.01431657 0.02146494 0.28276885 0.01231472 
198.00000000 0.04832828 0.02458589 0.59627252 0.01434714 0.02149671 0.28265659 0.01231286 
199.00000000 0.04863693 0.02464863 0.59594838 0.01437812 0.02152927 0.28254793 0.01231074 
200.00000000 0.04894635 0.02471110 0.59561991 0.01440949 0.02156259 0.28244217 0.01230840 
201.00000000 0.04925652 0.02477331 0.59528776 0.01444125 0.02159665 0.28233865 0.01230587 
202.00000000 0.04956741 0.02483529 0.59495255 0.01447339 0.02163140 0.28223676 0.01230319 
203.00000000 0.04987901 0.02489706 0.59461488 0.01450591 0.02166684 0.28213590 0.01230039 
204.00000000 0.05019131 0.02495865 0.59427529 0.01453879 0.02170294 0.28203553 0.01229750 
205.00000000 0.05050427 0.02502007 0.59393432 0.01457202 0.02173966 0.28193511 0.01229455 
206.00000000 0.05081790 0.02508136 0.59359248 0.01460559 0.02177698 0.28183414 0.01229154 
207.00000000 0.05113215 0.02514254 0.59325024 0.01463950 0.02181489 0.28173217 0.01228852 
208.00000000 0.05144703 0.02520362 0.59290806 0.01467372 0.02185335 0.28162875 0.01228548 
209.00000000 0.05176250 0.02526464 0.59256638 0.01470824 0.02189234 0.28152345 0.01228245 
210.00000000 0.05207855 0.02532562 0.59222561 0.01474306 0.02193183 0.28141589 0.01227943 
211.00000000 0.05239516 0.02538659 0.59188613 0.01477815 0.02197182 0.28130570 0.01227644 
212.00000000 0.05271232 0.02544756 0.59154833 0.01481352 0.02201226 0.28119253 0.01227348 
213.00000000 0.05302999 0.02550857 0.59121255 0.01484913 0.02205314 0.28107606 0.01227056 
214.00000000 0.05334817 0.02556964 0.59087912 0.01488498 0.02209445 0.28095598 0.01226767 
215.00000000 0.05366683 0.02563078 0.59054834 0.01492106 0.02213615 0.28083202 0.01226483 
216.00000000 0.05398594 0.02569203 0.59022051 0.01495736 0.02217822 0.28070391 0.01226202 
217.00000000 0.05430550 0.02575340 0.58989591 0.01499384 0.02222065 0.28057143 0.01225926 
218.00000000 0.05462549 0.02581492 0.58957476 0.01503052 0.02226342 0.28043437 0.01225653 
219.00000000 0.05494587 0.02587660 0.58925732 0.01506736 0.02230650 0.28029252 0.01225383 
220.00000000 0.05526663 0.02593847 0.58894378 0.01510436 0.02234988 0.28014572 0.01225116 
221.00000000 0.05558776 0.02600054 0.58863434 0.01514150 0.02239353 0.27999382 0.01224851 
222.00000000 0.05590923 0.02606284 0.58832916 0.01517878 0.02243744 0.27983669 0.01224588 
223.00000000 0.05623102 0.02612536 0.58802841 0.01521616 0.02248157 0.27967422 0.01224325 
224.00000000 0.05655312 0.02618814 0.58773221 0.01525364 0.02252592 0.27950632 0.01224064 
225.00000000 0.05687551 0.02625118 0.58744070 0.01529121 0.02257046 0.27933291 0.01223803 
226.00000000 0.05719816 0.02631449 0.58715396 0.01532886 0.02261517 0.27915395 0.01223541 
227.00000000 0.05752107 0.02637809 0.58687209 0.01536656 0.02266003 0.27896938 0.01223278 
228.00000000 0.05784422 0.02644197 0.58659516 0.01540430 0.02270502 0.27877919 0.01223014 
229.00000000 0.05816758 0.02650616 0.58632323 0.01544208 0.02275012 0.27858335 0.01222748 
230.00000000 0.05849116 0.02657064 0.58605636 0.01547987 0.02279531 0.27838188 0.01222480 
231.00000000 0.05881492 0.02663542 0.58579459 0.01551766 0.02284056 0.27817476 0.01222209 
232.00000000 0.05913887 0.02670051 0.58553794 0.01555545 0.02288585 0.27796202 0.01221936 
233.00000000 0.05946298 0.02676591 0.58528645 0.01559321 0.02293117 0.27774368 0.01221661 
234.00000000 0.05978724 0.02683160 0.58504014 0.01563093 0.02297650 0.27751976 0.01221383 
235.00000000 0.06011164 0.02689759 0.58479903 0.01566861 0.02302181 0.27729030 0.01221102 
236.00000000 0.06043618 0.02696388 0.58456314 0.01570622 0.02306708 0.27705531 0.01220819 
237.00000000 0.06076084 0.02703046 0.58433247 0.01574376 0.02311230 0.27681484 0.01220534 
238.00000000 0.06108560 0.02709731 0.58410706 0.01578121 0.02315744 0.27656892 0.01220246 
239.00000000 0.06141046 0.02716444 0.58388691 0.01581857 0.02320249 0.27631755 0.01219958 
240.00000000 0.06173541 0.02723183 0.58367205 0.01585581 0.02324744 0.27606078 0.01219668 
241.00000000 0.06206044 0.02729947 0.58346250 0.01589294 0.02329225 0.27579862 0.01219377 
242.00000000 0.06238554 0.02736737 0.58325830 0.01592994 0.02333692 0.27553108 0.01219086 
243.00000000 0.06271069 0.02743549 0.58305948 0.01596680 0.02338143 0.27525816 0.01218795 
244.00000000 0.06303589 0.02750384 0.58286608 0.01600350 0.02342576 0.27497988 0.01218504 
245.00000000 0.06336113 0.02757241 0.58267813 0.01604005 0.02346991 0.27469623 0.01218215 
246.00000000 0.06368639 0.02764118 0.58249568 0.01607643 0.02351385 0.27440720 0.01217927 
247.00000000 0.06401165 0.02771015 0.58231879 0.01611264 0.02355757 0.27411279 0.01217641 
248.00000000 0.06433692 0.02777931 0.58214751 0.01614866 0.02360106 0.27381296 0.01217358 
249.00000000 0.06466217 0.02784866 0.58198188 0.01618449 0.02364431 0.27350771 0.01217077 
250.00000000 0.06498738 0.02791819 0.58182197 0.01622011 0.02368731 0.27319702 0.01216801 
251.00000000 0.06531255 0.02798789 0.58166783 0.01625554 0.02373005 0.27288086 0.01216528 
252.00000000 0.06563766 0.02805776 0.58151951 0.01629075 0.02377251 0.27255921 0.01216260 
253.00000000 0.06596269 0.02812781 0.58137706 0.01632574 0.02381468 0.27223205 0.01215997 
254.00000000 0.06628762 0.02819804 0.58124052 0.01636051 0.02385657 0.27189937 0.01215739 
255.00000000 0.06661243 0.02826844 0.58110993 0.01639505 0.02389815 0.27156115 0.01215487 
256.00000000 0.06693711 0.02833902 0.58098532 0.01642935 0.02393942 0.27121738 0.01215240 
257.00000000 0.06726163 0.02840980 0.58086671 0.01646341 0.02398037 0.27086807 0.01215001 
258.00000000 0.06758597 0.02848077 0.58075412 0.01649723 0.02402100 0.27051322 0.01214768 
259.00000000 0.06791012 0.02855196 0.58064755 0.01653080 0.02406129 0.27015286 0.01214542 
260.00000000 0.06823404 0.02862338 0.58054698 0.01656412 0.02410125 0.26978700 0.01214324 
261.00000000 0.06855772 0.02869504 0.58045239 0.01659718 0.02414085 0.26941568 0.01214113 
262.00000000 0.06888114 0.02876696 0.58036375 0.01662998 0.02418011 0.26903895 0.01213911 
263.00000000 0.06920428 0.02883916 0.58028100 0.01666252 0.02421900 0.26865688 0.01213716 
264.00000000 0.06952710 0.02891167 0.58020407 0.01669480 0.02425753 0.26826953 0.01213531 
265.00000000 0.06984959 0.02898450 0.58013290 0.01672680 0.02429569 0.26787698 0.01213355 
266.00000000 0.07017172 0.02905768 0.58006738 0.01675853 0.02433348 0.26747933 0.01213187 
267.00000000 0.07049348 0.02913123 0.58000741 0.01678999 0.02437089 0.26707669 0.01213029 
268.00000000 0.07081484 0.02920519 0.57995288 0.01682118 0.02440792 0.26666917 0.01212881 
269.00000000 0.07113578 0.02927959 0.57990366 0.01685209 0.02444456 0.26625689 0.01212743 
270.00000000 0.07145628 0.02935444 0.57985960 0.01688272 0.02448082 0.26583999 0.01212615 
271.00000000 0.07177631 0.02942978 0.57982056 0.01691307 0.02451669 0.26541861 0.01212496 
272.00000000 0.07209586 0.02950565 0.57978639 0.01694315 0.02455218 0.26499290 0.01212388 
273.00000000 0.07241490 0.02958206 0.57975691 0.01697294 0.02458728 0.26456301 0.01212290 
274.00000000 0.07273342 0.02965906 0.57973196 0.01700245 0.02462199 0.26412910 0.01212202 
275.00000000 0.07305139 0.02973666 0.57971138 0.01703169 0.02465632 0.26369133 0.01212124 
276.00000000 0.07336880 0.02981489 0.57969497 0.01706064 0.02469027 0.26324985 0.01212056 
277.00000000 0.07368563 0.02989380 0.57968258 0.01708932 0.02472385 0.26280485 0.01211998 
278.00000000 0.07400185 0.02997339 0.57967401 0.01711773 0.02475705 0.26235647 0.01211949 
279.00000000 0.07431746 0.03005371 0.57966911 0.01714586 0.02478990 0.26190489 0.01211908 
280.00000000 0.07463243 0.03013477 0.57966768 0.01717372 0.02482239 0.26145025 0.01211876 
281.00000000 0.07494674 0.03021660 0.57966957 0.01720130 0.02485453 0.26099272 0.01211852 
282.00000000 0.07526039 0.03029922 0.57967461 0.01722863 0.02488634 0.26053246 0.01211836 
283.00000000 0.07557334 0.03038265 0.57968264 0.01725569 0.02491782 0.26006961 0.01211825 
284.00000000 0.07588559 0.03046691 0.57969350 0.01728249 0.02494899 0.25960432 0.01211821 
285.00000000 0.07619711 0.03055203 0.57970703 0.01730903 0.02497986 0.25913674 0.01211821 
286.00000000 0.07650788 0.03063802 0.57972309 0.01733532 0.02501044 0.25866699 0.01211825 
287.00000000 0.07681790 0.03072489 0.57974155 0.01736136 0.02504074 0.25819523 0.01211832 
288.00000000 0.07712714 0.03081267 0.57976225 0.01738716 0.02507078 0.25772158 0.01211841 
289.00000000 0.07743558 0.03090136 0.57978506 0.01741272 0.02510058 0.25724618 0.01211852 
290.00000000 0.07774321 0.03099099 0.57980985 0.01743805 0.02513015 0.25676914 0.01211861 
291.00000000 0.07805000 0.03108155 0.57983650 0.01746314 0.02515950 0.25629061 0.01211870 
292.00000000 0.07835594 0.03117307 0.57986486 0.01748801 0.02518866 0.25581070 0.01211876 
293.00000000 0.07866101 0.03126555 0.57989482 0.01751266 0.02521763 0.25532955 0.01211879 
294.00000000 0.07896518 0.03135900 0.57992625 0.01753709 0.02524643 0.25484729 0.01211877 
295.00000000 0.07926844 0.03145343 0.57995901 0.01756130 0.02527508 0.25436404 0.01211870 
296.00000000 0.07957077 0.03154884 0.57999298 0.01758531 0.02530360 0.25387995 0.01211856 
297.00000000 0.07987214 0.03164526 0.58002801 0.01760912 0.02533199 0.25339514 0.01211834 
298.00000000 0.08017254 0.03174268 0.58006398 0.01763272 0.02536028 0.25290977 0.01211804 
299.00000000 0.08047194 0.03184110 0.58010074 0.01765613 0.02538847 0.25242398 0.01211765 
300.00000000 0.08077032 0.03194054 0.58013814 0.01767934 0.02541658 0.25193792 0.01211716 
301.00000000 0.08106765 0.03204100 0.58017603 0.01770237 0.02544463 0.25145176 0.01211656 
302.00000000 0.08136393 0.03214248 0.58021426 0.01772521 0.02547263 0.25096565 0.01211585 
303.00000000 0.08165912 0.03224499 0.58025266 0.01774786 0.02550059 0.25047976 0.01211502 
304.00000000 0.08195319 0.03234854 0.58029107 0.01777034 0.02552851 0.24999428 0.01211407 
305.00000000 0.08224614 0.03245312 0.58032931 0.01779264 0.02555642 0.24950937 0.01211300 
306.00000000 0.08253793 0.03255873 0.58036722 0.01781476 0.02558432 0.24902522 0.01211181 
307.00000000 0.08282854 0.03266539 0.58040462 0.01783671 0.02561222 0.24854202 0.01211049 
308.00000000 0.08311796 0.03277308 0.58044133 0.01785850 0.02564014 0.24805997 0.01210904 
309.00000000 0.08340615 0.03288181 0.58047716 0.01788011 0.02566807 0.24757924 0.01210746 
310.00000000 0.08369310 0.03299158 0.58051194 0.01790156 0.02569603 0.24710003 0.01210575 
311.00000000 0.08397878 0.03310239 0.58054548 0.01792285 0.02572403 0.24662254 0.01210392 
312.00000000 0.08426318 0.03321423 0.58057762 0.01794397 0.02575207 0.24614696 0.01210197 
313.00000000 0.08454628 0.03332710 0.58060818 0.01796494 0.02578015 0.24567347 0.01209989 
314.00000000 0.08482805 0.03344098 0.58063698 0.01798575 0.02580829 0.24520226 0.01209769 
315.00000000 0.08510848 0.03355588 0.58066386 0.01800640 0.02583649 0.24473350 0.01209538 
316.00000000 0.08538756 0.03367179 0.58068868 0.01802690 0.02586476 0.24426737 0.01209294 
317.00000000 0.08566526 0.03378869 0.58071127 0.01804726 0.02589309 0.24380404 0.01209039 
318.00000000 0.08594158 0.03390658 0.58073151 0.01806746 0.02592149 0.24334365 0.01208772 
319.00000000 0.08621650 0.03402544 0.58074926 0.01808752 0.02594997 0.24288637 0.01208494 
320.00000000 0.08649001 0.03414525 0.58076439 0.01810744 0.02597853 0.24243233 0.01208205 
321.00000000 0.08676211 0.03426601 0.58077682 0.01812721 0.02600716 0.24198166 0.01207904 
322.00000000 0.08703279 0.03438768 0.58078642 0.01814685 0.02603587 0.24153447 0.01207592 
323.00000000 0.08730203 0.03451027 0.58079313 0.01816635 0.02606466 0.24109087 0.01207269 
324.00000000 0.08756985 0.03463374 0.58079686 0.01818571 0.02609353 0.24065097 0.01206934 
325.00000000 0.08783624 0.03475809 0.58079756 0.01820494 0.02612247 0.24021484 0.01206587 
326.00000000 0.08810119 0.03488328 0.58079517 0.01822404 0.02615148 0.23978257 0.01206228 
327.00000000 0.08836473 0.03500929 0.58078964 0.01824301 0.02618057 0.23935421 0.01205856 
328.00000000 0.08862684 0.03513611 0.58078094 0.01826186 0.02620972 0.23892982 0.01205472 
329.00000000 0.08888754 0.03526371 0.58076906 0.01828057 0.02623892 0.23850945 0.01205075 
330.00000000 0.08914684 0.03539207 0.58075397 0.01829916 0.02626818 0.23809314 0.01204664 
331.00000000 0.08940475 0.03552117 0.58073566 0.01831762 0.02629748 0.23768091 0.01204240 
332.00000000 0.08966129 0.03565098 0.58071414 0.01833596 0.02632682 0.23727279 0.01203801 
333.00000000 0.08991647 0.03578149 0.58068940 0.01835417 0.02635618 0.23686881 0.01203348 
334.00000000 0.09017030 0.03591267 0.58066145 0.01837226 0.02638556 0.23646896 0.01202881 
335.00000000 0.09042281 0.03604450 0.58063029 0.01839022 0.02641494 0.23607326 0.01202398 
336.00000000 0.09067402 0.03617695 0.58059594 0.01840805 0.02644431 0.23568172 0.01201900 
337.00000000 0.09092395 0.03631003 0.58055842 0.01842575 0.02647365 0.23529434 0.01201386 
338.00000000 0.09117262 0.03644369 0.58051772 0.01844332 0.02650295 0.23491112 0.01200857 
339.00000000 0.09142006 0.03657792 0.58047387 0.01846075 0.02653221 0.23453206 0.01200313 
340.00000000 0.09166629 0.03671272 0.58042688 0.01847804 0.02656139 0.23415715 0.01199753 
341.00000000 0.09191133 0.03684805 0.58037676 0.01849520 0.02659049 0.23378640 0.01199177 
342.00000000 0.09215522 0.03698390 0.58032351 0.01851221 0.02661948 0.23341981 0.01198587 
343.00000000 0.09239797 0.03712027 0.58026714 0.01852908 0.02664836 0.23305736 0.01197981 
344.00000000 0.09263962 0.03725713 0.58020766 0.01854580 0.02667711 0.23269906 0.01197362 
345.00000000 0.09288019 0.03739447 0.58014508 0.01856237 0.02670571 0.23234491 0.01196728 
346.00000000 0.09311971 0.03753228 0.58007939 0.01857878 0.02673414 0.23199490 0.01196080 
347.00000000 0.09335820 0.03767054 0.58001061 0.01859503 0.02676239 0.23164903 0.01195420 
348.00000000 0.09359570 0.03780924 0.57993872 0.01861113 0.02679045 0.23130728 0.01194748 
349.00000000 0.09383223 0.03794838 0.57986375 0.01862706 0.02681830 0.23096965 0.01194064 
350.00000000 0.09406781 0.03808793 0.57978568 0.01864283 0.02684592 0.23063614 0.01193369 
351.00000000 0.09430247 0.03822789 0.57970454 0.01865843 0.02687331 0.23030672 0.01192665 
352.00000000 0.09453623 0.03836824 0.57962033 0.01867387 0.02690045 0.22998137 0.01191951 
353.00000000 0.09476914 0.03850896 0.57953305 0.01868914 0.02692733 0.22966008 0.01191229 
354.00000000 0.09500120 0.03865005 0.57944274 0.01870424 0.02695395 0.22934282 0.01190500 
355.00000000 0.09523244 0.03879149 0.57934941 0.01871918 0.02698028 0.22902954 0.01189765 
356.00000000 0.09546290 0.03893327 0.57925308 0.01873396 0.02700634 0.22872022 0.01189024 
357.00000000 0.09569259 0.03907536 0.57915380 0.01874858 0.02703210 0.22841480 0.01188278 
358.00000000 0.09592154 0.03921775 0.57905160 0.01876304 0.02705757 0.22811323 0.01187528 
359.00000000 0.09614977 0.03936042 0.57894653 0.01877735 0.02708274 0.22781544 0.01186775 
360.00000000 0.09637732 0.03950335 0.57883865 0.01879151 0.02710761 0.22752137 0.01186020 
361.00000000 0.09660420 0.03964651 0.57872801 0.01880553 0.02713217 0.22723094 0.01185264 
362.00000000 0.09683044 0.03978990 0.57861468 0.01881942 0.02715643 0.22694407 0.01184507 
363.00000000 0.09705607 0.03993347 0.57849874 0.01883318 0.02718038 0.22666067 0.01183749 
364.00000000 0.09728112 0.04007721 0.57838027 0.01884682 0.02720402 0.22638063 0.01182993 
365.00000000 0.09750560 0.04022110 0.57825936 0.01886035 0.02722737 0.22610385 0.01182237 
366.00000000 0.09772954 0.04036509 0.57813610 0.01887379 0.02725041 0.22583023 0.01181484 
367.00000000 0.09795297 0.04050917 0.57801059 0.01888713 0.02727316 0.22555965 0.01180734 
368.00000000 0.09817592 0.04065330 0.57788293 0.01890040 0.02729561 0.22529198 0.01179986 
369.00000000 0.09839840 0.04079746 0.57775322 0.01891360 0.02731777 0.22502712 0.01179243 
370.00000000 0.09862045 0.04094161 0.57762158 0.01892674 0.02733965 0.22476492 0.01178504 
371.00000000 0.09884209 0.04108572 0.57748811 0.01893984 0.02736125 0.22450528 0.01177770 
372.00000000 0.09906335 0.04122977 0.57735293 0.01895291 0.02738257 0.22424805 0.01177042 
373.00000000 0.09928425 0.04137370 0.57721614 0.01896596 0.02740363 0.22399311 0.01176320 
374.00000000 0.09950480 0.04151750 0.57707786 0.01897901 0.02742442 0.22374035 0.01175605 
375.00000000 0.09972505 0.04166114 0.57693819 0.01899206 0.02744496 0.22348963 0.01174898 
376.00000000 0.09994500 0.04180457 0.57679724 0.01900513 0.02746525 0.22324083 0.01174199 
377.00000000 0.10016468 0.04194776 0.57665510 0.01901823 0.02748530 0.22299383 0.01173509 
378.00000000 0.10038411 0.04209070 0.57651188 0.01903137 0.02750511 0.22274854 0.01172829 
379.00000000 0.10060332 0.04223334 0.57636768 0.01904456 0.02752470 0.22250482 0.01172159 
380.00000000 0.10082231 0.04237565 0.57622257 0.01905783 0.02754406 0.22226259 0.01171499 
381.00000000 0.10104111 0.04251762 0.57607665 0.01907117 0.02756321 0.22202173 0.01170851 
382.00000000 0.10125973 0.04265920 0.57592999 0.01908460 0.02758215 0.22178217 0.01170215 
383.00000000 0.10147819 0.04280038 0.57578268 0.01909813 0.02760090 0.22154380 0.01169592 
384.00000000 0.10169651 0.04294112 0.57563478 0.01911177 0.02761946 0.22130655 0.01168981 
385.00000000 0.10191469 0.04308142 0.57548635 0.01912553 0.02763784 0.22107033 0.01168385 
386.00000000 0.10213274 0.04322124 0.57533747 0.01913941 0.02765604 0.22083508 0.01167802 
387.00000000 0.10235068 0.04336056 0.57518820 0.01915344 0.02767408 0.22060071 0.01167233 
388.00000000 0.10256851 0.04349937 0.57503858 0.01916761 0.02769197 0.22036717 0.01166679 
389.00000000 0.10278624 0.04363765 0.57488867 0.01918193 0.02770971 0.22013439 0.01166141 
390.00000000 0.10300388 0.04377539 0.57473852 0.01919642 0.02772732 0.21990231 0.01165617 
391.00000000 0.10322142 0.04391257 0.57458820 0.01921107 0.02774481 0.21967086 0.01165108 
392.00000000 0.10343888 0.04404918 0.57443774 0.01922589 0.02776218 0.21943999 0.01164614 
393.00000000 0.10365626 0.04418522 0.57428719 0.01924090 0.02777945 0.21920964 0.01164134 
394.00000000 0.10387355 0.04432067 0.57413662 0.01925609 0.02779662 0.21897975 0.01163670 
395.00000000 0.10409075 0.04445552 0.57398606 0.01927147 0.02781372 0.21875027 0.01163220 
396.00000000 0.10430787 0.04458978 0.57383558 0.01928705 0.02783074 0.21852113 0.01162784 
397.00000000 0.10452491 0.04472344 0.57368523 0.01930283 0.02784770 0.21829228 0.01162361 
398.00000000 0.10474186 0.04485649 0.57353507 0.01931882 0.02786461 0.21806364 0.01161951 
399.00000000 0.10495871 0.04498893 0.57338516 0.01933501 0.02788149 0.21783517 0.01161553 
400.00000000 0.10517547 0.04512077 0.57323556 0.01935141 0.02789834 0.21760678 0.01161166 
401.00000000 0.10539213 0.04525200 0.57308633 0.01936803 0.02791517 0.21737843 0.01160791 
402.00000000 0.10560869 0.04538262 0.57293754 0.01938487 0.02793200 0.21715003 0.01160424 
403.00000000 0.10582514 0.04551264 0.57278927 0.01940193 0.02794884 0.21692152 0.01160067 
404.00000000 0.10604148 0.04564206 0.57264157 0.01941921 0.02796568 0.21669283 0.01159718 
405.00000000 0.10625771 0.04577087 0.57249451 0.01943671 0.02798256 0.21646389 0.01159375 
406.00000000 0.10647381 0.04589910 0.57234818 0.01945444 0.02799946 0.21623463 0.01159038 
407.00000000 0.10668980 0.04602673 0.57220263 0.01947239 0.02801640 0.21600499 0.01158707 
408.00000000 0.10690565 0.04615377 0.57205793 0.01949058 0.02803340 0.21577489 0.01158379 
409.00000000 0.10712137 0.04628023 0.57191416 0.01950899 0.02805044 0.21554428 0.01158053 
410.00000000 0.10733696 0.04640611 0.57177137 0.01952763 0.02806755 0.21531309 0.01157730 
411.00000000 0.10755241 0.04653141 0.57162962 0.01954650 0.02808472 0.21508127 0.01157407 
412.00000000 0.10776771 0.04665615 0.57148897 0.01956560 0.02810196 0.21484876 0.01157083 
413.00000000 0.10798287 0.04678033 0.57134947 0.01958493 0.02811928 0.21461553 0.01156759 
414.00000000 0.10819788 0.04690396 0.57121117 0.01960448 0.02813666 0.21438152 0.01156432 
415.00000000 0.10841274 0.04702703 0.57107410 0.01962425 0.02815413 0.21414672 0.01156103 
416.00000000 0.10862744 0.04714957 0.57093830 0.01964425 0.02817167 0.21391107 0.01155769 
417.00000000 0.10884198 0.04727158 0.57080380 0.01966448 0.02818928 0.21367458 0.01155430 
418.00000000 0.10905636 0.04739306 0.57067060 0.01968492 0.02820697 0.21343723 0.01155086 
419.00000000 0.10927057 0.04751402 0.57053873 0.01970557 0.02822473 0.21319901 0.01154736 
420.00000000 0.10948462 0.04763449 0.57040819 0.01972644 0.02824257 0.21295992 0.01154378 
421.00000000 0.10969849 0.04775446 0.57027897 0.01974751 0.02826046 0.21271998 0.01154013 
422.00000000 0.10991218 0.04787395 0.57015107 0.01976879 0.02827842 0.21247921 0.01153639 
423.00000000 0.11012569 0.04799297 0.57002446 0.01979027 0.02829643 0.21223763 0.01153256 
424.00000000 0.11033901 0.04811154 0.56989912 0.01981194 0.02831448 0.21199526 0.01152864 
425.00000000 0.11055214 0.04822966 0.56977503 0.01983381 0.02833259 0.21175216 0.01152462 
426.00000000 0.11076507 0.04834736 0.56965215 0.01985585 0.02835072 0.21150835 0.01152050 
427.00000000 0.11097780 0.04846465 0.56953044 0.01987808 0.02836889 0.21126389 0.01151626 
428.00000000 0.11119032 0.04858155 0.56940985 0.01990048 0.02838707 0.21101882 0.01151191 
429.00000000 0.11140262 0.04869807 0.56929035 0.01992305 0.02840527 0.21077320 0.01150744 
430.00000000 0.11161470 0.04881424 0.56917187 0.01994577 0.02842347 0.21052709 0.01150286 
431.00000000 0.11182655 0.04893007 0.56905438 0.01996865 0.02844166 0.21028053 0.01149815 
432.00000000 0.11203815 0.04904559 0.56893782 0.01999168 0.02845985 0.21003359 0.01149331 
433.00000000 0.11224951 0.04916081 0.56882215 0.02001485 0.02847801 0.20978633 0.01148835 
434.00000000 0.11246062 0.04927575 0.56870730 0.02003815 0.02849615 0.20953878 0.01148326 
435.00000000 0.11267146 0.04939043 0.56859323 0.02006158 0.02851424 0.20929102 0.01147803 
436.00000000 0.11288203 0.04950489 0.56847990 0.02008513 0.02853229 0.20904309 0.01147268 
437.00000000 0.11309232 0.04961913 0.56836726 0.02010878 0.02855029 0.20879503 0.01146719 
438.00000000 0.11330232 0.04973318 0.56825526 0.02013255 0.02856823 0.20854689 0.01146157 
439.00000000 0.11351203 0.04984705 0.56814387 0.02015641 0.02858610 0.20829872 0.01145582 
