0.00000000 1.00000000 -0.00000000 -0.00000000 -0.00000000 0.00000000 0.00000000 -0.00000000 
1.00000000 0.99971313 0.00027283 0.00000108 0.00000124 0.00000159 0.00000666 0.00000348 
2.00000000 0.99885337 0.00109048 0.00000433 0.00000495 0.00000638 0.00002660 0.00001389 
3.00000000 0.99742324 0.00245043 0.00000987 0.00001115 0.00001439 0.00005975 0.00003118 
4.00000000 0.99542696 0.00434849 0.00001783 0.00001985 0.00002564 0.00010596 0.00005527 
5.00000000 0.99287036 0.00677883 0.00002843 0.00003110 0.00004021 0.00016503 0.00008604 
6.00000000 0.98976090 0.00973402 0.00004194 0.00004493 0.00005814 0.00023673 0.00012333 
7.00000000 0.98610759 0.01320510 0.00005868 0.00006138 0.00007953 0.00032075 0.00016697 
8.00000000 0.98192094 0.01718159 0.00007903 0.00008052 0.00010446 0.00041673 0.00021673 
9.00000000 0.97721292 0.02165158 0.00010341 0.00010239 0.00013303 0.00052429 0.00027239 
10.00000000 0.97199685 0.02660180 0.00013229 0.00012707 0.00016536 0.00064297 0.00033367 
11.00000000 0.96628738 0.03201769 0.00016617 0.00015463 0.00020157 0.00077229 0.00040028 
12.00000000 0.96010035 0.03788349 0.00020559 0.00018515 0.00024179 0.00091171 0.00047191 
13.00000000 0.95345277 0.04418229 0.00025113 0.00021872 0.00028616 0.00106069 0.00054824 
14.00000000 0.94636273 0.05089614 0.00030337 0.00025542 0.00033482 0.00121861 0.00062891 
15.00000000 0.93884931 0.05800608 0.00036292 0.00029535 0.00038792 0.00138486 0.00071356 
16.00000000 0.93093253 0.06549227 0.00043040 0.00033860 0.00044560 0.00155877 0.00080182 
17.00000000 0.92263326 0.07333402 0.00050645 0.00038527 0.00050802 0.00173968 0.00089330 
18.00000000 0.91397320 0.08150987 0.00059168 0.00043544 0.00057531 0.00192688 0.00098762 
19.00000000 0.90497473 0.08999768 0.00068671 0.00048923 0.00064763 0.00211966 0.00108436 
20.00000000 0.89566094 0.09877466 0.00079217 0.00054671 0.00072510 0.00231729 0.00118314 
21.00000000 0.88605546 0.10781750 0.00090862 0.00060797 0.00080787 0.00251903 0.00128355 
22.00000000 0.87618246 0.11710239 0.00103666 0.00067311 0.00089605 0.00272413 0.00138519 
23.00000000 0.86606652 0.12660518 0.00117682 0.00074220 0.00098976 0.00293185 0.00148768 
24.00000000 0.85573254 0.13630138 0.00132962 0.00081531 0.00108910 0.00314143 0.00159063 
25.00000000 0.84520568 0.14616634 0.00149552 0.00089251 0.00119416 0.00335213 0.00169365 
26.00000000 0.83451123 0.15617530 0.00167497 0.00097385 0.00130502 0.00356322 0.00179640 
27.00000000 0.82367454 0.16630348 0.00186836 0.00105939 0.00142175 0.00377398 0.00189851 
28.00000000 0.81272090 0.17652619 0.00207602 0.00114914 0.00154438 0.00398370 0.00199966 
29.00000000 0.80167549 0.18681892 0.00229826 0.00124315 0.00167295 0.00419171 0.00209952 
30.00000000 0.79056324 0.19715740 0.00253531 0.00134141 0.00180747 0.00439735 0.00219782 
31.00000000 0.77940882 0.20751769 0.00278737 0.00144393 0.00194794 0.00459999 0.00229426 
32.00000000 0.76823655 0.21787625 0.00305455 0.00155068 0.00209433 0.00479903 0.00238860 
33.00000000 0.75707032 0.22820997 0.00333694 0.00166162 0.00224660 0.00499392 0.00248063 
34.00000000 0.74593355 0.23849624 0.00363455 0.00177673 0.00240467 0.00518413 0.00257012 
35.00000000 0.73484916 0.24871301 0.00394735 0.00189591 0.00256848 0.00536918 0.00265691 
36.00000000 0.72383948 0.25883880 0.00427523 0.00201910 0.00273792 0.00554860 0.00274085 
37.00000000 0.71292625 0.26885281 0.00461806 0.00214619 0.00291286 0.00572201 0.00282182 
38.00000000 0.70213050 0.27873488 0.00497564 0.00227707 0.00309317 0.00588903 0.00289972 
39.00000000 0.69147257 0.28846563 0.00534771 0.00241160 0.00327867 0.00604934 0.00297448 
40.00000000 0.68097199 0.29802647 0.00573398 0.00254963 0.00346919 0.00620268 0.00304607 
41.00000000 0.67064748 0.30739962 0.00613410 0.00269101 0.00366452 0.00634881 0.00311445 
42.00000000 0.66051683 0.31656824 0.00654770 0.00283554 0.00386445 0.00648757 0.00317966 
43.00000000 0.65059691 0.32551640 0.00697434 0.00298305 0.00406874 0.00661883 0.00324173 
44.00000000 0.64090361 0.33422916 0.00741358 0.00313331 0.00427713 0.00674251 0.00330072 
45.00000000 0.63145177 0.34269258 0.00786491 0.00328610 0.00448935 0.00685858 0.00335671 
46.00000000 0.62225521 0.35089375 0.00832782 0.00344120 0.00470513 0.00696707 0.00340983 
47.00000000 0.61332668 0.35882079 0.00880176 0.00359837 0.00492415 0.00706805 0.00346019 
48.00000000 0.60467787 0.36646288 0.00928617 0.00375736 0.00514612 0.00716163 0.00350797 
49.00000000 0.59631943 0.37381020 0.00978048 0.00391790 0.00537070 0.00724797 0.00355332 
50.00000000 0.58826092 0.38085397 0.01028408 0.00407975 0.00559755 0.00732729 0.00359644 
51.00000000 0.58051090 0.38758641 0.01079638 0.00424263 0.00582634 0.00739980 0.00363753 
52.00000000 0.57307687 0.39400073 0.01131678 0.00440629 0.00605671 0.00746581 0.00367681 
53.00000000 0.56596533 0.40009112 0.01184468 0.00457045 0.00628830 0.00752561 0.00371451 
54.00000000 0.55918175 0.40585274 0.01237948 0.00473487 0.00652074 0.00757956 0.00375086 
55.00000000 0.55273062 0.41128171 0.01292060 0.00489927 0.00675366 0.00762802 0.00378612 
56.00000000 0.54661539 0.41637512 0.01346746 0.00506342 0.00698667 0.00767139 0.00382054 
57.00000000 0.54083852 0.42113101 0.01401951 0.00522707 0.00721941 0.00771011 0.00385437 
58.00000000 0.53540146 0.42554839 0.01457618 0.00538999 0.00745150 0.00774460 0.00388787 
59.00000000 0.53030468 0.42962719 0.01513697 0.00555197 0.00768254 0.00777533 0.00392131 
60.00000000 0.52554768 0.43336826 0.01570136 0.00571280 0.00791218 0.00780278 0.00395495 
61.00000000 0.52112898 0.43677336 0.01626888 0.00587229 0.00814004 0.00782742 0.00398903 
62.00000000 0.51704623 0.43984511 0.01683906 0.00603028 0.00836575 0.00784974 0.00402382 
63.00000000 0.51329617 0.44258698 0.01741148 0.00618660 0.00858896 0.00787024 0.00405956 
64.00000000 0.50987473 0.44500319 0.01798573 0.00634115 0.00880932 0.00788941 0.00409648 
65.00000000 0.50677706 0.44709869 0.01856144 0.00649379 0.00902648 0.00790772 0.00413481 
66.00000000 0.50399759 0.44887914 0.01913825 0.00664445 0.00924012 0.00792566 0.00417478 
67.00000000 0.50153008 0.45035082 0.01971585 0.00679305 0.00944993 0.00794369 0.00421658 
68.00000000 0.49936766 0.45152057 0.02029393 0.00693957 0.00965560 0.00796225 0.00426041 
69.00000000 0.49750289 0.45239582 0.02087224 0.00708396 0.00985685 0.00798178 0.00430645 
70.00000000 0.49592778 0.45298448 0.02145054 0.00722625 0.01005341 0.00800267 0.00435487 
71.00000000 0.49463386 0.45329495 0.02202860 0.00736644 0.01024503 0.00802532 0.00440581 
72.00000000 0.49361214 0.45333607 0.02260623 0.00750460 0.01043147 0.00805008 0.00445941 
73.00000000 0.49285323 0.45311713 0.02318328 0.00764078 0.01061254 0.00807727 0.00451578 
74.00000000 0.49234729 0.45264779 0.02375958 0.00777508 0.01078803 0.00810720 0.00457504 
75.00000000 0.49208412 0.45193810 0.02433499 0.00790760 0.01095780 0.00814012 0.00463726 
76.00000000 0.49205317 0.45099844 0.02490942 0.00803847 0.01112169 0.00817628 0.00470252 
77.00000000 0.49224360 0.44983947 0.02548273 0.00816784 0.01127961 0.00821588 0.00477088 
78.00000000 0.49264429 0.44847211 0.02605486 0.00829586 0.01143145 0.00825906 0.00484237 
79.00000000 0.49324396 0.44690747 0.02662570 0.00842271 0.01157718 0.00830597 0.00491702 
80.00000000 0.49403116 0.44515683 0.02719518 0.00854856 0.01171675 0.00835668 0.00499484 
81.00000000 0.49499435 0.44323155 0.02776323 0.00867361 0.01185016 0.00841126 0.00507584 
82.00000000 0.49612197 0.44114305 0.02832977 0.00879806 0.01197745 0.00846972 0.00515999 
83.00000000 0.49740244 0.43890276 0.02889473 0.00892211 0.01209866 0.00853203 0.00524727 
84.00000000 0.49882425 0.43652206 0.02945805 0.00904596 0.01221388 0.00859815 0.00533764 
85.00000000 0.50037597 0.43401228 0.03001965 0.00916983 0.01232323 0.00866798 0.00543105 
86.00000000 0.50204628 0.43138466 0.03057945 0.00929391 0.01242684 0.00874141 0.00552745 
87.00000000 0.50382400 0.42865030 0.03113736 0.00941841 0.01252488 0.00881827 0.00562677 
88.00000000 0.50569811 0.42582019 0.03169329 0.00954353 0.01261756 0.00889838 0.00572894 
89.00000000 0.50765778 0.42290515 0.03224714 0.00966943 0.01270508 0.00898154 0.00583387 
90.00000000 0.50969237 0.41991582 0.03279879 0.00979631 0.01278771 0.00906751 0.00594149 
91.00000000 0.51179144 0.41686266 0.03334812 0.00992433 0.01286571 0.00915602 0.00605171 
92.00000000 0.51394483 0.41375592 0.03389499 0.01005364 0.01293938 0.00924680 0.00616443 
93.00000000 0.51614262 0.41060558 0.03443925 0.01018437 0.01300905 0.00933955 0.00627958 
94.00000000 0.51837519 0.40742137 0.03498073 0.01031666 0.01307505 0.00943396 0.00639704 
95.00000000 0.52063324 0.40421273 0.03551927 0.01045059 0.01313775 0.00952969 0.00651674 
96.00000000 0.52290784 0.40098874 0.03605467 0.01058626 0.01319751 0.00962641 0.00663858 
97.00000000 0.52519040 0.39775814 0.03658673 0.01072374 0.01325473 0.00972378 0.00676247 
98.00000000 0.52747276 0.39452931 0.03711526 0.01086308 0.01330982 0.00982144 0.00688832 
99.00000000 0.52974717 0.39131020 0.03764003 0.01100431 0.01336318 0.00991905 0.00701606 
100.00000000 0.53200630 0.38810837 0.03816081 0.01114744 0.01341523 0.01001626 0.00714559 
101.00000000 0.53424325 0.38493095 0.03867738 0.01129247 0.01346640 0.01011271 0.00727684 
102.00000000 0.53645156 0.38178465 0.03918950 0.01143936 0.01351710 0.01020808 0.00740975 
103.00000000 0.53862521 0.37867575 0.03969691 0.01158809 0.01356777 0.01030203 0.00754423 
104.00000000 0.54075862 0.37561009 0.04019939 0.01173860 0.01361882 0.01039425 0.00768023 
105.00000000 0.54284660 0.37259312 0.04069667 0.01189081 0.01367066 0.01048443 0.00781770 
106.00000000 0.54488442 0.36962985 0.04118852 0.01204465 0.01372371 0.01057228 0.00795657 
107.00000000 0.54686774 0.36672487 0.04167468 0.01220001 0.01377836 0.01065754 0.00809680 
108.00000000 0.54879264 0.36388235 0.04215493 0.01235679 0.01383499 0.01073995 0.00823834 
109.00000000 0.55065561 0.36110606 0.04262902 0.01251488 0.01389396 0.01081929 0.00838117 
110.00000000 0.55245357 0.35839931 0.04309674 0.01267417 0.01395561 0.01089536 0.00852525 
111.00000000 0.55418382 0.35576501 0.04355786 0.01283452 0.01402028 0.01096797 0.00867054 
112.00000000 0.55584408 0.35320566 0.04401218 0.01299581 0.01408827 0.01103697 0.00881703 
113.00000000 0.55743249 0.35072331 0.04445952 0.01315792 0.01415984 0.01110224 0.00896468 
114.00000000 0.55894757 0.34831960 0.04489971 0.01332072 0.01423524 0.01116367 0.00911349 
115.00000000 0.56038823 0.34599577 0.04533257 0.01348409 0.01431469 0.01122121 0.00926343 
116.00000000 0.56175376 0.34375266 0.04575799 0.01364793 0.01439838 0.01127480 0.00941449 
117.00000000 0.56304381 0.34159070 0.04617585 0.01381211 0.01448644 0.01132443 0.00956665 
118.00000000 0.56425838 0.33951000 0.04658604 0.01397655 0.01457901 0.01137011 0.00971991 
119.00000000 0.56539778 0.33751027 0.04698850 0.01414116 0.01467616 0.01141189 0.00987424 
120.00000000 0.56646261 0.33559093 0.04738318 0.01430587 0.01477793 0.01144984 0.01002963 
121.00000000 0.56745379 0.33375107 0.04777005 0.01447062 0.01488435 0.01148405 0.01018607 
122.00000000 0.56837246 0.33198949 0.04814911 0.01463537 0.01499539 0.01151464 0.01034353 
123.00000000 0.56922004 0.33030473 0.04852038 0.01480008 0.01511099 0.01154176 0.01050201 
124.00000000 0.56999815 0.32869506 0.04888391 0.01496476 0.01523105 0.01156558 0.01066148 
125.00000000 0.57070865 0.32715851 0.04923977 0.01512941 0.01535546 0.01158629 0.01082192 
126.00000000 0.57135355 0.32569289 0.04958805 0.01529406 0.01548404 0.01160412 0.01098329 
127.00000000 0.57193510 0.32429582 0.04992887 0.01545874 0.01561661 0.01161928 0.01114558 
128.00000000 0.57245568 0.32296469 0.05026238 0.01562353 0.01575294 0.01163205 0.01130874 
129.00000000 0.57291781 0.32169676 0.05058875 0.01578850 0.01589277 0.01164268 0.01147273 
130.00000000 0.57332418 0.32048911 0.05090816 0.01595374 0.01603584 0.01165145 0.01163751 
131.00000000 0.57367755 0.31933870 0.05122083 0.01611938 0.01618184 0.01165867 0.01180304 
132.00000000 0.57398083 0.31824235 0.05152698 0.01628553 0.01633043 0.01166462 0.01196926 
133.00000000 0.57423694 0.31719683 0.05182686 0.01645235 0.01648127 0.01166963 0.01213611 
134.00000000 0.57444892 0.31619882 0.05212075 0.01661998 0.01663400 0.01167401 0.01230354 
135.00000000 0.57461980 0.31524494 0.05240891 0.01678859 0.01678822 0.01167807 0.01247147 
136.00000000 0.57475265 0.31433179 0.05269166 0.01695835 0.01694356 0.01168215 0.01263984 
137.00000000 0.57485053 0.31345599 0.05296929 0.01712946 0.01709961 0.01168656 0.01280857 
138.00000000 0.57491649 0.31261413 0.05324213 0.01730209 0.01725595 0.01169162 0.01297759 
139.00000000 0.57495355 0.31180285 0.05351050 0.01747643 0.01741219 0.01169765 0.01314682 
140.00000000 0.57496468 0.31101884 0.05377475 0.01765269 0.01756791 0.01170496 0.01331618 
141.00000000 0.57495278 0.31025883 0.05403520 0.01783104 0.01772270 0.01171387 0.01348557 
142.00000000 0.57492069 0.30951966 0.05429221 0.01801168 0.01787617 0.01172466 0.01365492 
143.00000000 0.57487118 0.30879822 0.05454612 0.01819479 0.01802792 0.01173763 0.01382415 
144.00000000 0.57480689 0.30809152 0.05479727 0.01838055 0.01817758 0.01175304 0.01399315 
145.00000000 0.57473040 0.30739670 0.05504602 0.01856911 0.01832477 0.01177117 0.01416184 
146.00000000 0.57464414 0.30671099 0.05529271 0.01876063 0.01846915 0.01179224 0.01433014 
147.00000000 0.57455044 0.30603180 0.05553767 0.01895526 0.01861038 0.01181650 0.01449795 
148.00000000 0.57445149 0.30535664 0.05578124 0.01915311 0.01874817 0.01184415 0.01466520 
149.00000000 0.57434933 0.30468323 0.05602375 0.01935430 0.01888221 0.01187538 0.01483180 
150.00000000 0.57424586 0.30400942 0.05626550 0.01955891 0.01901227 0.01191037 0.01499766 
151.00000000 0.57414284 0.30333326 0.05650683 0.01976702 0.01913809 0.01194926 0.01516271 
152.00000000 0.57404182 0.30265295 0.05674800 0.01997868 0.01925949 0.01199218 0.01532688 
153.00000000 0.57394420 0.30196692 0.05698933 0.02019391 0.01937628 0.01203927 0.01549010 
154.00000000 0.57385118 0.30127381 0.05723106 0.02041271 0.01948832 0.01209062 0.01565230 
155.00000000 0.57376376 0.30057246 0.05747347 0.02063506 0.01959551 0.01214632 0.01581342 
156.00000000 0.57368276 0.29986194 0.05771680 0.02086091 0.01969777 0.01220641 0.01597341 
157.00000000 0.57360879 0.29914151 0.05796129 0.02109019 0.01979505 0.01227094 0.01613222 
158.00000000 0.57354229 0.29841068 0.05820716 0.02132281 0.01988734 0.01233991 0.01628981 
159.00000000 0.57348349 0.29766914 0.05845460 0.02155866 0.01997465 0.01241332 0.01644614 
160.00000000 0.57343244 0.29691680 0.05870382 0.02179759 0.02005703 0.01249113 0.01660118 
161.00000000 0.57338901 0.29615377 0.05895499 0.02203945 0.02013456 0.01257330 0.01675491 
162.00000000 0.57335288 0.29538038 0.05920828 0.02228405 0.02020735 0.01265976 0.01690731 
163.00000000 0.57332356 0.29459711 0.05946384 0.02253119 0.02027553 0.01275040 0.01705837 
164.00000000 0.57330040 0.29380467 0.05972180 0.02278065 0.02033926 0.01284513 0.01720809 
165.00000000 0.57328257 0.29300392 0.05998229 0.02303220 0.02039874 0.01294382 0.01735647 
166.00000000 0.57326910 0.29219588 0.06024543 0.02328560 0.02045416 0.01304631 0.01750351 
167.00000000 0.57325888 0.29138176 0.06051131 0.02354057 0.02050577 0.01315246 0.01764925 
168.00000000 0.57325065 0.29056289 0.06078004 0.02379685 0.02055381 0.01326209 0.01779369 
169.00000000 0.57324303 0.28974074 0.06105167 0.02405415 0.02059854 0.01337501 0.01793686 
170.00000000 0.57323451 0.28891692 0.06132630 0.02431220 0.02064025 0.01349102 0.01807881 
171.00000000 0.57322349 0.28809313 0.06160398 0.02457070 0.02067923 0.01360991 0.01821957 
172.00000000 0.57320827 0.28727119 0.06188476 0.02482935 0.02071578 0.01373146 0.01835918 
173.00000000 0.57318705 0.28645301 0.06216869 0.02508787 0.02075021 0.01385545 0.01849770 
174.00000000 0.57315799 0.28564055 0.06245582 0.02534597 0.02078285 0.01398165 0.01863518 
175.00000000 0.57311914 0.28483585 0.06274617 0.02560337 0.02081399 0.01410980 0.01877167 
176.00000000 0.57306853 0.28404101 0.06303978 0.02585978 0.02084398 0.01423968 0.01890724 
177.00000000 0.57300415 0.28325813 0.06333668 0.02611495 0.02087312 0.01437102 0.01904196 
178.00000000 0.57292396 0.28248937 0.06363688 0.02636860 0.02090172 0.01450360 0.01917588 
179.00000000 0.57282591 0.28173688 0.06394040 0.02662051 0.02093009 0.01463715 0.01930907 
180.00000000 0.57270792 0.28100280 0.06424727 0.02687043 0.02095853 0.01477143 0.01944162 
181.00000000 0.57256796 0.28028927 0.06455749 0.02711817 0.02098733 0.01490620 0.01957359 
182.00000000 0.57240399 0.27959839 0.06487107 0.02736351 0.02101676 0.01504123 0.01970505 
183.00000000 0.57221402 0.27893222 0.06518804 0.02760629 0.02104710 0.01517626 0.01983607 
184.00000000 0.57199609 0.27829277 0.06550840 0.02784634 0.02107858 0.01531107 0.01996673 
185.00000000 0.57174830 0.27768200 0.06583216 0.02808354 0.02111145 0.01544545 0.02009710 
186.00000000 0.57146882 0.27710176 0.06615933 0.02831775 0.02114592 0.01557917 0.02022725 
187.00000000 0.57115588 0.27655385 0.06648992 0.02854889 0.02118219 0.01571201 0.02035725 
188.00000000 0.57080781 0.27603995 0.06682393 0.02877689 0.02122044 0.01584380 0.02048717 
189.00000000 0.57042302 0.27556167 0.06716138 0.02900169 0.02126083 0.01597432 0.02061708 
190.00000000 0.57000004 0.27512046 0.06750227 0.02922327 0.02130351 0.01610341 0.02074703 
191.00000000 0.56953748 0.27471771 0.06784661 0.02944161 0.02134861 0.01623090 0.02087709 
192.00000000 0.56903411 0.27435463 0.06819440 0.02965673 0.02139621 0.01635661 0.02100731 
193.00000000 0.56848878 0.27403233 0.06854564 0.02986866 0.02144642 0.01648042 0.02113775 
194.00000000 0.56790051 0.27375176 0.06890033 0.03007746 0.02149930 0.01660217 0.02126847 
195.00000000 0.56726843 0.27351377 0.06925848 0.03028319 0.02155489 0.01672174 0.02139950 
196.00000000 0.56659183 0.27331900 0.06962007 0.03048595 0.02161323 0.01683902 0.02153089 
197.00000000 0.56587014 0.27316800 0.06998510 0.03068584 0.02167434 0.01695391 0.02166268 
198.00000000 0.56510293 0.27306113 0.07035355 0.03088297 0.02173819 0.01706631 0.02179491 
199.00000000 0.56428993 0.27299861 0.07072542 0.03107749 0.02180479 0.01717615 0.02192761 
200.00000000 0.56343105 0.27298050 0.07110067 0.03126954 0.02187410 0.01728334 0.02206080 
201.00000000 0.56252631 0.27300672 0.07147928 0.03145928 0.02194607 0.01738784 0.02219451 
202.00000000 0.56157592 0.27307701 0.07186123 0.03164686 0.02202064 0.01748959 0.02232876 
203.00000000 0.56058024 0.27319098 0.07224646 0.03183247 0.02209774 0.01758855 0.02246356 
204.00000000 0.55953978 0.27334808 0.07263493 0.03201629 0.02217731 0.01768469 0.02259892 
205.00000000 0.55845523 0.27354760 0.07302660 0.03219849 0.02225924 0.01777798 0.02273486 
206.00000000 0.55732740 0.27378869 0.07342139 0.03237928 0.02234346 0.01786842 0.02287136 
207.00000000 0.55615728 0.27407038 0.07381925 0.03255882 0.02242985 0.01795598 0.02300844 
208.00000000 0.55494599 0.27439152 0.07422010 0.03273732 0.02251831 0.01804068 0.02314609 
209.00000000 0.55369479 0.27475085 0.07462385 0.03291496 0.02260873 0.01812251 0.02328430 
210.00000000 0.55240511 0.27514699 0.07503041 0.03309193 0.02270102 0.01820149 0.02342305 
211.00000000 0.55107848 0.27557842 0.07543968 0.03326840 0.02279504 0.01827764 0.02356234 
212.00000000 0.54971659 0.27604351 0.07585155 0.03344455 0.02289069 0.01835096 0.02370214 
213.00000000 0.54832121 0.27654052 0.07626591 0.03362056 0.02298787 0.01842149 0.02384244 
214.00000000 0.54689428 0.27706761 0.07668262 0.03379658 0.02308645 0.01848925 0.02398320 
215.00000000 0.54543780 0.27762284 0.07710156 0.03397277 0.02318634 0.01855428 0.02412441 
216.00000000 0.54395390 0.27820419 0.07752259 0.03414927 0.02328742 0.01861659 0.02426603 
217.00000000 0.54244480 0.27880954 0.07794555 0.03432623 0.02338961 0.01867623 0.02440803 
218.00000000 0.54091280 0.27943672 0.07837030 0.03450378 0.02349279 0.01873323 0.02455038 
219.00000000 0.53936028 0.28008349 0.07879667 0.03468202 0.02359689 0.01878762 0.02469304 
220.00000000 0.53778968 0.28074755 0.07922449 0.03486106 0.02370181 0.01883944 0.02483597 
221.00000000 0.53620351 0.28142655 0.07965360 0.03504101 0.02380748 0.01888872 0.02497913 
222.00000000 0.53460432 0.28211812 0.08008381 0.03522195 0.02391382 0.01893549 0.02512249 
223.00000000 0.53299471 0.28281983 0.08051496 0.03540394 0.02402075 0.01897980 0.02526600 
224.00000000 0.53137730 0.28352925 0.08094685 0.03558707 0.02412823 0.01902167 0.02540962 
225.00000000 0.52975475 0.28424395 0.08137930 0.03577138 0.02423619 0.01906114 0.02555330 
226.00000000 0.52812970 0.28496145 0.08181213 0.03595691 0.02434457 0.01909823 0.02569700 
227.00000000 0.52650481 0.28567933 0.08224515 0.03614370 0.02445334 0.01913298 0.02584068 
228.00000000 0.52488275 0.28639514 0.08267818 0.03633178 0.02456245 0.01916542 0.02598428 
229.00000000 0.52326613 0.28710647 0.08311103 0.03652116 0.02467187 0.01919557 0.02612776 
230.00000000 0.52165758 0.28781094 0.08354352 0.03671185 0.02478156 0.01922346 0.02627108 
231.00000000 0.52005967 0.28850620 0.08397546 0.03690385 0.02489150 0.01924913 0.02641419 
232.00000000 0.51847492 0.28918994 0.08440670 0.03709715 0.02500166 0.01927259 0.02655705 
233.00000000 0.51690580 0.28985992 0.08483704 0.03729174 0.02511203 0.01929387 0.02669960 
234.00000000 0.51535474 0.29051393 0.08526634 0.03748759 0.02522258 0.01931300 0.02684181 
235.00000000 0.51382408 0.29114985 0.08569442 0.03768469 0.02533331 0.01933002 0.02698363 
236.00000000 0.51231608 0.29176563 0.08612114 0.03788300 0.02544419 0.01934493 0.02712502 
237.00000000 0.51083293 0.29235928 0.08654635 0.03808249 0.02555522 0.01935778 0.02726594 
238.00000000 0.50937672 0.29292890 0.08696992 0.03828312 0.02566639 0.01936860 0.02740634 
239.00000000 0.50794944 0.29347270 0.08739172 0.03848486 0.02577769 0.01937741 0.02754619 
240.00000000 0.50655298 0.29398895 0.08781163 0.03868764 0.02588910 0.01938426 0.02768545 
241.00000000 0.50518912 0.29447604 0.08822954 0.03889144 0.02600061 0.01938917 0.02782408 
242.00000000 0.50385952 0.29493246 0.08864534 0.03909621 0.02611222 0.01939220 0.02796205 
243.00000000 0.50256573 0.29535681 0.08905896 0.03930189 0.02622390 0.01939338 0.02809933 
244.00000000 0.50130917 0.29574779 0.08947031 0.03950845 0.02633565 0.01939275 0.02823588 
245.00000000 0.50009112 0.29610421 0.08987932 0.03971583 0.02644744 0.01939038 0.02837169 
246.00000000 0.49891277 0.29642502 0.09028593 0.03992399 0.02655927 0.01938632 0.02850671 
247.00000000 0.49777513 0.29670926 0.09069010 0.04013287 0.02667109 0.01938062 0.02864094 
248.00000000 0.49667910 0.29695609 0.09109178 0.04034244 0.02678290 0.01937334 0.02877434 
249.00000000 0.49562543 0.29716483 0.09149096 0.04055265 0.02689466 0.01936457 0.02890689 
250.00000000 0.49461476 0.29733486 0.09188760 0.04076346 0.02700635 0.01935437 0.02903859 
251.00000000 0.49364756 0.29746575 0.09228170 0.04097482 0.02711793 0.01934282 0.02916942 
252.00000000 0.49272419 0.29755713 0.09267327 0.04118670 0.02722936 0.01933000 0.02929936 
253.00000000 0.49184484 0.29760879 0.09306231 0.04139905 0.02734060 0.01931601 0.02942840 
254.00000000 0.49100960 0.29762062 0.09344883 0.04161185 0.02745162 0.01930093 0.02955655 
255.00000000 0.49021840 0.29759266 0.09383287 0.04182505 0.02756237 0.01928486 0.02968379 
256.00000000 0.48947106 0.29752503 0.09421445 0.04203862 0.02767280 0.01926792 0.02981012 
257.00000000 0.48876725 0.29741800 0.09459361 0.04225254 0.02778285 0.01925020 0.02993555 
258.00000000 0.48810653 0.29727192 0.09497041 0.04246676 0.02789249 0.01923182 0.03006007 
259.00000000 0.48748834 0.29708727 0.09534488 0.04268127 0.02800165 0.01921289 0.03018370 
260.00000000 0.48691198 0.29686465 0.09571708 0.04289604 0.02811028 0.01919354 0.03030644 
261.00000000 0.48637665 0.29660473 0.09608706 0.04311104 0.02821833 0.01917388 0.03042830 
262.00000000 0.48588146 0.29630832 0.09645490 0.04332625 0.02832573 0.01915404 0.03054930 
263.00000000 0.48542538 0.29597629 0.09682065 0.04354165 0.02843243 0.01913414 0.03066945 
264.00000000 0.48500732 0.29560963 0.09718438 0.04375721 0.02853837 0.01911433 0.03078877 
265.00000000 0.48462605 0.29520940 0.09754616 0.04397292 0.02864348 0.01909471 0.03090727 
266.00000000 0.48428031 0.29477674 0.09790605 0.04418875 0.02874773 0.01907544 0.03102499 
267.00000000 0.48396872 0.29431288 0.09826411 0.04440469 0.02885103 0.01905663 0.03114193 
268.00000000 0.48368983 0.29381912 0.09862043 0.04462072 0.02895335 0.01903843 0.03125813 
269.00000000 0.48344214 0.29329682 0.09897505 0.04483682 0.02905463 0.01902094 0.03137360 
270.00000000 0.48322408 0.29274740 0.09932805 0.04505296 0.02915481 0.01900431 0.03148839 
271.00000000 0.48303403 0.29217233 0.09967948 0.04526915 0.02925385 0.01898866 0.03160250 
272.00000000 0.48287032 0.29157313 0.10002941 0.04548535 0.02935170 0.01897411 0.03171598 
273.00000000 0.48273123 0.29095138 0.10037789 0.04570155 0.02944831 0.01896077 0.03182886 
274.00000000 0.48261504 0.29030867 0.10072498 0.04591773 0.02954366 0.01894876 0.03194116 
275.00000000 0.48251997 0.28964664 0.10107071 0.04613388 0.02963770 0.01893819 0.03205291 
276.00000000 0.48244424 0.28896693 0.10141515 0.04634998 0.02973040 0.01892915 0.03216415 
277.00000000 0.48238607 0.28827122 0.10175833 0.04656600 0.02982173 0.01892176 0.03227491 
278.00000000 0.48234364 0.28756118 0.10210028 0.04678193 0.02991167 0.01891609 0.03238521 
279.00000000 0.48231516 0.28683850 0.10244104 0.04699776 0.03000021 0.01891223 0.03249510 
280.00000000 0.48229885 0.28610485 0.10278065 0.04721345 0.03008734 0.01891026 0.03260459 
281.00000000 0.48229294 0.28536192 0.10311913 0.04742900 0.03017303 0.01891024 0.03271373 
282.00000000 0.48229568 0.28461136 0.10345649 0.04764438 0.03025730 0.01891224 0.03282255 
283.00000000 0.48230534 0.28385481 0.10379277 0.04785957 0.03034015 0.01891630 0.03293106 
284.00000000 0.48232024 0.28309388 0.10412796 0.04807455 0.03042158 0.01892247 0.03303931 
285.00000000 0.48233873 0.28233016 0.10446210 0.04828929 0.03050162 0.01893078 0.03314732 
286.00000000 0.48235921 0.28156517 0.10479518 0.04850379 0.03058027 0.01894127 0.03325511 
287.00000000 0.48238012 0.28080044 0.10512721 0.04871801 0.03065757 0.01895393 0.03336272 
288.00000000 0.48239996 0.28003741 0.10545820 0.04893193 0.03073355 0.01896879 0.03347016 
289.00000000 0.48241729 0.27927749 0.10578815 0.04914552 0.03080824 0.01898584 0.03357747 
290.00000000 0.48243072 0.27852203 0.10611706 0.04935878 0.03088169 0.01900508 0.03368465 
291.00000000 0.48243896 0.27777232 0.10644492 0.04957166 0.03095393 0.01902647 0.03379175 
292.00000000 0.48244073 0.27702958 0.10677174 0.04978415 0.03102503 0.01905000 0.03389876 
293.00000000 0.48243489 0.27629498 0.10709752 0.04999623 0.03109503 0.01907562 0.03400572 
294.00000000 0.48242032 0.27556961 0.10742226 0.05020787 0.03116400 0.01910330 0.03411264 
295.00000000 0.48239600 0.27485449 0.10774594 0.05041904 0.03123200 0.01913299 0.03421954 
296.00000000 0.48236100 0.27415057 0.10806858 0.05062972 0.03129909 0.01916462 0.03432642 
297.00000000 0.48231443 0.27345872 0.10839017 0.05083990 0.03136535 0.01919814 0.03443330 
298.00000000 0.48225553 0.27277972 0.10871071 0.05104953 0.03143085 0.01923346 0.03454019 
299.00000000 0.48218359 0.27211431 0.10903021 0.05125861 0.03149567 0.01927051 0.03464709 
300.00000000 0.48209798 0.27146310 0.10934868 0.05146711 0.03155988 0.01930922 0.03475403 
301.00000000 0.48199818 0.27082666 0.10966611 0.05167501 0.03162356 0.01934949 0.03486100 
302.00000000 0.48188371 0.27020547 0.10998252 0.05188228 0.03168679 0.01939123 0.03496800 
303.00000000 0.48175421 0.26959991 0.11029792 0.05208890 0.03174966 0.01943435 0.03507505 
304.00000000 0.48160937 0.26901031 0.11061233 0.05229486 0.03181224 0.01947876 0.03518213 
305.00000000 0.48144898 0.26843691 0.11092577 0.05250013 0.03187462 0.01952434 0.03528926 
306.00000000 0.48127289 0.26787987 0.11123825 0.05270469 0.03193687 0.01957100 0.03539643 
307.00000000 0.48108103 0.26733928 0.11154980 0.05290853 0.03199909 0.01961864 0.03550364 
308.00000000 0.48087340 0.26681515 0.11186044 0.05311164 0.03206134 0.01966716 0.03561088 
309.00000000 0.48065007 0.26630743 0.11217021 0.05331399 0.03212370 0.01971645 0.03571815 
310.00000000 0.48041118 0.26581601 0.11247914 0.05351557 0.03218625 0.01976640 0.03582545 
311.00000000 0.48015694 0.26534068 0.11278726 0.05371637 0.03224906 0.01981693 0.03593276 
312.00000000 0.47988761 0.26488120 0.11309460 0.05391639 0.03231220 0.01986792 0.03604008 
313.00000000 0.47960350 0.26443726 0.11340122 0.05411560 0.03237573 0.01991928 0.03614741 
314.00000000 0.47930499 0.26400850 0.11370715 0.05431401 0.03243971 0.01997093 0.03625473 
315.00000000 0.47899249 0.26359449 0.11401243 0.05451161 0.03250420 0.02002276 0.03636202 
316.00000000 0.47866649 0.26319478 0.11431711 0.05470839 0.03256925 0.02007469 0.03646929 
317.00000000 0.47832750 0.26280884 0.11462124 0.05490436 0.03263491 0.02012663 0.03657652 
318.00000000 0.47797605 0.26243615 0.11492486 0.05509951 0.03270122 0.02017852 0.03668369 
319.00000000 0.47761274 0.26207610 0.11522802 0.05529386 0.03276822 0.02023027 0.03679080 
320.00000000 0.47723818 0.26172808 0.11553077 0.05548740 0.03283594 0.02028181 0.03689783 
321.00000000 0.47685301 0.26139144 0.11583315 0.05568014 0.03290441 0.02033308 0.03700477 
322.00000000 0.47645790 0.26106553 0.11613522 0.05587209 0.03297364 0.02038403 0.03711160 
323.00000000 0.47605353 0.26074964 0.11643702 0.05606327 0.03304365 0.02043459 0.03721831 
324.00000000 0.47564058 0.26044307 0.11673859 0.05625369 0.03311445 0.02048473 0.03732488 
325.00000000 0.47521978 0.26014512 0.11703999 0.05644337 0.03318604 0.02053440 0.03743130 
326.00000000 0.47479183 0.25985506 0.11734124 0.05663233 0.03325842 0.02058356 0.03753756 
327.00000000 0.47435744 0.25957216 0.11764240 0.05682059 0.03333157 0.02063219 0.03764365 
328.00000000 0.47391733 0.25929571 0.11794350 0.05700816 0.03340550 0.02068026 0.03774954 
329.00000000 0.47347221 0.25902499 0.11824457 0.05719509 0.03348016 0.02072776 0.03785522 
330.00000000 0.47302278 0.25875929 0.11854565 0.05738140 0.03355555 0.02077466 0.03796068 
331.00000000 0.47256973 0.25849791 0.11884676 0.05756711 0.03363162 0.02082097 0.03806590 
332.00000000 0.47211374 0.25824017 0.11914793 0.05775226 0.03370835 0.02086667 0.03817088 
333.00000000 0.47165546 0.25798541 0.11944918 0.05793688 0.03378570 0.02091178 0.03827559 
334.00000000 0.47119552 0.25773299 0.11975054 0.05812101 0.03386361 0.02095630 0.03838003 
335.00000000 0.47073456 0.25748228 0.12005200 0.05830468 0.03394205 0.02100025 0.03848418 
336.00000000 0.47027315 0.25723270 0.12035359 0.05848794 0.03402096 0.02104363 0.03858802 
337.00000000 0.46981187 0.25698369 0.12065531 0.05867081 0.03410029 0.02108646 0.03869156 
338.00000000 0.46935123 0.25673472 0.12095716 0.05885334 0.03417999 0.02112878 0.03879478 
339.00000000 0.46889175 0.25648529 0.12125915 0.05903556 0.03425998 0.02117061 0.03889765 
340.00000000 0.46843390 0.25623493 0.12156126 0.05921753 0.03434022 0.02121197 0.03900019 
341.00000000 0.46797811 0.25598321 0.12186348 0.05939927 0.03442065 0.02125290 0.03910237 
342.00000000 0.46752478 0.25572976 0.12216582 0.05958082 0.03450119 0.02129344 0.03920420 
343.00000000 0.46707428 0.25547420 0.12246824 0.05976223 0.03458178 0.02133361 0.03930565 
344.00000000 0.46662694 0.25521624 0.12277073 0.05994354 0.03466237 0.02137345 0.03940673 
345.00000000 0.46618304 0.25495559 0.12307327 0.06012478 0.03474289 0.02141301 0.03950742 
346.00000000 0.46574283 0.25469202 0.12337583 0.06030599 0.03482328 0.02145232 0.03960773 
347.00000000 0.46530654 0.25442533 0.12367839 0.06048721 0.03490348 0.02149141 0.03970764 
348.00000000 0.46487434 0.25415535 0.12398092 0.06066846 0.03498343 0.02153033 0.03980716 
349.00000000 0.46444637 0.25388198 0.12428338 0.06084979 0.03506308 0.02156912 0.03990627 
350.00000000 0.46402274 0.25360513 0.12458574 0.06103123 0.03514237 0.02160780 0.04000499 
351.00000000 0.46360350 0.25332476 0.12488797 0.06121280 0.03522125 0.02164642 0.04010330 
352.00000000 0.46318869 0.25304085 0.12519004 0.06139453 0.03529968 0.02168501 0.04020120 
353.00000000 0.46277830 0.25275343 0.12549190 0.06157645 0.03537761 0.02172361 0.04029870 
354.00000000 0.46237230 0.25246256 0.12579353 0.06175857 0.03545501 0.02176223 0.04039580 
355.00000000 0.46197061 0.25216834 0.12609489 0.06194093 0.03553183 0.02180091 0.04049249 
356.00000000 0.46157313 0.25187089 0.12639593 0.06212354 0.03560805 0.02183968 0.04058879 
357.00000000 0.46117973 0.25157035 0.12669663 0.06230641 0.03568364 0.02187855 0.04068469 
358.00000000 0.46079025 0.25126692 0.12699695 0.06248956 0.03575858 0.02191754 0.04078019 
359.00000000 0.46040450 0.25096079 0.12729687 0.06267299 0.03583285 0.02195668 0.04087531 
360.00000000 0.46002227 0.25065220 0.12759634 0.06285672 0.03590645 0.02199597 0.04097005 
361.00000000 0.45964332 0.25034139 0.12789534 0.06304076 0.03597936 0.02203543 0.04106441 
362.00000000 0.45926739 0.25002864 0.12819384 0.06322510 0.03605158 0.02207505 0.04115839 
363.00000000 0.45889422 0.24971424 0.12849182 0.06340974 0.03612312 0.02211485 0.04125202 
364.00000000 0.45852349 0.24939848 0.12878926 0.06359469 0.03619398 0.02215481 0.04134529 
365.00000000 0.45815491 0.24908170 0.12908613 0.06377994 0.03626418 0.02219494 0.04143821 
366.00000000 0.45778815 0.24876421 0.12938241 0.06396548 0.03633373 0.02223523 0.04153078 
367.00000000 0.45742288 0.24844636 0.12967810 0.06415131 0.03640266 0.02227566 0.04162303 
368.00000000 0.45705875 0.24812849 0.12997318 0.06433742 0.03647099 0.02231622 0.04171496 
369.00000000 0.45669541 0.24781096 0.13026763 0.06452380 0.03653874 0.02235689 0.04180657 
370.00000000 0.45633250 0.24749412 0.13056146 0.06471043 0.03660596 0.02239766 0.04189787 
371.00000000 0.45596966 0.24717832 0.13085467 0.06489731 0.03667268 0.02243848 0.04198889 
372.00000000 0.45560653 0.24686393 0.13114724 0.06508440 0.03673894 0.02247935 0.04207961 
373.00000000 0.45524274 0.24655130 0.13143918 0.06527171 0.03680478 0.02252022 0.04217006 
374.00000000 0.45487794 0.24624078 0.13173049 0.06545921 0.03687025 0.02256107 0.04226025 
375.00000000 0.45451177 0.24593272 0.13202119 0.06564689 0.03693540 0.02260185 0.04235018 
376.00000000 0.45414388 0.24562744 0.13231129 0.06583473 0.03700027 0.02264254 0.04243986 
377.00000000 0.45377392 0.24532529 0.13260078 0.06602270 0.03706492 0.02268309 0.04252930 
378.00000000 0.45340157 0.24502658 0.13288969 0.06621079 0.03712939 0.02272346 0.04261852 
379.00000000 0.45302649 0.24473161 0.13317803 0.06639899 0.03719375 0.02276361 0.04270752 
380.00000000 0.45264838 0.24444068 0.13346582 0.06658727 0.03725805 0.02280350 0.04279631 
381.00000000 0.45226693 0.24415407 0.13375307 0.06677562 0.03732233 0.02284308 0.04288489 
382.00000000 0.45188186 0.24387205 0.13403981 0.06696402 0.03738666 0.02288231 0.04297329 
383.00000000 0.45149291 0.24359486 0.13432605 0.06715245 0.03745108 0.02292114 0.04306150 
384.00000000 0.45109983 0.24332274 0.13461182 0.06734089 0.03751566 0.02295953 0.04314953 
385.00000000 0.45070237 0.24305590 0.13489713 0.06752933 0.03758043 0.02299744 0.04323740 
386.00000000 0.45030032 0.24279453 0.13518201 0.06771776 0.03764545 0.02303482 0.04332510 
387.00000000 0.44989350 0.24253881 0.13546648 0.06790616 0.03771077 0.02307164 0.04341265 
388.00000000 0.44948172 0.24228890 0.13575055 0.06809451 0.03777643 0.02310783 0.04350005 
389.00000000 0.44906483 0.24204494 0.13603426 0.06828281 0.03784248 0.02314338 0.04358731 
390.00000000 0.44864270 0.24180703 0.13631761 0.06847104 0.03790895 0.02317824 0.04367444 
391.00000000 0.44821521 0.24157527 0.13660062 0.06865919 0.03797590 0.02321238 0.04376143 
392.00000000 0.44778229 0.24134974 0.13688332 0.06884726 0.03804334 0.02324575 0.04384830 
393.00000000 0.44734385 0.24113049 0.13716572 0.06903522 0.03811133 0.02327833 0.04393506 
394.00000000 0.44689987 0.24091755 0.13744783 0.06922309 0.03817988 0.02331010 0.04402169 
395.00000000 0.44645031 0.24071093 0.13772966 0.06941084 0.03824902 0.02334101 0.04410822 
396.00000000 0.44599519 0.24051062 0.13801123 0.06959847 0.03831878 0.02337106 0.04419464 
397.00000000 0.44553452 0.24031659 0.13829255 0.06978598 0.03838918 0.02340022 0.04428096 
398.00000000 0.44506835 0.24012879 0.13857362 0.06997336 0.03846023 0.02342848 0.04436719 
399.00000000 0.44459674 0.23994713 0.13885445 0.07016060 0.03853195 0.02345581 0.04445331 
400.00000000 0.44411980 0.23977154 0.13913504 0.07034771 0.03860435 0.02348221 0.04453935 
401.00000000 0.44363762 0.23960190 0.13941539 0.07053468 0.03867743 0.02350768 0.04462530 
402.00000000 0.44315035 0.23943808 0.13969550 0.07072150 0.03875119 0.02353221 0.04471116 
403.00000000 0.44265812 0.23927992 0.13997538 0.07090818 0.03882565 0.02355580 0.04479695 
404.00000000 0.44216112 0.23912727 0.14025501 0.07109471 0.03890079 0.02357845 0.04488265 
405.00000000 0.44165952 0.23897994 0.14053439 0.07128109 0.03897661 0.02360018 0.04496827 
406.00000000 0.44115354 0.23883773 0.14081350 0.07146732 0.03905310 0.02362098 0.04505382 
407.00000000 0.44064341 0.23870042 0.14109235 0.07165339 0.03913024 0.02364089 0.04513930 
408.00000000 0.44012935 0.23856778 0.14137092 0.07183931 0.03920802 0.02365991 0.04522470 
409.00000000 0.43961162 0.23843958 0.14164920 0.07202508 0.03928643 0.02367807 0.04531004 
410.00000000 0.43909049 0.23831554 0.14192717 0.07221068 0.03936544 0.02369538 0.04539530 
411.00000000 0.43856624 0.23819540 0.14220481 0.07239613 0.03944503 0.02371188 0.04548050 
412.00000000 0.43803917 0.23807888 0.14248212 0.07258141 0.03952517 0.02372760 0.04556564 
413.00000000 0.43750958 0.23796569 0.14275907 0.07276653 0.03960584 0.02374257 0.04565071 
414.00000000 0.43697778 0.23785553 0.14303565 0.07295149 0.03968701 0.02375682 0.04573572 
415.00000000 0.43644409 0.23774808 0.14331184 0.07313628 0.03976864 0.02377040 0.04582067 
416.00000000 0.43590884 0.23764304 0.14358761 0.07332091 0.03985071 0.02378333 0.04590555 
417.00000000 0.43537237 0.23754007 0.14386296 0.07350537 0.03993318 0.02379567 0.04599038 
418.00000000 0.43483502 0.23743886 0.14413786 0.07368966 0.04001601 0.02380745 0.04607514 
419.00000000 0.43429712 0.23733907 0.14441230 0.07387378 0.04009916 0.02381872 0.04615984 
420.00000000 0.43375904 0.23724036 0.14468626 0.07405773 0.04018261 0.02382952 0.04624448 
421.00000000 0.43322110 0.23714240 0.14495971 0.07424151 0.04026631 0.02383990 0.04632906 
422.00000000 0.43268367 0.23704486 0.14523265 0.07442512 0.04035022 0.02384991 0.04641358 
423.00000000 0.43214709 0.23694738 0.14550506 0.07460855 0.04043430 0.02385959 0.04649804 
424.00000000 0.43161169 0.23684965 0.14577691 0.07479180 0.04051852 0.02386899 0.04658243 
425.00000000 0.43107783 0.23675132 0.14604821 0.07497489 0.04060283 0.02387817 0.04666675 
426.00000000 0.43054584 0.23665207 0.14631894 0.07515779 0.04068719 0.02388716 0.04675101 
427.00000000 0.43001605 0.23655157 0.14658907 0.07534053 0.04077157 0.02389601 0.04683520 
428.00000000 0.42948878 0.23644950 0.14685862 0.07552309 0.04085592 0.02390477 0.04691932 
429.00000000 0.42896435 0.23634556 0.14712755 0.07570548 0.04094021 0.02391349 0.04700336 
430.00000000 0.42844307 0.23623943 0.14739588 0.07588771 0.04102439 0.02392221 0.04708732 
431.00000000 0.42792522 0.23613082 0.14766359 0.07606976 0.04110844 0.02393097 0.04717121 
432.00000000 0.42741111 0.23601944 0.14793067 0.07625165 0.04119231 0.02393981 0.04725501 
433.00000000 0.42690100 0.23590503 0.14819713 0.07643338 0.04127596 0.02394878 0.04733872 
434.00000000 0.42639516 0.23578731 0.14846296 0.07661496 0.04135937 0.02395791 0.04742233 
435.00000000 0.42589383 0.23566604 0.14872816 0.07679637 0.04144250 0.02396723 0.04750586 
436.00000000 0.42539726 0.23554097 0.14899273 0.07697764 0.04152532 0.02397679 0.04758927 
437.00000000 0.42490565 0.23541189 0.14925668 0.07715877 0.04160780 0.02398662 0.04767259 
438.00000000 0.42441923 0.23527858 0.14952001 0.07733975 0.04168990 0.02399674 0.04775579 
439.00000000 0.42393816 0.23514085 0.14978272 0.07752060 0.04177161 0.02400718 0.04783887 
