0.00000000 1.00000000 -0.00000000 -0.00000000 -0.00000000 0.00000000 0.00000000 -0.00000000 
1.00000000 0.99971312 0.00027284 0.00000108 0.00000124 0.00000159 0.00000666 0.00000348 
2.00000000 0.99885314 0.00109070 0.00000434 0.00000495 0.00000638 0.00002661 0.00001389 
3.00000000 0.99742210 0.00245151 0.00000987 0.00001115 0.00001439 0.00005977 0.00003119 
4.00000000 0.99542336 0.00435191 0.00001784 0.00001987 0.00002566 0.00010604 0.00005531 
5.00000000 0.99286160 0.00678715 0.00002847 0.00003114 0.00004026 0.00016523 0.00008614 
6.00000000 0.98974280 0.00975123 0.00004201 0.00004501 0.00005825 0.00023715 0.00012355 
7.00000000 0.98607418 0.01323686 0.00005883 0.00006153 0.00007973 0.00032151 0.00016737 
8.00000000 0.98186420 0.01723552 0.00007929 0.00008077 0.00010479 0.00041802 0.00021740 
9.00000000 0.97712247 0.02173753 0.00010384 0.00010280 0.00013357 0.00052634 0.00027345 
10.00000000 0.97185976 0.02673205 0.00013297 0.00012770 0.00016620 0.00064606 0.00033527 
11.00000000 0.96608788 0.03220719 0.00016721 0.00015556 0.00020282 0.00077675 0.00040259 
12.00000000 0.95981968 0.03815003 0.00020713 0.00018648 0.00024359 0.00091795 0.00047513 
13.00000000 0.95306897 0.04454667 0.00025335 0.00022057 0.00028868 0.00106915 0.00055260 
14.00000000 0.94585052 0.05138230 0.00030649 0.00025794 0.00033827 0.00122981 0.00063467 
15.00000000 0.93817994 0.05864122 0.00036723 0.00029871 0.00039255 0.00139936 0.00072100 
16.00000000 0.93007372 0.06630691 0.00043625 0.00034299 0.00045170 0.00157719 0.00081124 
17.00000000 0.92154914 0.07436206 0.00051424 0.00039092 0.00051594 0.00176267 0.00090503 
18.00000000 0.91262424 0.08278861 0.00060192 0.00044263 0.00058546 0.00195515 0.00100199 
19.00000000 0.90331782 0.09156778 0.00070000 0.00049825 0.00066047 0.00215394 0.00110175 
20.00000000 0.89364935 0.10068015 0.00080918 0.00055791 0.00074118 0.00235834 0.00120390 
21.00000000 0.88363898 0.11010564 0.00093018 0.00062174 0.00082779 0.00256762 0.00130804 
22.00000000 0.87330745 0.11982363 0.00106369 0.00068988 0.00092053 0.00278104 0.00141379 
23.00000000 0.86267606 0.12981297 0.00121038 0.00076246 0.00101958 0.00299783 0.00152073 
24.00000000 0.85176661 0.14005206 0.00137091 0.00083959 0.00112516 0.00321722 0.00162846 
25.00000000 0.84060135 0.15051889 0.00154590 0.00092141 0.00123745 0.00343842 0.00173658 
26.00000000 0.82920287 0.16119116 0.00173595 0.00100802 0.00135666 0.00366065 0.00184469 
27.00000000 0.81759410 0.17204628 0.00194162 0.00109953 0.00148295 0.00388311 0.00195241 
28.00000000 0.80579817 0.18306151 0.00216341 0.00119603 0.00161651 0.00410502 0.00205935 
29.00000000 0.79383841 0.19421397 0.00240180 0.00129761 0.00175751 0.00432557 0.00216515 
30.00000000 0.78173825 0.20548070 0.00265720 0.00140434 0.00190608 0.00454398 0.00226944 
31.00000000 0.76952121 0.21683877 0.00292999 0.00151628 0.00206238 0.00475949 0.00237188 
32.00000000 0.75721080 0.22826525 0.00322047 0.00163347 0.00222654 0.00497133 0.00247215 
33.00000000 0.74483053 0.23973730 0.00352888 0.00175594 0.00239867 0.00517876 0.00256992 
34.00000000 0.73240384 0.25123221 0.00385542 0.00188369 0.00257888 0.00538104 0.00266492 
35.00000000 0.71995408 0.26272741 0.00420022 0.00201672 0.00276725 0.00557747 0.00275685 
36.00000000 0.70750447 0.27420052 0.00456332 0.00215499 0.00296386 0.00576736 0.00284548 
37.00000000 0.69507804 0.28562940 0.00494473 0.00229846 0.00316875 0.00595005 0.00293057 
38.00000000 0.68269763 0.29699217 0.00534437 0.00244704 0.00338198 0.00612490 0.00301191 
39.00000000 0.67038577 0.30826731 0.00576211 0.00260063 0.00360356 0.00629130 0.00308933 
40.00000000 0.65816469 0.31943363 0.00619774 0.00275911 0.00383350 0.00644869 0.00316265 
41.00000000 0.64605624 0.33047040 0.00665098 0.00292232 0.00407178 0.00659652 0.00323176 
42.00000000 0.63408182 0.34135737 0.00712150 0.00309010 0.00431837 0.00673431 0.00329654 
43.00000000 0.62226234 0.35207481 0.00760888 0.00326224 0.00457323 0.00686158 0.00335692 
44.00000000 0.61061818 0.36260359 0.00811267 0.00343851 0.00483627 0.00697794 0.00341284 
45.00000000 0.59916911 0.37292519 0.00863233 0.00361866 0.00510742 0.00708301 0.00346428 
46.00000000 0.58793429 0.38302174 0.00916727 0.00380240 0.00538657 0.00717648 0.00351125 
47.00000000 0.57693224 0.39287606 0.00971685 0.00398943 0.00567359 0.00725807 0.00355377 
48.00000000 0.56618078 0.40247165 0.01028035 0.00417942 0.00596833 0.00732757 0.00359190 
49.00000000 0.55569708 0.41179273 0.01085702 0.00437201 0.00627063 0.00738479 0.00362574 
50.00000000 0.54549758 0.42082422 0.01144606 0.00456682 0.00658031 0.00742964 0.00365538 
51.00000000 0.53559803 0.42955175 0.01204661 0.00476345 0.00689717 0.00746203 0.00368096 
52.00000000 0.52601345 0.43796171 0.01265780 0.00496148 0.00722097 0.00748194 0.00370264 
53.00000000 0.51675813 0.44604120 0.01327870 0.00516046 0.00755148 0.00748942 0.00372061 
54.00000000 0.50784559 0.45377809 0.01390835 0.00535992 0.00788843 0.00748456 0.00373506 
55.00000000 0.49928858 0.46116102 0.01454576 0.00555941 0.00823153 0.00746748 0.00374622 
56.00000000 0.49109901 0.46817942 0.01518993 0.00575843 0.00858050 0.00743838 0.00375433 
57.00000000 0.48328799 0.47482356 0.01583982 0.00595647 0.00893499 0.00739751 0.00375967 
58.00000000 0.47586573 0.48108452 0.01649438 0.00615303 0.00929468 0.00734515 0.00376249 
59.00000000 0.46884158 0.48695428 0.01715257 0.00634760 0.00965920 0.00728166 0.00376311 
60.00000000 0.46222396 0.49242565 0.01781332 0.00653966 0.01002816 0.00720743 0.00376182 
61.00000000 0.45602038 0.49749233 0.01847556 0.00672870 0.01040118 0.00712290 0.00375894 
62.00000000 0.45023747 0.50214892 0.01913822 0.00691420 0.01077783 0.00702856 0.00375481 
63.00000000 0.44488090 0.50639082 0.01980025 0.00709566 0.01115767 0.00692493 0.00374976 
64.00000000 0.43995549 0.51021434 0.02046058 0.00727258 0.01154026 0.00681261 0.00374414 
65.00000000 0.43546517 0.51361656 0.02111819 0.00744448 0.01192512 0.00669219 0.00373828 
66.00000000 0.43141301 0.51659539 0.02177205 0.00761090 0.01231177 0.00656434 0.00373254 
67.00000000 0.42780124 0.51914952 0.02242116 0.00777138 0.01269969 0.00642973 0.00372727 
68.00000000 0.42463129 0.52127839 0.02306456 0.00792551 0.01308837 0.00628908 0.00372281 
69.00000000 0.42190374 0.52298219 0.02370129 0.00807289 0.01347726 0.00614312 0.00371951 
70.00000000 0.41961839 0.52426185 0.02433045 0.00821315 0.01386582 0.00599264 0.00371770 
71.00000000 0.41777424 0.52511906 0.02495115 0.00834595 0.01425347 0.00583842 0.00371771 
72.00000000 0.41636948 0.52555621 0.02556256 0.00847100 0.01463963 0.00568126 0.00371986 
73.00000000 0.41540150 0.52557643 0.02616387 0.00858802 0.01502371 0.00552200 0.00372446 
74.00000000 0.41486691 0.52518358 0.02675432 0.00869681 0.01540510 0.00536147 0.00373181 
75.00000000 0.41476152 0.52438224 0.02733320 0.00879718 0.01578318 0.00520051 0.00374218 
76.00000000 0.41508035 0.52317767 0.02789983 0.00888899 0.01615733 0.00503999 0.00375585 
77.00000000 0.41581770 0.52157584 0.02845358 0.00897217 0.01652691 0.00488074 0.00377306 
78.00000000 0.41696712 0.51958336 0.02899387 0.00904668 0.01689130 0.00472363 0.00379404 
79.00000000 0.41852147 0.51720748 0.02952017 0.00911252 0.01724984 0.00456951 0.00381901 
80.00000000 0.42047295 0.51445604 0.03003200 0.00916977 0.01760189 0.00441920 0.00384815 
81.00000000 0.42281314 0.51133742 0.03052892 0.00921854 0.01794681 0.00427354 0.00388164 
82.00000000 0.42553303 0.50786055 0.03101055 0.00925900 0.01828395 0.00413333 0.00391961 
83.00000000 0.42862305 0.50403481 0.03147654 0.00929138 0.01861266 0.00399936 0.00396220 
84.00000000 0.43207314 0.49987007 0.03192662 0.00931594 0.01893232 0.00387241 0.00400949 
85.00000000 0.43587272 0.49537664 0.03236056 0.00933303 0.01924228 0.00375321 0.00406157 
86.00000000 0.44001073 0.49056522 0.03277815 0.00934301 0.01954193 0.00364247 0.00411849 
87.00000000 0.44447568 0.48544694 0.03317926 0.00934631 0.01983066 0.00354088 0.00418026 
88.00000000 0.44925563 0.48003330 0.03356381 0.00934342 0.02010786 0.00344909 0.00424690 
89.00000000 0.45433823 0.47433616 0.03393172 0.00933486 0.02037296 0.00336769 0.00431837 
90.00000000 0.45971072 0.46836775 0.03428300 0.00932120 0.02062540 0.00329728 0.00439464 
91.00000000 0.46535999 0.46214064 0.03461769 0.00930305 0.02086463 0.00323836 0.00447563 
92.00000000 0.47127254 0.45566770 0.03493586 0.00928107 0.02109015 0.00319143 0.00456125 
93.00000000 0.47743460 0.44896207 0.03523761 0.00925594 0.02130147 0.00315693 0.00465139 
94.00000000 0.48383208 0.44203717 0.03552310 0.00922839 0.02149812 0.00313524 0.00474590 
95.00000000 0.49045068 0.43490661 0.03579251 0.00919917 0.02167969 0.00312671 0.00484463 
96.00000000 0.49727586 0.42758419 0.03604606 0.00916906 0.02184579 0.00313162 0.00494741 
97.00000000 0.50429295 0.42008385 0.03628399 0.00913887 0.02199606 0.00315023 0.00505405 
98.00000000 0.51148713 0.41241966 0.03650659 0.00910941 0.02213019 0.00318271 0.00516432 
99.00000000 0.51884349 0.40460574 0.03671414 0.00908152 0.02224790 0.00322920 0.00527800 
100.00000000 0.52634706 0.39665630 0.03690699 0.00905605 0.02234897 0.00328978 0.00539485 
101.00000000 0.53398282 0.38858556 0.03708547 0.00903383 0.02243321 0.00336448 0.00551462 
102.00000000 0.54173575 0.38040775 0.03724997 0.00901573 0.02250049 0.00345327 0.00563704 
103.00000000 0.54959082 0.37213711 0.03740087 0.00900258 0.02255072 0.00355607 0.00576183 
104.00000000 0.55753302 0.36378784 0.03753857 0.00899523 0.02258387 0.00367276 0.00588871 
105.00000000 0.56554741 0.35537412 0.03766350 0.00899449 0.02259995 0.00380314 0.00601738 
106.00000000 0.57361909 0.34691007 0.03777609 0.00900117 0.02259905 0.00394698 0.00614757 
107.00000000 0.58173324 0.33840972 0.03787677 0.00901606 0.02258127 0.00410399 0.00627895 
108.00000000 0.58987517 0.32988700 0.03796601 0.00903992 0.02254683 0.00427383 0.00641124 
109.00000000 0.59803032 0.32135575 0.03804425 0.00907347 0.02249595 0.00445613 0.00654413 
110.00000000 0.60618430 0.31282961 0.03811197 0.00911740 0.02242894 0.00465046 0.00667733 
111.00000000 0.61432290 0.30432209 0.03816962 0.00917238 0.02234615 0.00485633 0.00681053 
112.00000000 0.62243215 0.29584645 0.03821768 0.00923901 0.02224801 0.00507324 0.00694345 
113.00000000 0.63049833 0.28741577 0.03825663 0.00931786 0.02213498 0.00530063 0.00707581 
114.00000000 0.63850797 0.27904283 0.03828693 0.00940945 0.02200760 0.00553791 0.00720731 
115.00000000 0.64644793 0.27074017 0.03830906 0.00951424 0.02186645 0.00578445 0.00733771 
116.00000000 0.65430536 0.26252003 0.03832348 0.00963265 0.02171217 0.00603958 0.00746673 
117.00000000 0.66206775 0.25439433 0.03833068 0.00976504 0.02154545 0.00630262 0.00759413 
118.00000000 0.66972294 0.24637470 0.03833112 0.00991170 0.02136703 0.00657284 0.00771967 
119.00000000 0.67725911 0.23847241 0.03832525 0.01007288 0.02117771 0.00684950 0.00784313 
120.00000000 0.68466481 0.23069841 0.03831355 0.01024875 0.02097834 0.00713184 0.00796431 
121.00000000 0.69192899 0.22306329 0.03829645 0.01043942 0.02076978 0.00741906 0.00808300 
122.00000000 0.69904096 0.21557727 0.03827441 0.01064496 0.02055298 0.00771037 0.00819904 
123.00000000 0.70599046 0.20825021 0.03824787 0.01086536 0.02032891 0.00800494 0.00831225 
124.00000000 0.71276761 0.20109155 0.03821727 0.01110054 0.02009856 0.00830197 0.00842251 
125.00000000 0.71936298 0.19411037 0.03818303 0.01135037 0.01986298 0.00860060 0.00852967 
126.00000000 0.72576759 0.18731528 0.03814558 0.01161466 0.01962323 0.00890002 0.00863364 
127.00000000 0.73197289 0.18071451 0.03810534 0.01189316 0.01938041 0.00919939 0.00873431 
128.00000000 0.73797080 0.17431582 0.03806271 0.01218555 0.01913564 0.00949786 0.00883162 
129.00000000 0.74375372 0.16812651 0.03801811 0.01249147 0.01889005 0.00979463 0.00892551 
130.00000000 0.74931454 0.16215345 0.03797193 0.01281049 0.01864479 0.01008885 0.00901594 
131.00000000 0.75464662 0.15640302 0.03792457 0.01314215 0.01840101 0.01037974 0.00910289 
132.00000000 0.75974383 0.15088113 0.03787642 0.01348591 0.01815989 0.01066648 0.00918635 
133.00000000 0.76460052 0.14559321 0.03782787 0.01384121 0.01792258 0.01094829 0.00926633 
134.00000000 0.76921154 0.14054422 0.03777929 0.01420743 0.01769024 0.01122442 0.00934286 
135.00000000 0.77357224 0.13573864 0.03773106 0.01458393 0.01746403 0.01149412 0.00941598 
136.00000000 0.77767845 0.13118046 0.03768355 0.01497001 0.01724510 0.01175668 0.00948576 
137.00000000 0.78152651 0.12687322 0.03763712 0.01536495 0.01703455 0.01201140 0.00955225 
138.00000000 0.78511324 0.12281995 0.03759214 0.01576801 0.01683351 0.01225761 0.00961554 
139.00000000 0.78843596 0.11902320 0.03754897 0.01617841 0.01664305 0.01249469 0.00967572 
140.00000000 0.79149248 0.11548506 0.03750795 0.01659534 0.01646421 0.01272204 0.00973292 
141.00000000 0.79428107 0.11220714 0.03746945 0.01701800 0.01629803 0.01293910 0.00978723 
142.00000000 0.79680051 0.10919055 0.03743380 0.01744556 0.01614547 0.01314533 0.00983879 
143.00000000 0.79905006 0.10643597 0.03740134 0.01787718 0.01600748 0.01334024 0.00988773 
144.00000000 0.80102946 0.10394356 0.03737243 0.01831202 0.01588496 0.01352339 0.00993419 
145.00000000 0.80273890 0.10171306 0.03734739 0.01874923 0.01577874 0.01369436 0.00997832 
146.00000000 0.80417905 0.09974372 0.03732656 0.01918798 0.01568964 0.01385278 0.01002027 
147.00000000 0.80535104 0.09803435 0.03731027 0.01962744 0.01561838 0.01399831 0.01006020 
148.00000000 0.80625645 0.09658333 0.03729885 0.02006678 0.01556565 0.01413067 0.01009827 
149.00000000 0.80689728 0.09538858 0.03729262 0.02050519 0.01553209 0.01424961 0.01013463 
150.00000000 0.80727599 0.09444761 0.03729190 0.02094189 0.01551824 0.01435492 0.01016945 
151.00000000 0.80739544 0.09375752 0.03729701 0.02137610 0.01552461 0.01444644 0.01020289 
152.00000000 0.80725888 0.09331499 0.03730826 0.02180708 0.01555164 0.01452406 0.01023510 
153.00000000 0.80686998 0.09311633 0.03732594 0.02223410 0.01559969 0.01458771 0.01026625 
154.00000000 0.80623276 0.09315745 0.03735037 0.02265647 0.01566906 0.01463739 0.01029650 
155.00000000 0.80535165 0.09343390 0.03738183 0.02307353 0.01575999 0.01467311 0.01032598 
156.00000000 0.80423140 0.09394089 0.03742062 0.02348464 0.01587264 0.01469495 0.01035486 
157.00000000 0.80287713 0.09467327 0.03746701 0.02388921 0.01600711 0.01470300 0.01038327 
158.00000000 0.80129427 0.09562559 0.03752128 0.02428669 0.01616341 0.01469743 0.01041134 
159.00000000 0.79948857 0.09679206 0.03758369 0.02467656 0.01634150 0.01467842 0.01043920 
160.00000000 0.79746609 0.09816661 0.03765451 0.02505834 0.01654127 0.01464620 0.01046697 
161.00000000 0.79523319 0.09974290 0.03773399 0.02543159 0.01676253 0.01460104 0.01049477 
162.00000000 0.79279646 0.10151430 0.03782236 0.02579593 0.01700503 0.01454323 0.01052270 
163.00000000 0.79016279 0.10347394 0.03791985 0.02615099 0.01726846 0.01447312 0.01055084 
164.00000000 0.78733929 0.10561472 0.03802669 0.02649648 0.01755244 0.01439107 0.01057930 
165.00000000 0.78433331 0.10792932 0.03814308 0.02683213 0.01785652 0.01429749 0.01060815 
166.00000000 0.78115238 0.11041022 0.03826923 0.02715771 0.01818021 0.01419281 0.01063745 
167.00000000 0.77780425 0.11304972 0.03840530 0.02747304 0.01852295 0.01407749 0.01066726 
168.00000000 0.77429685 0.11583994 0.03855147 0.02777799 0.01888412 0.01395200 0.01069763 
169.00000000 0.77063826 0.11877285 0.03870790 0.02807246 0.01926305 0.01381687 0.01072860 
170.00000000 0.76683671 0.12184030 0.03887473 0.02835640 0.01965904 0.01367263 0.01076020 
171.00000000 0.76290055 0.12503401 0.03905208 0.02862978 0.02007131 0.01351982 0.01079245 
172.00000000 0.75883826 0.12834561 0.03924005 0.02889263 0.02049906 0.01335901 0.01082536 
173.00000000 0.75465841 0.13176663 0.03943876 0.02914501 0.02094145 0.01319080 0.01085894 
174.00000000 0.75036965 0.13528854 0.03964826 0.02938701 0.02139758 0.01301579 0.01089318 
175.00000000 0.74598068 0.13890276 0.03986862 0.02961875 0.02186655 0.01283457 0.01092807 
176.00000000 0.74150027 0.14260069 0.04009988 0.02984039 0.02234741 0.01264778 0.01096358 
177.00000000 0.73693721 0.14637369 0.04034205 0.03005213 0.02283918 0.01245604 0.01099969 
178.00000000 0.73230032 0.15021314 0.04059516 0.03025417 0.02334087 0.01225998 0.01103637 
179.00000000 0.72759840 0.15411040 0.04085917 0.03044676 0.02385146 0.01206024 0.01107356 
180.00000000 0.72284026 0.15805690 0.04113405 0.03063016 0.02436993 0.01185746 0.01111123 
181.00000000 0.71803465 0.16204409 0.04141976 0.03080467 0.02489523 0.01165227 0.01114932 
182.00000000 0.71319031 0.16606350 0.04171622 0.03097059 0.02542630 0.01144530 0.01118778 
183.00000000 0.70831590 0.17010670 0.04202334 0.03112825 0.02596210 0.01123718 0.01122654 
184.00000000 0.70342001 0.17416538 0.04234100 0.03127798 0.02650157 0.01102852 0.01126554 
185.00000000 0.69851114 0.17823133 0.04266908 0.03142015 0.02704365 0.01081993 0.01130472 
186.00000000 0.69359771 0.18229644 0.04300742 0.03155512 0.02758730 0.01061200 0.01134400 
187.00000000 0.68868799 0.18635276 0.04335586 0.03168328 0.02813147 0.01040533 0.01138332 
188.00000000 0.68379015 0.19039244 0.04371422 0.03180499 0.02867513 0.01020048 0.01142260 
189.00000000 0.67891221 0.19440781 0.04408228 0.03192067 0.02921727 0.00999799 0.01146177 
190.00000000 0.67406205 0.19839138 0.04445982 0.03203070 0.02975689 0.00979841 0.01150076 
191.00000000 0.66924736 0.20233580 0.04484660 0.03213548 0.03029302 0.00960224 0.01153950 
192.00000000 0.66447568 0.20623394 0.04524237 0.03223541 0.03082471 0.00940997 0.01157791 
193.00000000 0.65975436 0.21007885 0.04564686 0.03233090 0.03135101 0.00922208 0.01161594 
194.00000000 0.65509055 0.21386379 0.04605976 0.03242234 0.03187104 0.00903901 0.01165350 
195.00000000 0.65049118 0.21758226 0.04648079 0.03251012 0.03238393 0.00886118 0.01169055 
196.00000000 0.64596298 0.22122795 0.04690961 0.03259465 0.03288882 0.00868898 0.01172701 
197.00000000 0.64151247 0.22479481 0.04734590 0.03267629 0.03338492 0.00852278 0.01176284 
198.00000000 0.63714591 0.22827700 0.04778931 0.03275543 0.03387145 0.00836292 0.01179798 
199.00000000 0.63286932 0.23166898 0.04823949 0.03283244 0.03434769 0.00820971 0.01183237 
200.00000000 0.62868850 0.23496540 0.04869607 0.03290769 0.03481293 0.00806343 0.01186598 
201.00000000 0.62460897 0.23816122 0.04915866 0.03298152 0.03526651 0.00792434 0.01189877 
202.00000000 0.62063599 0.24125165 0.04962690 0.03305427 0.03570781 0.00779266 0.01193071 
203.00000000 0.61677457 0.24423215 0.05010037 0.03312629 0.03613627 0.00766859 0.01196175 
204.00000000 0.61302944 0.24709848 0.05057868 0.03319788 0.03655133 0.00755229 0.01199189 
205.00000000 0.60940504 0.24984666 0.05106143 0.03326937 0.03695251 0.00744390 0.01202110 
206.00000000 0.60590555 0.25247299 0.05154820 0.03334103 0.03733934 0.00734351 0.01204938 
207.00000000 0.60253485 0.25497407 0.05203857 0.03341317 0.03771143 0.00725121 0.01207670 
208.00000000 0.59929654 0.25734675 0.05253213 0.03348605 0.03806839 0.00716705 0.01210308 
209.00000000 0.59619395 0.25958819 0.05302846 0.03355994 0.03840991 0.00709104 0.01212852 
210.00000000 0.59323007 0.26169583 0.05352714 0.03363507 0.03873568 0.00702317 0.01215304 
211.00000000 0.59040766 0.26366738 0.05402775 0.03371169 0.03904548 0.00696341 0.01217663 
212.00000000 0.58772913 0.26550087 0.05452987 0.03379001 0.03933909 0.00691169 0.01219934 
213.00000000 0.58519664 0.26719456 0.05503310 0.03387024 0.03961634 0.00686793 0.01222119 
214.00000000 0.58281203 0.26874704 0.05553701 0.03395259 0.03987712 0.00683200 0.01224221 
215.00000000 0.58057686 0.27015716 0.05604121 0.03403722 0.04012133 0.00680379 0.01226243 
216.00000000 0.57849240 0.27142404 0.05654529 0.03412433 0.04034892 0.00678311 0.01228191 
217.00000000 0.57655962 0.27254708 0.05704887 0.03421405 0.04055989 0.00676980 0.01230069 
218.00000000 0.57477922 0.27352596 0.05755155 0.03430655 0.04075425 0.00676365 0.01231882 
219.00000000 0.57315161 0.27436061 0.05805298 0.03440195 0.04093206 0.00676444 0.01233636 
220.00000000 0.57167691 0.27505123 0.05855278 0.03450038 0.04109340 0.00677193 0.01235337 
221.00000000 0.57035499 0.27559829 0.05905059 0.03460196 0.04123840 0.00678586 0.01236991 
222.00000000 0.56918540 0.27600249 0.05954608 0.03470678 0.04136722 0.00680597 0.01238605 
223.00000000 0.56816749 0.27626480 0.06003892 0.03481494 0.04148002 0.00683198 0.01240186 
224.00000000 0.56730028 0.27638641 0.06052878 0.03492652 0.04157702 0.00686357 0.01241742 
225.00000000 0.56658259 0.27636876 0.06101537 0.03504158 0.04165844 0.00690046 0.01243279 
226.00000000 0.56601295 0.27621351 0.06149840 0.03516019 0.04172456 0.00694231 0.01244807 
227.00000000 0.56558966 0.27592256 0.06197760 0.03528241 0.04177565 0.00698882 0.01246331 
228.00000000 0.56531079 0.27549799 0.06245270 0.03540826 0.04181201 0.00703964 0.01247861 
229.00000000 0.56517416 0.27494212 0.06292347 0.03553779 0.04183397 0.00709443 0.01249405 
230.00000000 0.56517739 0.27425746 0.06338968 0.03567102 0.04184188 0.00715287 0.01250970 
231.00000000 0.56531786 0.27344672 0.06385112 0.03580797 0.04183608 0.00721461 0.01252565 
232.00000000 0.56559276 0.27251276 0.06430760 0.03594863 0.04181696 0.00727931 0.01254197 
233.00000000 0.56599908 0.27145867 0.06475894 0.03609302 0.04178492 0.00734661 0.01255876 
234.00000000 0.56653361 0.27028766 0.06520499 0.03624112 0.04174034 0.00741619 0.01257608 
235.00000000 0.56719295 0.26900313 0.06564561 0.03639292 0.04168365 0.00748771 0.01259403 
236.00000000 0.56797355 0.26760861 0.06608068 0.03654838 0.04161528 0.00756083 0.01261266 
237.00000000 0.56887167 0.26610780 0.06651009 0.03670749 0.04153566 0.00763523 0.01263206 
238.00000000 0.56988343 0.26450449 0.06693376 0.03687020 0.04144523 0.00771058 0.01265231 
239.00000000 0.57100480 0.26280264 0.06735161 0.03703647 0.04134445 0.00778657 0.01267347 
240.00000000 0.57223161 0.26100630 0.06776359 0.03720624 0.04123376 0.00786289 0.01269560 
241.00000000 0.57355957 0.25911962 0.06816968 0.03737947 0.04111362 0.00793926 0.01271878 
242.00000000 0.57498427 0.25714686 0.06856984 0.03755607 0.04098451 0.00801539 0.01274306 
243.00000000 0.57650118 0.25509237 0.06896409 0.03773599 0.04084687 0.00809100 0.01276851 
244.00000000 0.57810568 0.25296057 0.06935243 0.03791915 0.04070118 0.00816582 0.01279517 
245.00000000 0.57979307 0.25075596 0.06973489 0.03810546 0.04054789 0.00823963 0.01282309 
246.00000000 0.58155857 0.24848309 0.07011152 0.03829485 0.04038748 0.00831216 0.01285233 
247.00000000 0.58339732 0.24614657 0.07048238 0.03848721 0.04022040 0.00838321 0.01288292 
248.00000000 0.58530441 0.24375104 0.07084754 0.03868245 0.04004710 0.00845257 0.01291490 
249.00000000 0.58727487 0.24130118 0.07120708 0.03888047 0.03986805 0.00852004 0.01294831 
250.00000000 0.58930372 0.23880171 0.07156112 0.03908116 0.03968368 0.00858544 0.01298316 
251.00000000 0.59138592 0.23625735 0.07190976 0.03928442 0.03949445 0.00864860 0.01301949 
252.00000000 0.59351642 0.23367283 0.07225313 0.03949013 0.03930079 0.00870939 0.01305731 
253.00000000 0.59569016 0.23105288 0.07259137 0.03969817 0.03910312 0.00876766 0.01309664 
254.00000000 0.59790209 0.22840222 0.07292461 0.03990842 0.03890188 0.00882330 0.01313749 
255.00000000 0.60014715 0.22572556 0.07325302 0.04012076 0.03869747 0.00887620 0.01317985 
256.00000000 0.60242030 0.22302757 0.07357676 0.04033506 0.03849030 0.00892628 0.01322373 
257.00000000 0.60471655 0.22031291 0.07389600 0.04055119 0.03828077 0.00897345 0.01326913 
258.00000000 0.60703092 0.21758618 0.07421093 0.04076902 0.03806927 0.00901767 0.01331602 
259.00000000 0.60935847 0.21485193 0.07452172 0.04098843 0.03785617 0.00905888 0.01336440 
260.00000000 0.61169433 0.21211467 0.07482859 0.04120926 0.03764184 0.00909705 0.01341425 
261.00000000 0.61403368 0.20937884 0.07513172 0.04143140 0.03742665 0.00913218 0.01346554 
262.00000000 0.61637178 0.20664881 0.07543131 0.04165469 0.03721093 0.00916424 0.01351824 
263.00000000 0.61870394 0.20392887 0.07572758 0.04187902 0.03699502 0.00919325 0.01357233 
264.00000000 0.62102557 0.20122324 0.07602074 0.04210423 0.03677924 0.00921923 0.01362775 
265.00000000 0.62333218 0.19853604 0.07631099 0.04233019 0.03656392 0.00924220 0.01368447 
266.00000000 0.62561935 0.19587130 0.07659856 0.04255676 0.03634934 0.00926223 0.01374245 
267.00000000 0.62788279 0.19323295 0.07688366 0.04278381 0.03613582 0.00927934 0.01380164 
268.00000000 0.63011829 0.19062481 0.07716650 0.04301121 0.03592361 0.00929361 0.01386197 
269.00000000 0.63232179 0.18805059 0.07744730 0.04323881 0.03571299 0.00930511 0.01392341 
270.00000000 0.63448931 0.18551390 0.07772628 0.04346649 0.03550422 0.00931391 0.01398589 
271.00000000 0.63661704 0.18301821 0.07800365 0.04369412 0.03529754 0.00932010 0.01404934 
272.00000000 0.63870127 0.18056687 0.07827962 0.04392157 0.03509318 0.00932378 0.01411371 
273.00000000 0.64073844 0.17816312 0.07855440 0.04414871 0.03489137 0.00932504 0.01417892 
274.00000000 0.64272511 0.17581003 0.07882820 0.04437541 0.03469232 0.00932400 0.01424492 
275.00000000 0.64465803 0.17351058 0.07910122 0.04460157 0.03449624 0.00932075 0.01431162 
276.00000000 0.64653404 0.17126757 0.07937366 0.04482706 0.03430330 0.00931542 0.01437897 
277.00000000 0.64835017 0.16908368 0.07964571 0.04505176 0.03411369 0.00930811 0.01444687 
278.00000000 0.65010361 0.16696145 0.07991757 0.04527557 0.03392757 0.00929896 0.01451527 
279.00000000 0.65179166 0.16490326 0.08018941 0.04549838 0.03374512 0.00928808 0.01458409 
280.00000000 0.65341184 0.16291133 0.08046143 0.04572009 0.03356647 0.00927559 0.01465325 
281.00000000 0.65496179 0.16098777 0.08073379 0.04594059 0.03339176 0.00926162 0.01472267 
282.00000000 0.65643933 0.15913450 0.08100666 0.04615979 0.03322113 0.00924630 0.01479229 
283.00000000 0.65784244 0.15735330 0.08128020 0.04637760 0.03305469 0.00922974 0.01486203 
284.00000000 0.65916927 0.15564579 0.08155457 0.04659393 0.03289255 0.00921207 0.01493181 
285.00000000 0.66041813 0.15401345 0.08182992 0.04680869 0.03273483 0.00919341 0.01500157 
286.00000000 0.66158750 0.15245759 0.08210639 0.04702181 0.03258161 0.00917387 0.01507122 
287.00000000 0.66267604 0.15097937 0.08238411 0.04723322 0.03243298 0.00915358 0.01514071 
288.00000000 0.66368255 0.14957979 0.08266321 0.04744283 0.03228901 0.00913265 0.01520995 
289.00000000 0.66460602 0.14825971 0.08294381 0.04765059 0.03214979 0.00911119 0.01527889 
290.00000000 0.66544559 0.14701981 0.08322604 0.04785643 0.03201537 0.00908929 0.01534746 
291.00000000 0.66620059 0.14586064 0.08350999 0.04806029 0.03188581 0.00906708 0.01541560 
292.00000000 0.66687048 0.14478260 0.08379576 0.04826212 0.03176116 0.00904463 0.01548325 
293.00000000 0.66745491 0.14378592 0.08408345 0.04846186 0.03164147 0.00902205 0.01555034 
294.00000000 0.66795366 0.14287069 0.08437314 0.04865948 0.03152677 0.00899942 0.01561684 
295.00000000 0.66836671 0.14203687 0.08466491 0.04885492 0.03141709 0.00897682 0.01568268 
296.00000000 0.66869414 0.14128425 0.08495884 0.04904815 0.03131247 0.00895433 0.01574782 
297.00000000 0.66893624 0.14061250 0.08525499 0.04923913 0.03121291 0.00893203 0.01581220 
298.00000000 0.66909341 0.14002113 0.08555341 0.04942783 0.03111844 0.00890997 0.01587580 
299.00000000 0.66916621 0.13950953 0.08585417 0.04961422 0.03102906 0.00888822 0.01593858 
300.00000000 0.66915535 0.13907696 0.08615730 0.04979828 0.03094479 0.00886684 0.01600049 
301.00000000 0.66906166 0.13872254 0.08646284 0.04997998 0.03086561 0.00884586 0.01606151 
302.00000000 0.66888612 0.13844526 0.08677083 0.05015931 0.03079154 0.00882534 0.01612161 
303.00000000 0.66862984 0.13824401 0.08708129 0.05033625 0.03072255 0.00880530 0.01618077 
304.00000000 0.66829406 0.13811752 0.08739424 0.05051079 0.03065864 0.00878579 0.01623896 
305.00000000 0.66788014 0.13806446 0.08770970 0.05068291 0.03059978 0.00876682 0.01629618 
306.00000000 0.66738955 0.13808335 0.08802769 0.05085262 0.03054597 0.00874842 0.01635240 
307.00000000 0.66682390 0.13817262 0.08834819 0.05101991 0.03049716 0.00873060 0.01640763 
308.00000000 0.66618488 0.13833058 0.08867122 0.05118477 0.03045335 0.00871336 0.01646184 
309.00000000 0.66547430 0.13855548 0.08899676 0.05134721 0.03041448 0.00869673 0.01651506 
310.00000000 0.66469407 0.13884543 0.08932481 0.05150723 0.03038052 0.00868068 0.01656727 
311.00000000 0.66384619 0.13919850 0.08965534 0.05166483 0.03035145 0.00866522 0.01661847 
312.00000000 0.66293275 0.13961264 0.08998835 0.05182004 0.03032720 0.00865034 0.01666869 
313.00000000 0.66195592 0.14008574 0.09032381 0.05197284 0.03030773 0.00863602 0.01671793 
314.00000000 0.66091797 0.14061563 0.09066168 0.05212327 0.03029300 0.00862224 0.01676621 
315.00000000 0.65982122 0.14120003 0.09100194 0.05227134 0.03028294 0.00860899 0.01681353 
316.00000000 0.65866807 0.14183665 0.09134455 0.05241705 0.03027749 0.00859624 0.01685993 
317.00000000 0.65746097 0.14252311 0.09168948 0.05256044 0.03027661 0.00858396 0.01690543 
318.00000000 0.65620245 0.14325698 0.09203667 0.05270152 0.03028021 0.00857212 0.01695005 
319.00000000 0.65489506 0.14403580 0.09238608 0.05284033 0.03028823 0.00856069 0.01699381 
320.00000000 0.65354142 0.14485705 0.09273767 0.05297688 0.03030060 0.00854962 0.01703676 
321.00000000 0.65214419 0.14571819 0.09309138 0.05311120 0.03031723 0.00853889 0.01707891 
322.00000000 0.65070606 0.14661663 0.09344717 0.05324333 0.03033805 0.00852845 0.01712031 
323.00000000 0.64922975 0.14754978 0.09380496 0.05337330 0.03036298 0.00851825 0.01716098 
324.00000000 0.64771799 0.14851500 0.09416470 0.05350115 0.03039191 0.00850827 0.01720097 
325.00000000 0.64617356 0.14950966 0.09452634 0.05362691 0.03042477 0.00849846 0.01724030 
326.00000000 0.64459924 0.15053110 0.09488980 0.05375063 0.03046144 0.00848877 0.01727902 
327.00000000 0.64299780 0.15157668 0.09525502 0.05387234 0.03050184 0.00847915 0.01731716 
328.00000000 0.64137203 0.15264373 0.09562194 0.05399210 0.03054586 0.00846957 0.01735477 
329.00000000 0.63972473 0.15372959 0.09599048 0.05410995 0.03059339 0.00845998 0.01739188 
330.00000000 0.63805867 0.15483164 0.09636057 0.05422593 0.03064431 0.00845034 0.01742852 
331.00000000 0.63637662 0.15594724 0.09673215 0.05434011 0.03069852 0.00844061 0.01746475 
332.00000000 0.63468134 0.15707378 0.09710513 0.05445253 0.03075589 0.00843074 0.01750059 
333.00000000 0.63297555 0.15820868 0.09747945 0.05456325 0.03081630 0.00842070 0.01753608 
334.00000000 0.63126196 0.15934937 0.09785502 0.05467234 0.03087961 0.00841044 0.01757126 
335.00000000 0.62954325 0.16049332 0.09823177 0.05477985 0.03094571 0.00839993 0.01760617 
336.00000000 0.62782205 0.16163805 0.09860962 0.05488585 0.03101445 0.00838913 0.01764084 
337.00000000 0.62610097 0.16278110 0.09898850 0.05499040 0.03108570 0.00837802 0.01767530 
338.00000000 0.62438258 0.16392007 0.09936832 0.05509357 0.03115932 0.00836655 0.01770959 
339.00000000 0.62266937 0.16505258 0.09974901 0.05519543 0.03123516 0.00835470 0.01774373 
340.00000000 0.62096383 0.16617634 0.10013049 0.05529606 0.03131308 0.00834245 0.01777776 
341.00000000 0.61926834 0.16728908 0.10051267 0.05539552 0.03139292 0.00832976 0.01781170 
342.00000000 0.61758528 0.16838861 0.10089548 0.05549389 0.03147454 0.00831663 0.01784558 
343.00000000 0.61591692 0.16947278 0.10127883 0.05559126 0.03155777 0.00830302 0.01787941 
344.00000000 0.61426550 0.17053952 0.10166266 0.05568770 0.03164247 0.00828892 0.01791323 
345.00000000 0.61263318 0.17158682 0.10204687 0.05578329 0.03172847 0.00827433 0.01794705 
346.00000000 0.61102205 0.17261275 0.10243139 0.05587811 0.03181561 0.00825922 0.01798088 
347.00000000 0.60943413 0.17361542 0.10281614 0.05597225 0.03190373 0.00824360 0.01801474 
348.00000000 0.60787136 0.17459304 0.10320105 0.05606579 0.03199267 0.00822745 0.01804865 
349.00000000 0.60633562 0.17554389 0.10358603 0.05615882 0.03208226 0.00821077 0.01808261 
350.00000000 0.60482870 0.17646632 0.10397101 0.05625142 0.03217233 0.00819358 0.01811664 
351.00000000 0.60335231 0.17735878 0.10435591 0.05634368 0.03226273 0.00817586 0.01815073 
352.00000000 0.60190807 0.17821976 0.10474067 0.05643570 0.03235328 0.00815763 0.01818489 
353.00000000 0.60049754 0.17904787 0.10512521 0.05652754 0.03244382 0.00813890 0.01821912 
354.00000000 0.59912216 0.17984179 0.10550945 0.05661932 0.03253419 0.00811967 0.01825343 
355.00000000 0.59778332 0.18060027 0.10589333 0.05671110 0.03262422 0.00809997 0.01828780 
356.00000000 0.59648230 0.18132216 0.10627678 0.05680298 0.03271375 0.00807980 0.01832223 
357.00000000 0.59522030 0.18200639 0.10665973 0.05689504 0.03280262 0.00805920 0.01835672 
358.00000000 0.59399842 0.18265199 0.10704212 0.05698738 0.03289067 0.00803817 0.01839125 
359.00000000 0.59281769 0.18325804 0.10742389 0.05708007 0.03297775 0.00801675 0.01842581 
360.00000000 0.59167904 0.18382374 0.10780497 0.05717320 0.03306369 0.00799496 0.01846040 
361.00000000 0.59058331 0.18434837 0.10818530 0.05726685 0.03314835 0.00797283 0.01849499 
362.00000000 0.58953124 0.18483128 0.10856483 0.05736110 0.03323159 0.00795039 0.01852957 
363.00000000 0.58852351 0.18527192 0.10894351 0.05745602 0.03331325 0.00792766 0.01856412 
364.00000000 0.58756068 0.18566981 0.10932128 0.05755171 0.03339320 0.00790469 0.01859863 
365.00000000 0.58664324 0.18602458 0.10969810 0.05764822 0.03347130 0.00788150 0.01863307 
366.00000000 0.58577158 0.18633592 0.11007391 0.05774563 0.03354742 0.00785813 0.01866742 
367.00000000 0.58494601 0.18660362 0.11044867 0.05784402 0.03362142 0.00783461 0.01870165 
368.00000000 0.58416674 0.18682752 0.11082235 0.05794344 0.03369320 0.00781099 0.01873576 
369.00000000 0.58343393 0.18700759 0.11119489 0.05804396 0.03376264 0.00778729 0.01876970 
370.00000000 0.58274761 0.18714384 0.11156627 0.05814564 0.03382961 0.00776356 0.01880346 
371.00000000 0.58210775 0.18723638 0.11193646 0.05824854 0.03389403 0.00773984 0.01883701 
372.00000000 0.58151425 0.18728537 0.11230541 0.05835271 0.03395578 0.00771615 0.01887033 
373.00000000 0.58096690 0.18729108 0.11267311 0.05845820 0.03401478 0.00769255 0.01890338 
374.00000000 0.58046544 0.18725382 0.11303953 0.05856506 0.03407094 0.00766906 0.01893615 
375.00000000 0.58000952 0.18717399 0.11340464 0.05867333 0.03412417 0.00764573 0.01896861 
376.00000000 0.57959871 0.18705207 0.11376844 0.05878305 0.03417442 0.00762258 0.01900073 
377.00000000 0.57923252 0.18688857 0.11413090 0.05889426 0.03422160 0.00759967 0.01903249 
378.00000000 0.57891038 0.18668411 0.11449200 0.05900698 0.03426566 0.00757701 0.01906386 
379.00000000 0.57863165 0.18643934 0.11485175 0.05912124 0.03430655 0.00755465 0.01909481 
380.00000000 0.57839563 0.18615499 0.11521013 0.05923707 0.03434422 0.00753262 0.01912534 
381.00000000 0.57820156 0.18583184 0.11556714 0.05935449 0.03437864 0.00751094 0.01915540 
382.00000000 0.57804861 0.18547072 0.11592277 0.05947351 0.03440977 0.00748966 0.01918498 
383.00000000 0.57793588 0.18507252 0.11627704 0.05959413 0.03443758 0.00746879 0.01921406 
384.00000000 0.57786244 0.18463820 0.11662993 0.05971638 0.03446207 0.00744836 0.01924261 
385.00000000 0.57782729 0.18416874 0.11698147 0.05984025 0.03448323 0.00742841 0.01927062 
386.00000000 0.57782937 0.18366518 0.11733165 0.05996573 0.03450104 0.00740895 0.01929807 
387.00000000 0.57786759 0.18312861 0.11768050 0.06009283 0.03451552 0.00739000 0.01932494 
388.00000000 0.57794080 0.18256015 0.11802802 0.06022154 0.03452668 0.00737158 0.01935122 
389.00000000 0.57804782 0.18196096 0.11837424 0.06035185 0.03453453 0.00735372 0.01937689 
390.00000000 0.57818741 0.18133225 0.11871917 0.06048373 0.03453910 0.00733642 0.01940193 
391.00000000 0.57835830 0.18067523 0.11906283 0.06061716 0.03454042 0.00731971 0.01942635 
392.00000000 0.57855920 0.17999119 0.11940525 0.06075213 0.03453853 0.00730358 0.01945012 
393.00000000 0.57878877 0.17928140 0.11974646 0.06088861 0.03453347 0.00728805 0.01947323 
394.00000000 0.57904564 0.17854719 0.12008649 0.06102657 0.03452530 0.00727314 0.01949569 
395.00000000 0.57932843 0.17778989 0.12042535 0.06116596 0.03451406 0.00725883 0.01951748 
396.00000000 0.57963572 0.17701086 0.12076309 0.06130677 0.03449983 0.00724514 0.01953859 
397.00000000 0.57996607 0.17621149 0.12109975 0.06144894 0.03448266 0.00723206 0.01955904 
398.00000000 0.58031804 0.17539315 0.12143534 0.06159244 0.03446263 0.00721959 0.01957880 
399.00000000 0.58069015 0.17455726 0.12176993 0.06173722 0.03443981 0.00720774 0.01959789 
400.00000000 0.58108092 0.17370523 0.12210353 0.06188324 0.03441430 0.00719649 0.01961631 
401.00000000 0.58148886 0.17283847 0.12243619 0.06203044 0.03438616 0.00718583 0.01963405 
402.00000000 0.58191247 0.17195841 0.12276795 0.06217878 0.03435550 0.00717576 0.01965112 
403.00000000 0.58235026 0.17106648 0.12309886 0.06232820 0.03432240 0.00716627 0.01966753 
404.00000000 0.58280071 0.17016410 0.12342896 0.06247864 0.03428696 0.00715734 0.01968329 
405.00000000 0.58326234 0.16925269 0.12375828 0.06263005 0.03424929 0.00714896 0.01969839 
406.00000000 0.58373363 0.16833367 0.12408689 0.06278238 0.03420948 0.00714111 0.01971286 
407.00000000 0.58421310 0.16740845 0.12441481 0.06293555 0.03416763 0.00713377 0.01972669 
408.00000000 0.58469926 0.16647842 0.12474210 0.06308952 0.03412387 0.00712693 0.01973990 
409.00000000 0.58519064 0.16554497 0.12506881 0.06324421 0.03407829 0.00712056 0.01975251 
410.00000000 0.58568579 0.16460947 0.12539497 0.06339958 0.03403102 0.00711465 0.01976453 
411.00000000 0.58618325 0.16367328 0.12572065 0.06355555 0.03398215 0.00710917 0.01977596 
412.00000000 0.58668162 0.16273772 0.12604588 0.06371205 0.03393180 0.00710410 0.01978683 
413.00000000 0.58717947 0.16180413 0.12637071 0.06386904 0.03388009 0.00709940 0.01979715 
414.00000000 0.58767544 0.16087377 0.12669520 0.06402644 0.03382714 0.00709507 0.01980693 
415.00000000 0.58816817 0.15994793 0.12701938 0.06418419 0.03377305 0.00709108 0.01981620 
416.00000000 0.58865631 0.15902785 0.12734331 0.06434222 0.03371795 0.00708738 0.01982497 
417.00000000 0.58913859 0.15811473 0.12766703 0.06450047 0.03366194 0.00708398 0.01983326 
418.00000000 0.58961371 0.15720976 0.12799060 0.06465888 0.03360515 0.00708082 0.01984109 
419.00000000 0.59008045 0.15631409 0.12831404 0.06481738 0.03354767 0.00707790 0.01984847 
420.00000000 0.59053760 0.15542883 0.12863742 0.06497592 0.03348963 0.00707517 0.01985542 
421.00000000 0.59098399 0.15455508 0.12896078 0.06513443 0.03343113 0.00707263 0.01986197 
422.00000000 0.59141848 0.15369387 0.12928416 0.06529284 0.03337229 0.00707023 0.01986813 
423.00000000 0.59183998 0.15284622 0.12960760 0.06545111 0.03331320 0.00706795 0.01987393 
424.00000000 0.59224744 0.15201310 0.12993116 0.06560916 0.03325398 0.00706578 0.01987937 
425.00000000 0.59263983 0.15119545 0.13025487 0.06576695 0.03319473 0.00706368 0.01988449 
426.00000000 0.59301620 0.15039415 0.13057877 0.06592442 0.03313554 0.00706163 0.01988930 
427.00000000 0.59337560 0.14961006 0.13090291 0.06608151 0.03307651 0.00705960 0.01989381 
428.00000000 0.59371716 0.14884398 0.13122732 0.06623817 0.03301773 0.00705758 0.01989806 
429.00000000 0.59404003 0.14809669 0.13155205 0.06639434 0.03295930 0.00705554 0.01990205 
430.00000000 0.59434342 0.14736891 0.13187713 0.06654998 0.03290131 0.00705346 0.01990580 
431.00000000 0.59462657 0.14666130 0.13220260 0.06670503 0.03284383 0.00705132 0.01990934 
432.00000000 0.59488879 0.14597452 0.13252850 0.06685946 0.03278696 0.00704911 0.01991267 
433.00000000 0.59512942 0.14530914 0.13285486 0.06701320 0.03273076 0.00704679 0.01991583 
434.00000000 0.59534786 0.14466571 0.13318171 0.06716623 0.03267531 0.00704437 0.01991881 
435.00000000 0.59554354 0.14404472 0.13350910 0.06731850 0.03262068 0.00704181 0.01992165 
436.00000000 0.59571596 0.14344663 0.13383704 0.06746996 0.03256694 0.00703911 0.01992435 
437.00000000 0.59586465 0.14287184 0.13416558 0.06762059 0.03251414 0.00703626 0.01992693 
438.00000000 0.59598921 0.14232071 0.13449474 0.06777034 0.03246236 0.00703324 0.01992941 
439.00000000 0.59608926 0.14179355 0.13482455 0.06791918 0.03241163 0.00703004 0.01993179 
