0.00000000 1.00000000 -0.00000000 -0.00000000 -0.00000000 0.00000000 0.00000000 -0.00000000 
1.00000000 0.99961251 0.00036522 0.00000292 0.00000252 0.00000293 0.00000817 0.00000572 
2.00000000 0.99846983 0.00144201 0.00001214 0.00000987 0.00001171 0.00003201 0.00002242 
3.00000000 0.99660221 0.00320141 0.00002840 0.00002175 0.00002632 0.00007052 0.00004938 
4.00000000 0.99404061 0.00561366 0.00005250 0.00003792 0.00004676 0.00012268 0.00008588 
5.00000000 0.99081651 0.00864832 0.00008529 0.00005813 0.00007305 0.00018749 0.00013121 
6.00000000 0.98696191 0.01227442 0.00012768 0.00008221 0.00010521 0.00026396 0.00018462 
7.00000000 0.98250912 0.01646057 0.00018055 0.00010999 0.00014327 0.00035110 0.00024539 
8.00000000 0.97749074 0.02117504 0.00024484 0.00014134 0.00018729 0.00044794 0.00031281 
9.00000000 0.97193951 0.02638591 0.00032146 0.00017614 0.00023729 0.00055353 0.00038616 
10.00000000 0.96588825 0.03206117 0.00041128 0.00021429 0.00029334 0.00066691 0.00046477 
11.00000000 0.95936973 0.03816880 0.00051518 0.00025571 0.00035547 0.00078717 0.00054794 
12.00000000 0.95241664 0.04467686 0.00063398 0.00030034 0.00042372 0.00091341 0.00063503 
13.00000000 0.94506146 0.05155364 0.00076845 0.00034814 0.00049813 0.00104476 0.00072541 
14.00000000 0.93733639 0.05876768 0.00091932 0.00039906 0.00057871 0.00118037 0.00081847 
15.00000000 0.92927329 0.06628787 0.00108723 0.00045307 0.00066549 0.00131942 0.00091363 
16.00000000 0.92090360 0.07408355 0.00127279 0.00051015 0.00075847 0.00146110 0.00101034 
17.00000000 0.91225829 0.08212457 0.00147649 0.00057028 0.00085764 0.00160467 0.00110807 
18.00000000 0.90336775 0.09038133 0.00169878 0.00063344 0.00096298 0.00174939 0.00120633 
19.00000000 0.89426182 0.09882487 0.00194001 0.00069962 0.00107447 0.00189456 0.00130466 
20.00000000 0.88496962 0.10742693 0.00220045 0.00076881 0.00119204 0.00203952 0.00140262 
21.00000000 0.87551962 0.11615999 0.00248029 0.00084098 0.00131565 0.00218364 0.00149983 
22.00000000 0.86593950 0.12499729 0.00277963 0.00091613 0.00144521 0.00232633 0.00159592 
23.00000000 0.85625616 0.13391293 0.00309848 0.00099422 0.00158062 0.00246704 0.00169054 
24.00000000 0.84649568 0.14288185 0.00343679 0.00107523 0.00172179 0.00260526 0.00178340 
25.00000000 0.83668326 0.15187991 0.00379439 0.00115913 0.00186859 0.00274049 0.00187423 
26.00000000 0.82684321 0.16088387 0.00417107 0.00124587 0.00202089 0.00287231 0.00196278 
27.00000000 0.81699894 0.16987145 0.00456652 0.00133541 0.00217853 0.00300031 0.00204884 
28.00000000 0.80717289 0.17882136 0.00498035 0.00142768 0.00234136 0.00312413 0.00213224 
29.00000000 0.79738655 0.18771325 0.00541212 0.00152261 0.00250919 0.00324345 0.00221282 
30.00000000 0.78766045 0.19652780 0.00586131 0.00162013 0.00268186 0.00335798 0.00229046 
31.00000000 0.77801413 0.20524669 0.00632734 0.00172015 0.00285915 0.00346748 0.00236507 
32.00000000 0.76846611 0.21385258 0.00680959 0.00182256 0.00304086 0.00357174 0.00243656 
33.00000000 0.75903393 0.22232918 0.00730736 0.00192726 0.00322678 0.00367059 0.00250489 
34.00000000 0.74973413 0.23066119 0.00781993 0.00203413 0.00341669 0.00376389 0.00257004 
35.00000000 0.74058224 0.23883430 0.00834652 0.00214303 0.00361035 0.00385155 0.00263201 
36.00000000 0.73159278 0.24683522 0.00888632 0.00225383 0.00380753 0.00393350 0.00269082 
37.00000000 0.72277929 0.25465165 0.00943848 0.00236637 0.00400799 0.00400972 0.00274650 
38.00000000 0.71415432 0.26227224 0.01000216 0.00248049 0.00421149 0.00408021 0.00279911 
39.00000000 0.70572943 0.26968662 0.01057644 0.00259602 0.00441777 0.00414499 0.00284872 
40.00000000 0.69751523 0.27688536 0.01116044 0.00271280 0.00462658 0.00420415 0.00289543 
41.00000000 0.68952137 0.28385997 0.01175324 0.00283064 0.00483768 0.00425776 0.00293934 
42.00000000 0.68175657 0.29060284 0.01235392 0.00294935 0.00505081 0.00430596 0.00298055 
43.00000000 0.67422863 0.29710727 0.01296156 0.00306874 0.00526571 0.00434888 0.00301920 
44.00000000 0.66694445 0.30336741 0.01357525 0.00318863 0.00548214 0.00438669 0.00305543 
45.00000000 0.65991005 0.30937826 0.01419408 0.00330881 0.00569983 0.00441960 0.00308937 
46.00000000 0.65313061 0.31513563 0.01481714 0.00342909 0.00591855 0.00444780 0.00312119 
47.00000000 0.64661045 0.32063612 0.01544356 0.00354928 0.00613804 0.00447152 0.00315103 
48.00000000 0.64035311 0.32587708 0.01607247 0.00366918 0.00635805 0.00449103 0.00317907 
49.00000000 0.63436134 0.33085662 0.01670304 0.00378862 0.00657835 0.00450657 0.00320546 
50.00000000 0.62863712 0.33557354 0.01733443 0.00390740 0.00679870 0.00451842 0.00323038 
51.00000000 0.62318172 0.34002731 0.01796587 0.00402536 0.00701886 0.00452688 0.00325399 
52.00000000 0.61799571 0.34421808 0.01859659 0.00414233 0.00723860 0.00453223 0.00327647 
53.00000000 0.61307897 0.34814658 0.01922586 0.00425814 0.00745770 0.00453477 0.00329798 
54.00000000 0.60843074 0.35181418 0.01985298 0.00437266 0.00767593 0.00453483 0.00331870 
55.00000000 0.60404965 0.35522276 0.02047728 0.00448574 0.00789308 0.00453270 0.00333878 
56.00000000 0.59993375 0.35837477 0.02109816 0.00459727 0.00810894 0.00452872 0.00335839 
57.00000000 0.59608053 0.36127316 0.02171500 0.00470714 0.00832330 0.00452319 0.00337769 
58.00000000 0.59248694 0.36392134 0.02232726 0.00481525 0.00853597 0.00451643 0.00339682 
59.00000000 0.58914944 0.36632317 0.02293441 0.00492153 0.00874675 0.00450875 0.00341593 
60.00000000 0.58606404 0.36848295 0.02353599 0.00502592 0.00895545 0.00450048 0.00343517 
61.00000000 0.58322629 0.37040533 0.02413155 0.00512836 0.00916190 0.00449191 0.00345466 
62.00000000 0.58063133 0.37209535 0.02472068 0.00522884 0.00936591 0.00448334 0.00347454 
63.00000000 0.57827393 0.37355839 0.02530302 0.00532733 0.00956733 0.00447508 0.00349492 
64.00000000 0.57614851 0.37480011 0.02587824 0.00542386 0.00976598 0.00446739 0.00351591 
65.00000000 0.57424915 0.37582647 0.02644603 0.00551844 0.00996173 0.00446055 0.00353762 
66.00000000 0.57256966 0.37664368 0.02700615 0.00561112 0.01015441 0.00445484 0.00356015 
67.00000000 0.57110355 0.37725819 0.02755837 0.00570195 0.01034389 0.00445049 0.00358357 
68.00000000 0.56984412 0.37767663 0.02810248 0.00579102 0.01053004 0.00444776 0.00360796 
69.00000000 0.56878442 0.37790583 0.02863833 0.00587841 0.01071274 0.00444686 0.00363340 
70.00000000 0.56791733 0.37795279 0.02916580 0.00596424 0.01089187 0.00444802 0.00365995 
71.00000000 0.56723558 0.37782461 0.02968476 0.00604863 0.01106733 0.00445143 0.00368766 
72.00000000 0.56673172 0.37752854 0.03019516 0.00613172 0.01123901 0.00445727 0.00371658 
73.00000000 0.56639822 0.37707189 0.03069693 0.00621366 0.01140683 0.00446572 0.00374674 
74.00000000 0.56622743 0.37646207 0.03119007 0.00629461 0.01157071 0.00447694 0.00377817 
75.00000000 0.56621163 0.37570652 0.03167456 0.00637476 0.01173058 0.00449105 0.00381090 
76.00000000 0.56634306 0.37481273 0.03215042 0.00645429 0.01188638 0.00450818 0.00384493 
77.00000000 0.56661393 0.37378818 0.03261771 0.00653339 0.01203806 0.00452845 0.00388028 
78.00000000 0.56701642 0.37264036 0.03307647 0.00661227 0.01218558 0.00455194 0.00391695 
79.00000000 0.56754274 0.37137675 0.03352680 0.00669114 0.01232890 0.00457873 0.00395494 
80.00000000 0.56818511 0.37000478 0.03396877 0.00677021 0.01246801 0.00460889 0.00399423 
81.00000000 0.56893581 0.36853184 0.03440250 0.00684970 0.01260290 0.00464245 0.00403481 
82.00000000 0.56978715 0.36696522 0.03482812 0.00692984 0.01273356 0.00467946 0.00407665 
83.00000000 0.57073155 0.36531217 0.03524575 0.00701084 0.01286002 0.00471992 0.00411974 
84.00000000 0.57176150 0.36357984 0.03565554 0.00709294 0.01298230 0.00476384 0.00416405 
85.00000000 0.57286959 0.36177524 0.03605765 0.00717634 0.01310043 0.00481120 0.00420954 
86.00000000 0.57404856 0.35990531 0.03645224 0.00726127 0.01321445 0.00486200 0.00425618 
87.00000000 0.57529123 0.35797682 0.03683948 0.00734795 0.01332442 0.00491617 0.00430393 
88.00000000 0.57659060 0.35599642 0.03721956 0.00743658 0.01343042 0.00497369 0.00435274 
89.00000000 0.57793980 0.35397063 0.03759264 0.00752736 0.01353251 0.00503447 0.00440259 
90.00000000 0.57933215 0.35190577 0.03795892 0.00762050 0.01363078 0.00509846 0.00445343 
91.00000000 0.58076110 0.34980803 0.03831859 0.00771618 0.01372533 0.00516556 0.00450520 
92.00000000 0.58222032 0.34768341 0.03867184 0.00781458 0.01381628 0.00523569 0.00455788 
93.00000000 0.58370364 0.34553774 0.03901888 0.00791586 0.01390374 0.00530874 0.00461140 
94.00000000 0.58520509 0.34337667 0.03935989 0.00802019 0.01398783 0.00538460 0.00466573 
95.00000000 0.58671890 0.34120563 0.03969507 0.00812772 0.01406870 0.00546315 0.00472083 
96.00000000 0.58823953 0.33902988 0.04002463 0.00823856 0.01414648 0.00554426 0.00477665 
97.00000000 0.58976160 0.33685448 0.04034877 0.00835286 0.01422134 0.00562781 0.00483314 
98.00000000 0.59127999 0.33468428 0.04066767 0.00847071 0.01429343 0.00571364 0.00489027 
99.00000000 0.59278978 0.33252392 0.04098155 0.00859221 0.01436293 0.00580163 0.00494799 
100.00000000 0.59428626 0.33037783 0.04129058 0.00871745 0.01443000 0.00589161 0.00500627 
101.00000000 0.59576497 0.32825024 0.04159497 0.00884649 0.01449483 0.00598343 0.00506508 
102.00000000 0.59722165 0.32614516 0.04189491 0.00897938 0.01455760 0.00607695 0.00512436 
103.00000000 0.59865227 0.32406638 0.04219058 0.00911616 0.01461850 0.00617199 0.00518410 
104.00000000 0.60005303 0.32201750 0.04248218 0.00925687 0.01467773 0.00626841 0.00524427 
105.00000000 0.60142037 0.32000188 0.04276988 0.00940152 0.01473549 0.00636604 0.00530482 
106.00000000 0.60275092 0.31802267 0.04305386 0.00955010 0.01479198 0.00646472 0.00536575 
107.00000000 0.60404155 0.31608284 0.04333431 0.00970261 0.01484739 0.00656428 0.00542702 
108.00000000 0.60528938 0.31418510 0.04361139 0.00985902 0.01490193 0.00666457 0.00548861 
109.00000000 0.60649170 0.31233200 0.04388528 0.01001929 0.01495581 0.00676543 0.00555051 
110.00000000 0.60764605 0.31052585 0.04415613 0.01018337 0.01500923 0.00686669 0.00561269 
111.00000000 0.60875018 0.30876877 0.04442412 0.01035121 0.01506238 0.00696820 0.00567515 
112.00000000 0.60980204 0.30706268 0.04468940 0.01052273 0.01511548 0.00706981 0.00573786 
113.00000000 0.61079981 0.30540930 0.04495213 0.01069786 0.01516871 0.00717136 0.00580083 
114.00000000 0.61174185 0.30381017 0.04521246 0.01087650 0.01522227 0.00727271 0.00586403 
115.00000000 0.61262673 0.30226661 0.04547054 0.01105857 0.01527636 0.00737373 0.00592747 
116.00000000 0.61345321 0.30077979 0.04572650 0.01124394 0.01533116 0.00747426 0.00599114 
117.00000000 0.61422025 0.29935068 0.04598050 0.01143252 0.01538684 0.00757417 0.00605504 
118.00000000 0.61492698 0.29798008 0.04623266 0.01162419 0.01544359 0.00767334 0.00611916 
119.00000000 0.61557273 0.29666862 0.04648312 0.01181881 0.01550157 0.00777165 0.00618350 
120.00000000 0.61615698 0.29541675 0.04673201 0.01201627 0.01556095 0.00786897 0.00624807 
121.00000000 0.61667940 0.29422479 0.04697945 0.01221643 0.01562187 0.00796519 0.00631287 
122.00000000 0.61713982 0.29309287 0.04722556 0.01241915 0.01568449 0.00806021 0.00637790 
123.00000000 0.61753820 0.29202101 0.04747046 0.01262430 0.01574894 0.00815393 0.00644316 
124.00000000 0.61787468 0.29100905 0.04771426 0.01283173 0.01581536 0.00824626 0.00650867 
125.00000000 0.61814954 0.29005671 0.04795707 0.01304130 0.01588386 0.00833711 0.00657441 
126.00000000 0.61836318 0.28916358 0.04819899 0.01325288 0.01595456 0.00842640 0.00664041 
127.00000000 0.61851615 0.28832913 0.04844013 0.01346631 0.01602755 0.00851405 0.00670667 
128.00000000 0.61860912 0.28755270 0.04868059 0.01368146 0.01610293 0.00860001 0.00677319 
129.00000000 0.61864287 0.28683352 0.04892046 0.01389818 0.01618079 0.00868421 0.00683997 
130.00000000 0.61861831 0.28617070 0.04915982 0.01411634 0.01626119 0.00876660 0.00690704 
131.00000000 0.61853643 0.28556329 0.04939876 0.01433579 0.01634420 0.00884714 0.00697438 
132.00000000 0.61839834 0.28501021 0.04963738 0.01455641 0.01642987 0.00892577 0.00704202 
133.00000000 0.61820524 0.28451029 0.04987574 0.01477806 0.01651824 0.00900249 0.00710995 
134.00000000 0.61795840 0.28406230 0.05011391 0.01500061 0.01660935 0.00907725 0.00717818 
135.00000000 0.61765918 0.28366493 0.05035198 0.01522393 0.01670322 0.00915004 0.00724672 
136.00000000 0.61730902 0.28331678 0.05059001 0.01544791 0.01679986 0.00922084 0.00731557 
137.00000000 0.61690942 0.28301642 0.05082806 0.01567243 0.01689928 0.00928966 0.00738473 
138.00000000 0.61646194 0.28276233 0.05106620 0.01589738 0.01700147 0.00935648 0.00745421 
139.00000000 0.61596819 0.28255296 0.05130447 0.01612264 0.01710641 0.00942132 0.00752401 
140.00000000 0.61542985 0.28238669 0.05154294 0.01634811 0.01721409 0.00948418 0.00759414 
141.00000000 0.61484861 0.28226190 0.05178165 0.01657370 0.01732446 0.00954509 0.00766459 
142.00000000 0.61422622 0.28217689 0.05202065 0.01679931 0.01743750 0.00960406 0.00773537 
143.00000000 0.61356446 0.28212995 0.05225998 0.01702485 0.01755315 0.00966112 0.00780648 
144.00000000 0.61286514 0.28211936 0.05249968 0.01725024 0.01767135 0.00971630 0.00787792 
145.00000000 0.61213006 0.28214336 0.05273979 0.01747540 0.01779206 0.00976964 0.00794969 
146.00000000 0.61136108 0.28220018 0.05298034 0.01770026 0.01791518 0.00982118 0.00802178 
147.00000000 0.61056004 0.28228804 0.05322136 0.01792475 0.01804066 0.00987097 0.00809419 
148.00000000 0.60972880 0.28240516 0.05346287 0.01814880 0.01816840 0.00991904 0.00816693 
149.00000000 0.60886921 0.28254975 0.05370490 0.01837236 0.01829833 0.00996546 0.00823998 
150.00000000 0.60798313 0.28272005 0.05394747 0.01859536 0.01843035 0.01001028 0.00831335 
151.00000000 0.60707242 0.28291426 0.05419059 0.01881777 0.01856437 0.01005356 0.00838704 
152.00000000 0.60613889 0.28313064 0.05443428 0.01903954 0.01870028 0.01009535 0.00846102 
153.00000000 0.60518437 0.28336743 0.05467855 0.01926062 0.01883799 0.01013572 0.00853531 
154.00000000 0.60421067 0.28362291 0.05492341 0.01948098 0.01897738 0.01017474 0.00860990 
155.00000000 0.60321957 0.28389538 0.05516887 0.01970058 0.01911835 0.01021247 0.00868478 
156.00000000 0.60221281 0.28418316 0.05541492 0.01991941 0.01926078 0.01024898 0.00875994 
157.00000000 0.60119212 0.28448459 0.05566157 0.02013742 0.01940457 0.01028434 0.00883539 
158.00000000 0.60015919 0.28479806 0.05590882 0.02035460 0.01954960 0.01031862 0.00891110 
159.00000000 0.59911569 0.28512198 0.05615667 0.02057094 0.01969575 0.01035189 0.00898708 
160.00000000 0.59806322 0.28545480 0.05640510 0.02078641 0.01984291 0.01038423 0.00906333 
161.00000000 0.59700338 0.28579502 0.05665411 0.02100100 0.01999096 0.01041570 0.00913982 
162.00000000 0.59593770 0.28614116 0.05690369 0.02121471 0.02013979 0.01044639 0.00921657 
163.00000000 0.59486768 0.28649179 0.05715383 0.02142752 0.02028928 0.01047635 0.00929355 
164.00000000 0.59379476 0.28684554 0.05740452 0.02163943 0.02043931 0.01050567 0.00937077 
165.00000000 0.59272036 0.28720106 0.05765573 0.02185044 0.02058978 0.01053441 0.00944821 
166.00000000 0.59164582 0.28755707 0.05790746 0.02206055 0.02074057 0.01056265 0.00952588 
167.00000000 0.59057245 0.28791233 0.05815968 0.02226975 0.02089158 0.01059045 0.00960377 
168.00000000 0.58950150 0.28826563 0.05841237 0.02247806 0.02104269 0.01061788 0.00968186 
169.00000000 0.58843417 0.28861586 0.05866552 0.02268547 0.02119380 0.01064502 0.00976016 
170.00000000 0.58737162 0.28896190 0.05891910 0.02289199 0.02134482 0.01067192 0.00983865 
171.00000000 0.58631493 0.28930272 0.05917310 0.02309763 0.02149563 0.01069865 0.00991734 
172.00000000 0.58526514 0.28963735 0.05942747 0.02330240 0.02164615 0.01072527 0.00999622 
173.00000000 0.58422325 0.28996484 0.05968221 0.02350631 0.02179627 0.01075184 0.01007528 
174.00000000 0.58319018 0.29028431 0.05993729 0.02370935 0.02194592 0.01077843 0.01015452 
175.00000000 0.58216682 0.29059493 0.06019267 0.02391156 0.02209500 0.01080508 0.01023394 
176.00000000 0.58115397 0.29089594 0.06044835 0.02411294 0.02224343 0.01083185 0.01031352 
177.00000000 0.58015242 0.29118659 0.06070428 0.02431350 0.02239114 0.01085880 0.01039328 
178.00000000 0.57916287 0.29146624 0.06096044 0.02451325 0.02253804 0.01088596 0.01047319 
179.00000000 0.57818599 0.29173424 0.06121681 0.02471222 0.02268407 0.01091340 0.01055327 
180.00000000 0.57722238 0.29199004 0.06147336 0.02491040 0.02282915 0.01094115 0.01063351 
181.00000000 0.57627260 0.29223311 0.06173005 0.02510782 0.02297324 0.01096926 0.01071391 
182.00000000 0.57533715 0.29246299 0.06198688 0.02530450 0.02311625 0.01099777 0.01079445 
183.00000000 0.57441648 0.29267926 0.06224380 0.02550044 0.02325815 0.01102671 0.01087515 
184.00000000 0.57351100 0.29288154 0.06250079 0.02569567 0.02339888 0.01105611 0.01095600 
185.00000000 0.57262105 0.29306951 0.06275783 0.02589019 0.02353840 0.01108602 0.01103700 
186.00000000 0.57174695 0.29324289 0.06301489 0.02608403 0.02367665 0.01111645 0.01111815 
187.00000000 0.57088894 0.29340144 0.06327194 0.02627720 0.02381360 0.01114744 0.01119944 
188.00000000 0.57004725 0.29354497 0.06352897 0.02646971 0.02394921 0.01117902 0.01128087 
189.00000000 0.56922204 0.29367333 0.06378594 0.02666158 0.02408346 0.01121119 0.01136245 
190.00000000 0.56841344 0.29378641 0.06404283 0.02685283 0.02421631 0.01124399 0.01144418 
191.00000000 0.56762154 0.29388415 0.06429962 0.02704347 0.02434775 0.01127742 0.01152605 
192.00000000 0.56684636 0.29396651 0.06455630 0.02723352 0.02447774 0.01131152 0.01160806 
193.00000000 0.56608793 0.29403349 0.06481282 0.02742300 0.02460627 0.01134627 0.01169021 
194.00000000 0.56534621 0.29408515 0.06506919 0.02761191 0.02473334 0.01138171 0.01177250 
195.00000000 0.56462112 0.29412154 0.06532537 0.02780028 0.02485892 0.01141782 0.01185494 
196.00000000 0.56391258 0.29414279 0.06558135 0.02798811 0.02498302 0.01145463 0.01193752 
197.00000000 0.56322044 0.29414903 0.06583711 0.02817544 0.02510562 0.01149213 0.01202024 
198.00000000 0.56254454 0.29414041 0.06609263 0.02836226 0.02522673 0.01153033 0.01210310 
199.00000000 0.56188468 0.29411715 0.06634790 0.02854860 0.02534635 0.01156922 0.01218610 
200.00000000 0.56124065 0.29407946 0.06660290 0.02873447 0.02546448 0.01160881 0.01226924 
201.00000000 0.56061219 0.29402758 0.06685761 0.02891989 0.02558113 0.01164908 0.01235252 
202.00000000 0.55999903 0.29396178 0.06711203 0.02910487 0.02569631 0.01169003 0.01243594 
203.00000000 0.55940087 0.29388236 0.06736615 0.02928942 0.02581003 0.01173167 0.01251950 
204.00000000 0.55881740 0.29378962 0.06761994 0.02947356 0.02592231 0.01177396 0.01260320 
205.00000000 0.55824828 0.29368389 0.06787340 0.02965730 0.02603316 0.01181692 0.01268704 
206.00000000 0.55769316 0.29356552 0.06812653 0.02984066 0.02614260 0.01186051 0.01277102 
207.00000000 0.55715165 0.29343487 0.06837930 0.03002366 0.02625065 0.01190474 0.01285513 
208.00000000 0.55662338 0.29329230 0.06863172 0.03020629 0.02635734 0.01194959 0.01293938 
209.00000000 0.55610794 0.29313822 0.06888378 0.03038859 0.02646268 0.01199503 0.01302376 
210.00000000 0.55560492 0.29297301 0.06913547 0.03057055 0.02656670 0.01204107 0.01310828 
211.00000000 0.55511390 0.29279709 0.06938679 0.03075220 0.02666944 0.01208766 0.01319293 
212.00000000 0.55463443 0.29261088 0.06963773 0.03093354 0.02677091 0.01213481 0.01327771 
213.00000000 0.55416609 0.29241479 0.06988829 0.03111459 0.02687115 0.01218248 0.01336262 
214.00000000 0.55370842 0.29220926 0.07013846 0.03129536 0.02697018 0.01223067 0.01344765 
215.00000000 0.55326097 0.29199472 0.07038826 0.03147586 0.02706804 0.01227934 0.01353282 
216.00000000 0.55282327 0.29177161 0.07063766 0.03165610 0.02716477 0.01232848 0.01361810 
217.00000000 0.55239488 0.29154038 0.07088668 0.03183610 0.02726038 0.01237806 0.01370351 
218.00000000 0.55197533 0.29130146 0.07113532 0.03201586 0.02735492 0.01242806 0.01378904 
219.00000000 0.55156416 0.29105529 0.07138358 0.03219540 0.02744842 0.01247847 0.01387469 
220.00000000 0.55116090 0.29080232 0.07163145 0.03237472 0.02754092 0.01252925 0.01396045 
221.00000000 0.55076509 0.29054299 0.07187894 0.03255383 0.02763245 0.01258038 0.01404632 
222.00000000 0.55037629 0.29027772 0.07212606 0.03273275 0.02772304 0.01263184 0.01413231 
223.00000000 0.54999402 0.29000697 0.07237280 0.03291148 0.02781273 0.01268361 0.01421840 
224.00000000 0.54961785 0.28973114 0.07261917 0.03309003 0.02790156 0.01273565 0.01430460 
225.00000000 0.54924733 0.28945067 0.07286519 0.03326840 0.02798956 0.01278796 0.01439090 
226.00000000 0.54888201 0.28916597 0.07311084 0.03344662 0.02807676 0.01284050 0.01447729 
227.00000000 0.54852148 0.28887746 0.07335614 0.03362468 0.02816321 0.01289325 0.01456379 
228.00000000 0.54816531 0.28858552 0.07360109 0.03380259 0.02824894 0.01294618 0.01465037 
229.00000000 0.54781308 0.28829056 0.07384570 0.03398035 0.02833397 0.01299928 0.01473705 
230.00000000 0.54746439 0.28799297 0.07408997 0.03415798 0.02841836 0.01305252 0.01482381 
231.00000000 0.54711884 0.28769311 0.07433392 0.03433548 0.02850212 0.01310587 0.01491065 
232.00000000 0.54677605 0.28739135 0.07457754 0.03451286 0.02858530 0.01315932 0.01499758 
233.00000000 0.54643563 0.28708805 0.07482085 0.03469011 0.02866793 0.01321284 0.01508458 
234.00000000 0.54609723 0.28678355 0.07506386 0.03486725 0.02875004 0.01326641 0.01517166 
235.00000000 0.54576050 0.28647819 0.07530656 0.03504428 0.02883167 0.01332000 0.01525881 
236.00000000 0.54542509 0.28617229 0.07554897 0.03522119 0.02891283 0.01337361 0.01534602 
237.00000000 0.54509067 0.28586615 0.07579110 0.03539801 0.02899358 0.01342720 0.01543330 
238.00000000 0.54475693 0.28556008 0.07603295 0.03557472 0.02907393 0.01348075 0.01552064 
239.00000000 0.54442357 0.28525436 0.07627454 0.03575134 0.02915391 0.01353425 0.01560803 
240.00000000 0.54409029 0.28494926 0.07651586 0.03592786 0.02923356 0.01358768 0.01569548 
241.00000000 0.54375682 0.28464505 0.07675694 0.03610428 0.02931291 0.01364101 0.01578299 
242.00000000 0.54342290 0.28434198 0.07699776 0.03628061 0.02939197 0.01369424 0.01587054 
243.00000000 0.54308826 0.28404027 0.07723836 0.03645686 0.02947078 0.01374734 0.01595813 
244.00000000 0.54275269 0.28374016 0.07747872 0.03663301 0.02954935 0.01380030 0.01604577 
245.00000000 0.54241594 0.28344186 0.07771886 0.03680907 0.02962773 0.01385309 0.01613345 
246.00000000 0.54207782 0.28314555 0.07795879 0.03698504 0.02970592 0.01390571 0.01622116 
247.00000000 0.54173812 0.28285142 0.07819851 0.03716093 0.02978396 0.01395814 0.01630891 
248.00000000 0.54139666 0.28255966 0.07843804 0.03733672 0.02986186 0.01401037 0.01639669 
249.00000000 0.54105328 0.28227041 0.07867737 0.03751242 0.02993964 0.01406238 0.01648450 
250.00000000 0.54070780 0.28198382 0.07891652 0.03768804 0.03001733 0.01411416 0.01657233 
251.00000000 0.54036010 0.28170003 0.07915549 0.03786356 0.03009494 0.01416570 0.01666019 
252.00000000 0.54001002 0.28141916 0.07939429 0.03803899 0.03017249 0.01421698 0.01674806 
253.00000000 0.53965747 0.28114132 0.07963293 0.03821433 0.03025000 0.01426800 0.01683596 
254.00000000 0.53930232 0.28086661 0.07987141 0.03838957 0.03032748 0.01431874 0.01692387 
255.00000000 0.53894449 0.28059511 0.08010974 0.03856471 0.03040496 0.01436920 0.01701179 
256.00000000 0.53858389 0.28032691 0.08034792 0.03873975 0.03048243 0.01441937 0.01709973 
257.00000000 0.53822044 0.28006207 0.08058596 0.03891469 0.03055992 0.01446924 0.01718767 
258.00000000 0.53785410 0.27980064 0.08082386 0.03908953 0.03063744 0.01451880 0.01727563 
259.00000000 0.53748480 0.27954267 0.08106163 0.03926426 0.03071500 0.01456804 0.01736359 
260.00000000 0.53711251 0.27928820 0.08129928 0.03943888 0.03079261 0.01461697 0.01745155 
261.00000000 0.53673720 0.27903724 0.08153681 0.03961339 0.03087028 0.01466556 0.01753951 
262.00000000 0.53635885 0.27878981 0.08177422 0.03978778 0.03094802 0.01471383 0.01762748 
263.00000000 0.53597746 0.27854592 0.08201152 0.03996206 0.03102583 0.01476177 0.01771544 
264.00000000 0.53559301 0.27830557 0.08224871 0.04013621 0.03110373 0.01480936 0.01780341 
265.00000000 0.53520553 0.27806874 0.08248580 0.04031025 0.03118171 0.01485662 0.01789136 
266.00000000 0.53481503 0.27783542 0.08272278 0.04048415 0.03125978 0.01490353 0.01797931 
267.00000000 0.53442152 0.27760557 0.08295966 0.04065792 0.03133796 0.01495010 0.01806726 
268.00000000 0.53402505 0.27737918 0.08319645 0.04083156 0.03141623 0.01499633 0.01815520 
269.00000000 0.53362566 0.27715619 0.08343314 0.04100507 0.03149461 0.01504221 0.01824312 
270.00000000 0.53322339 0.27693656 0.08366975 0.04117843 0.03157310 0.01508774 0.01833104 
271.00000000 0.53281830 0.27672023 0.08390626 0.04135165 0.03165169 0.01513292 0.01841895 
272.00000000 0.53241044 0.27650715 0.08414269 0.04152473 0.03173039 0.01517777 0.01850684 
273.00000000 0.53199988 0.27629725 0.08437902 0.04169765 0.03180920 0.01522227 0.01859472 
274.00000000 0.53158670 0.27609047 0.08461528 0.04187042 0.03188811 0.01526643 0.01868259 
275.00000000 0.53117096 0.27588672 0.08485145 0.04204304 0.03196713 0.01531025 0.01877044 
276.00000000 0.53075276 0.27568594 0.08508754 0.04221550 0.03204626 0.01535374 0.01885827 
277.00000000 0.53033216 0.27548803 0.08532354 0.04238779 0.03212548 0.01539689 0.01894609 
278.00000000 0.52990927 0.27529291 0.08555947 0.04255993 0.03220481 0.01543972 0.01903389 
279.00000000 0.52948417 0.27510050 0.08579531 0.04273189 0.03228423 0.01548223 0.01912168 
280.00000000 0.52905695 0.27491070 0.08603107 0.04290368 0.03236374 0.01552441 0.01920944 
281.00000000 0.52862773 0.27472341 0.08626675 0.04307530 0.03244334 0.01556628 0.01929719 
282.00000000 0.52819659 0.27453854 0.08650235 0.04324675 0.03252302 0.01560784 0.01938491 
283.00000000 0.52776363 0.27435600 0.08673786 0.04341801 0.03260278 0.01564910 0.01947262 
284.00000000 0.52732897 0.27417567 0.08697329 0.04358910 0.03268260 0.01569006 0.01956030 
285.00000000 0.52689270 0.27399747 0.08720864 0.04376000 0.03276250 0.01573073 0.01964796 
286.00000000 0.52645494 0.27382128 0.08744390 0.04393072 0.03284245 0.01577111 0.01973561 
287.00000000 0.52601579 0.27364700 0.08767908 0.04410125 0.03292245 0.01581121 0.01982322 
288.00000000 0.52557536 0.27347453 0.08791416 0.04427158 0.03300250 0.01585104 0.01991082 
289.00000000 0.52513376 0.27330377 0.08814916 0.04444173 0.03308258 0.01589061 0.01999839 
290.00000000 0.52469108 0.27313460 0.08838407 0.04461169 0.03316270 0.01592991 0.02008594 
291.00000000 0.52424746 0.27296694 0.08861888 0.04478145 0.03324284 0.01596897 0.02017347 
292.00000000 0.52380298 0.27280067 0.08885361 0.04495101 0.03332300 0.01600778 0.02026097 
293.00000000 0.52335775 0.27263569 0.08908823 0.04512037 0.03340316 0.01604635 0.02034844 
294.00000000 0.52291189 0.27247191 0.08932276 0.04528954 0.03348332 0.01608469 0.02043590 
295.00000000 0.52246549 0.27230922 0.08955719 0.04545850 0.03356348 0.01612281 0.02052332 
296.00000000 0.52201866 0.27214751 0.08979151 0.04562726 0.03364362 0.01616071 0.02061072 
297.00000000 0.52157150 0.27198671 0.09002573 0.04579582 0.03372373 0.01619841 0.02069810 
298.00000000 0.52112411 0.27182671 0.09025985 0.04596418 0.03380381 0.01623591 0.02078544 
299.00000000 0.52067658 0.27166741 0.09049385 0.04613233 0.03388385 0.01627321 0.02087276 
300.00000000 0.52022902 0.27150873 0.09072775 0.04630027 0.03396384 0.01631033 0.02096006 
301.00000000 0.51978150 0.27135058 0.09096153 0.04646801 0.03404378 0.01634728 0.02104732 
302.00000000 0.51933414 0.27119287 0.09119519 0.04663555 0.03412365 0.01638405 0.02113456 
303.00000000 0.51888700 0.27103551 0.09142874 0.04680287 0.03420345 0.01642066 0.02122177 
304.00000000 0.51844018 0.27087843 0.09166216 0.04696999 0.03428316 0.01645712 0.02130895 
305.00000000 0.51799376 0.27072155 0.09189546 0.04713691 0.03436279 0.01649343 0.02139610 
306.00000000 0.51754782 0.27056478 0.09212864 0.04730361 0.03444232 0.01652960 0.02148323 
307.00000000 0.51710244 0.27040806 0.09236168 0.04747011 0.03452175 0.01656564 0.02157032 
308.00000000 0.51665768 0.27025131 0.09259460 0.04763641 0.03460107 0.01660155 0.02165738 
309.00000000 0.51621363 0.27009448 0.09282738 0.04780250 0.03468026 0.01663734 0.02174441 
310.00000000 0.51577035 0.26993748 0.09306003 0.04796838 0.03475934 0.01667301 0.02183141 
311.00000000 0.51532790 0.26978027 0.09329253 0.04813405 0.03483828 0.01670858 0.02191838 
312.00000000 0.51488635 0.26962278 0.09352490 0.04829952 0.03491708 0.01674405 0.02200532 
313.00000000 0.51444574 0.26946495 0.09375712 0.04846479 0.03499573 0.01677943 0.02209223 
314.00000000 0.51400615 0.26930674 0.09398920 0.04862985 0.03507423 0.01681472 0.02217910 
315.00000000 0.51356761 0.26914810 0.09422113 0.04879472 0.03515258 0.01684993 0.02226594 
316.00000000 0.51313019 0.26898897 0.09445290 0.04895937 0.03523076 0.01688506 0.02235275 
317.00000000 0.51269391 0.26882932 0.09468453 0.04912383 0.03530877 0.01692012 0.02243952 
318.00000000 0.51225883 0.26866911 0.09491600 0.04928809 0.03538661 0.01695511 0.02252626 
319.00000000 0.51182499 0.26850829 0.09514731 0.04945215 0.03546427 0.01699004 0.02261296 
320.00000000 0.51139241 0.26834684 0.09537846 0.04961601 0.03554174 0.01702492 0.02269963 
321.00000000 0.51096113 0.26818472 0.09560945 0.04977967 0.03561903 0.01705974 0.02278626 
322.00000000 0.51053119 0.26802190 0.09584027 0.04994314 0.03569612 0.01709452 0.02287286 
323.00000000 0.51010261 0.26785837 0.09607093 0.05010642 0.03577301 0.01712925 0.02295942 
324.00000000 0.50967540 0.26769409 0.09630142 0.05026950 0.03584971 0.01716395 0.02304594 
325.00000000 0.50924960 0.26752905 0.09653175 0.05043239 0.03592619 0.01719860 0.02313243 
326.00000000 0.50882521 0.26736323 0.09676190 0.05059508 0.03600247 0.01723323 0.02321887 
327.00000000 0.50840227 0.26719661 0.09699187 0.05075759 0.03607854 0.01726783 0.02330528 
328.00000000 0.50798076 0.26702920 0.09722167 0.05091992 0.03615440 0.01730240 0.02339165 
329.00000000 0.50756072 0.26686096 0.09745130 0.05108205 0.03623004 0.01733695 0.02347798 
330.00000000 0.50714213 0.26669191 0.09768074 0.05124400 0.03630546 0.01737148 0.02356427 
331.00000000 0.50672502 0.26652203 0.09791001 0.05140577 0.03638066 0.01740599 0.02365052 
332.00000000 0.50630937 0.26635132 0.09813910 0.05156735 0.03645564 0.01744049 0.02373673 
333.00000000 0.50589519 0.26617979 0.09836800 0.05172876 0.03653040 0.01747497 0.02382290 
334.00000000 0.50548248 0.26600743 0.09859672 0.05188998 0.03660493 0.01750944 0.02390902 
335.00000000 0.50507123 0.26583426 0.09882525 0.05205103 0.03667923 0.01754390 0.02399510 
336.00000000 0.50466143 0.26566026 0.09905360 0.05221190 0.03675331 0.01757835 0.02408114 
337.00000000 0.50425308 0.26548546 0.09928176 0.05237260 0.03682716 0.01761279 0.02416714 
338.00000000 0.50384617 0.26530987 0.09950973 0.05253313 0.03690078 0.01764723 0.02425309 
339.00000000 0.50344067 0.26513349 0.09973751 0.05269348 0.03697418 0.01768166 0.02433900 
340.00000000 0.50303659 0.26495634 0.09996511 0.05285366 0.03704735 0.01771608 0.02442486 
341.00000000 0.50263390 0.26477844 0.10019251 0.05301368 0.03712029 0.01775050 0.02451068 
342.00000000 0.50223259 0.26459979 0.10041972 0.05317352 0.03719301 0.01778492 0.02459645 
343.00000000 0.50183264 0.26442042 0.10064674 0.05333320 0.03726550 0.01781933 0.02468217 
344.00000000 0.50143402 0.26424035 0.10087356 0.05349272 0.03733777 0.01785373 0.02476785 
345.00000000 0.50103672 0.26405959 0.10110019 0.05365207 0.03740981 0.01788813 0.02485348 
346.00000000 0.50064072 0.26387817 0.10132663 0.05381127 0.03748163 0.01792253 0.02493906 
347.00000000 0.50024598 0.26369611 0.10155287 0.05397030 0.03755323 0.01795691 0.02502460 
348.00000000 0.49985250 0.26351342 0.10177892 0.05412917 0.03762461 0.01799129 0.02511008 
349.00000000 0.49946024 0.26333015 0.10200477 0.05428788 0.03769577 0.01802567 0.02519552 
350.00000000 0.49906917 0.26314630 0.10223043 0.05444644 0.03776672 0.01806003 0.02528090 
351.00000000 0.49867928 0.26296190 0.10245589 0.05460484 0.03783745 0.01809439 0.02536624 
352.00000000 0.49829052 0.26277699 0.10268116 0.05476309 0.03790797 0.01812874 0.02545152 
353.00000000 0.49790289 0.26259157 0.10290623 0.05492119 0.03797829 0.01816307 0.02553676 
354.00000000 0.49751634 0.26240569 0.10313111 0.05507913 0.03804839 0.01819739 0.02562194 
355.00000000 0.49713086 0.26221937 0.10335579 0.05523692 0.03811829 0.01823170 0.02570707 
356.00000000 0.49674640 0.26203263 0.10358027 0.05539457 0.03818799 0.01826599 0.02579215 
357.00000000 0.49636295 0.26184550 0.10380456 0.05555206 0.03825749 0.01830027 0.02587717 
358.00000000 0.49598048 0.26165800 0.10402865 0.05570941 0.03832679 0.01833452 0.02596214 
359.00000000 0.49559895 0.26147018 0.10425255 0.05586661 0.03839590 0.01836875 0.02604706 
360.00000000 0.49521834 0.26128204 0.10447626 0.05602367 0.03846481 0.01840297 0.02613193 
361.00000000 0.49483861 0.26109362 0.10469977 0.05618058 0.03853354 0.01843715 0.02621673 
362.00000000 0.49445974 0.26090495 0.10492308 0.05633734 0.03860208 0.01847131 0.02630149 
363.00000000 0.49408171 0.26071605 0.10514620 0.05649397 0.03867044 0.01850545 0.02638619 
364.00000000 0.49370448 0.26052695 0.10536913 0.05665045 0.03873862 0.01853955 0.02647083 
365.00000000 0.49332803 0.26033767 0.10559186 0.05680679 0.03880662 0.01857362 0.02655541 
366.00000000 0.49295232 0.26014824 0.10581440 0.05696299 0.03887445 0.01860766 0.02663994 
367.00000000 0.49257733 0.25995869 0.10603675 0.05711905 0.03894210 0.01864166 0.02672442 
368.00000000 0.49220304 0.25976903 0.10625891 0.05727497 0.03900959 0.01867563 0.02680883 
369.00000000 0.49182942 0.25957930 0.10648087 0.05743075 0.03907692 0.01870955 0.02689319 
370.00000000 0.49145644 0.25938952 0.10670264 0.05758639 0.03914408 0.01874344 0.02697749 
371.00000000 0.49108407 0.25919971 0.10692423 0.05774190 0.03921108 0.01877728 0.02706173 
372.00000000 0.49071231 0.25900990 0.10714562 0.05789727 0.03927793 0.01881107 0.02714591 
373.00000000 0.49034111 0.25882009 0.10736683 0.05805250 0.03934462 0.01884482 0.02723003 
374.00000000 0.48997045 0.25863033 0.10758784 0.05820760 0.03941116 0.01887852 0.02731410 
375.00000000 0.48960033 0.25844062 0.10780867 0.05836256 0.03947756 0.01891216 0.02739810 
376.00000000 0.48923070 0.25825100 0.10802931 0.05851738 0.03954381 0.01894575 0.02748204 
377.00000000 0.48886156 0.25806147 0.10824976 0.05867207 0.03960992 0.01897929 0.02756592 
378.00000000 0.48849287 0.25787205 0.10847003 0.05882663 0.03967589 0.01901277 0.02764975 
379.00000000 0.48812463 0.25768277 0.10869011 0.05898105 0.03974173 0.01904620 0.02773351 
380.00000000 0.48775681 0.25749364 0.10891001 0.05913534 0.03980743 0.01907956 0.02781721 
381.00000000 0.48738940 0.25730468 0.10912972 0.05928949 0.03987300 0.01911286 0.02790084 
382.00000000 0.48702238 0.25711590 0.10934925 0.05944351 0.03993844 0.01914610 0.02798442 
383.00000000 0.48665573 0.25692732 0.10956859 0.05959740 0.04000376 0.01917927 0.02806793 
384.00000000 0.48628943 0.25673896 0.10978775 0.05975116 0.04006895 0.01921237 0.02815138 
385.00000000 0.48592348 0.25655081 0.11000673 0.05990478 0.04013402 0.01924541 0.02823477 
386.00000000 0.48555785 0.25636291 0.11022553 0.06005826 0.04019897 0.01927838 0.02831810 
387.00000000 0.48519254 0.25617526 0.11044415 0.06021162 0.04026380 0.01931128 0.02840136 
388.00000000 0.48482753 0.25598786 0.11066259 0.06036484 0.04032852 0.01934410 0.02848455 
389.00000000 0.48446281 0.25580074 0.11088085 0.06051793 0.04039313 0.01937685 0.02856769 
390.00000000 0.48409837 0.25561390 0.11109892 0.06067089 0.04045763 0.01940953 0.02865076 
391.00000000 0.48373421 0.25542735 0.11131682 0.06082372 0.04052201 0.01944213 0.02873376 
392.00000000 0.48337030 0.25524109 0.11153455 0.06097641 0.04058630 0.01947465 0.02881670 
393.00000000 0.48300665 0.25505515 0.11175209 0.06112897 0.04065047 0.01950710 0.02889958 
394.00000000 0.48264324 0.25486951 0.11196946 0.06128140 0.04071454 0.01953946 0.02898239 
395.00000000 0.48228007 0.25468419 0.11218665 0.06143369 0.04077851 0.01957175 0.02906513 
396.00000000 0.48191713 0.25449919 0.11240367 0.06158585 0.04084238 0.01960396 0.02914781 
397.00000000 0.48155442 0.25431452 0.11262051 0.06173788 0.04090615 0.01963609 0.02923043 
398.00000000 0.48119193 0.25413019 0.11283718 0.06188978 0.04096982 0.01966813 0.02931298 
399.00000000 0.48082966 0.25394618 0.11305367 0.06204154 0.04103340 0.01970009 0.02939546 
400.00000000 0.48046760 0.25376252 0.11326999 0.06219317 0.04109688 0.01973197 0.02947787 
401.00000000 0.48010576 0.25357919 0.11348613 0.06234467 0.04116027 0.01976376 0.02956022 
402.00000000 0.47974412 0.25339620 0.11370210 0.06249603 0.04122356 0.01979547 0.02964251 
403.00000000 0.47938269 0.25321356 0.11391790 0.06264726 0.04128677 0.01982710 0.02972472 
404.00000000 0.47902147 0.25303126 0.11413353 0.06279835 0.04134988 0.01985864 0.02980687 
405.00000000 0.47866045 0.25284930 0.11434898 0.06294932 0.04141290 0.01989010 0.02988895 
406.00000000 0.47829964 0.25266768 0.11456427 0.06310014 0.04147583 0.01992147 0.02997097 
407.00000000 0.47793903 0.25248640 0.11477938 0.06325084 0.04153868 0.01995276 0.03005291 
408.00000000 0.47757863 0.25230546 0.11499432 0.06340139 0.04160144 0.01998396 0.03013479 
409.00000000 0.47721844 0.25212486 0.11520909 0.06355182 0.04166410 0.02001508 0.03021661 
410.00000000 0.47685846 0.25194459 0.11542370 0.06370211 0.04172669 0.02004611 0.03029835 
411.00000000 0.47649869 0.25176465 0.11563813 0.06385226 0.04178918 0.02007706 0.03038003 
412.00000000 0.47613914 0.25158505 0.11585239 0.06400228 0.04185160 0.02010792 0.03046163 
413.00000000 0.47577980 0.25140576 0.11606648 0.06415216 0.04191392 0.02013869 0.03054317 
414.00000000 0.47542069 0.25122680 0.11628041 0.06430191 0.04197616 0.02016939 0.03062464 
415.00000000 0.47506180 0.25104816 0.11649416 0.06445152 0.04203832 0.02019999 0.03070605 
416.00000000 0.47470314 0.25086983 0.11670775 0.06460099 0.04210039 0.02023052 0.03078738 
417.00000000 0.47434471 0.25069181 0.11692117 0.06475033 0.04216238 0.02026096 0.03086865 
418.00000000 0.47398652 0.25051409 0.11713442 0.06489953 0.04222428 0.02029131 0.03094984 
419.00000000 0.47362857 0.25033667 0.11734750 0.06504860 0.04228610 0.02032159 0.03103097 
420.00000000 0.47327087 0.25015955 0.11756042 0.06519752 0.04234784 0.02035178 0.03111203 
421.00000000 0.47291342 0.24998271 0.11777316 0.06534631 0.04240949 0.02038189 0.03119302 
422.00000000 0.47255622 0.24980616 0.11798574 0.06549497 0.04247105 0.02041192 0.03127394 
423.00000000 0.47219929 0.24962988 0.11819816 0.06564348 0.04253254 0.02044187 0.03135479 
424.00000000 0.47184263 0.24945387 0.11841040 0.06579186 0.04259394 0.02047173 0.03143557 
425.00000000 0.47148623 0.24927813 0.11862248 0.06594010 0.04265525 0.02050152 0.03151628 
426.00000000 0.47113012 0.24910265 0.11883439 0.06608820 0.04271648 0.02053123 0.03159692 
427.00000000 0.47077429 0.24892743 0.11904614 0.06623616 0.04277763 0.02056086 0.03167750 
428.00000000 0.47041875 0.24875245 0.11925771 0.06638399 0.04283869 0.02059041 0.03175800 
429.00000000 0.47006351 0.24857771 0.11946912 0.06653167 0.04289966 0.02061989 0.03183843 
430.00000000 0.46970856 0.24840321 0.11968037 0.06667922 0.04296055 0.02064929 0.03191879 
431.00000000 0.46935393 0.24822894 0.11989145 0.06682663 0.04302136 0.02067862 0.03199909 
432.00000000 0.46899961 0.24805489 0.12010236 0.06697389 0.04308208 0.02070787 0.03207931 
433.00000000 0.46864560 0.24788106 0.12031310 0.06712102 0.04314271 0.02073704 0.03215946 
434.00000000 0.46829192 0.24770744 0.12052368 0.06726801 0.04320326 0.02076615 0.03223954 
435.00000000 0.46793857 0.24753403 0.12073409 0.06741486 0.04326372 0.02079518 0.03231955 
436.00000000 0.46758555 0.24736082 0.12094433 0.06756157 0.04332409 0.02082414 0.03239950 
437.00000000 0.46723287 0.24718780 0.12115441 0.06770814 0.04338438 0.02085303 0.03247937 
438.00000000 0.46688054 0.24701498 0.12136432 0.06785457 0.04344458 0.02088184 0.03255917 
439.00000000 0.46652856 0.24684233 0.12157407 0.06800086 0.04350469 0.02091059 0.03263890 
