0.00000000 0.00225937 0.01191697 0.76937613 0.00190601 0.00102365 0.20810004 0.00541781 
1.00000000 0.00225938 0.01191697 0.76937612 0.00190601 0.00102365 0.20810006 0.00541781 
2.00000000 0.00225938 0.01191697 0.76937581 0.00190602 0.00102366 0.20810032 0.00541783 
3.00000000 0.00225941 0.01191698 0.76937442 0.00190606 0.00102371 0.20810152 0.00541790 
4.00000000 0.00225950 0.01191702 0.76937062 0.00190617 0.00102383 0.20810478 0.00541809 
5.00000000 0.00225968 0.01191711 0.76936259 0.00190639 0.00102408 0.20811167 0.00541848 
6.00000000 0.00226000 0.01191727 0.76934796 0.00190679 0.00102454 0.20812422 0.00541920 
7.00000000 0.00226054 0.01191754 0.76932390 0.00190746 0.00102530 0.20814487 0.00542038 
8.00000000 0.00226138 0.01191795 0.76928707 0.00190847 0.00102647 0.20817648 0.00542219 
9.00000000 0.00226260 0.01191854 0.76923364 0.00190994 0.00102816 0.20822232 0.00542480 
10.00000000 0.00226431 0.01191937 0.76915936 0.00191199 0.00103050 0.20828605 0.00542842 
11.00000000 0.00226663 0.01192048 0.76905951 0.00191473 0.00103366 0.20837173 0.00543327 
12.00000000 0.00226969 0.01192193 0.76892896 0.00191830 0.00103778 0.20848375 0.00543958 
13.00000000 0.00227364 0.01192379 0.76876219 0.00192287 0.00104306 0.20862684 0.00544761 
14.00000000 0.00227865 0.01192613 0.76855333 0.00192858 0.00104966 0.20880605 0.00545762 
15.00000000 0.00228489 0.01192900 0.76829613 0.00193559 0.00105779 0.20902673 0.00546987 
16.00000000 0.00229255 0.01193250 0.76798406 0.00194408 0.00106766 0.20929448 0.00548466 
17.00000000 0.00230185 0.01193670 0.76761033 0.00195424 0.00107949 0.20961513 0.00550226 
18.00000000 0.00231301 0.01194169 0.76716787 0.00196624 0.00109350 0.20999473 0.00552296 
19.00000000 0.00232627 0.01194755 0.76664944 0.00198027 0.00110993 0.21043949 0.00554705 
20.00000000 0.00234189 0.01195437 0.76604762 0.00199653 0.00112901 0.21095576 0.00557480 
21.00000000 0.00236015 0.01196227 0.76535488 0.00201521 0.00115099 0.21154999 0.00560651 
22.00000000 0.00238132 0.01197134 0.76456359 0.00203650 0.00117613 0.21222870 0.00564242 
23.00000000 0.00240571 0.01198168 0.76366611 0.00206061 0.00120468 0.21299841 0.00568280 
24.00000000 0.00243364 0.01199342 0.76265480 0.00208772 0.00123688 0.21386565 0.00572788 
25.00000000 0.00246545 0.01200666 0.76152206 0.00211804 0.00127301 0.21483689 0.00577789 
26.00000000 0.00250146 0.01202154 0.76026041 0.00215174 0.00131333 0.21591848 0.00583304 
27.00000000 0.00254204 0.01203817 0.75886254 0.00218903 0.00135808 0.21711666 0.00589349 
28.00000000 0.00258755 0.01205670 0.75732131 0.00223007 0.00140752 0.21843745 0.00595940 
29.00000000 0.00263836 0.01207727 0.75562984 0.00227505 0.00146192 0.21988666 0.00603091 
30.00000000 0.00269486 0.01210001 0.75378155 0.00232413 0.00152151 0.22146984 0.00610810 
31.00000000 0.00275743 0.01212510 0.75177021 0.00237748 0.00158655 0.22319220 0.00619104 
32.00000000 0.00282645 0.01215268 0.74958997 0.00243525 0.00165727 0.22505862 0.00627976 
33.00000000 0.00290233 0.01218293 0.74723542 0.00249759 0.00173391 0.22707358 0.00637425 
34.00000000 0.00298544 0.01221602 0.74470163 0.00256463 0.00181669 0.22924110 0.00647449 
35.00000000 0.00307618 0.01225213 0.74198421 0.00263649 0.00190583 0.23156478 0.00658038 
36.00000000 0.00317494 0.01229145 0.73907930 0.00271330 0.00200153 0.23404767 0.00669181 
37.00000000 0.00328207 0.01233417 0.73598367 0.00279515 0.00210400 0.23669230 0.00680864 
38.00000000 0.00339795 0.01238051 0.73269469 0.00288213 0.00221341 0.23950063 0.00693067 
39.00000000 0.00352293 0.01243067 0.72921044 0.00297433 0.00232995 0.24247401 0.00705767 
40.00000000 0.00365734 0.01248487 0.72552964 0.00307181 0.00245377 0.24561319 0.00718938 
41.00000000 0.00380151 0.01254333 0.72165176 0.00317462 0.00258502 0.24891827 0.00732550 
42.00000000 0.00395572 0.01260628 0.71757701 0.00328280 0.00272383 0.25238868 0.00746568 
43.00000000 0.00412024 0.01267396 0.71330633 0.00339638 0.00287033 0.25602319 0.00760957 
44.00000000 0.00429534 0.01274660 0.70884146 0.00351537 0.00302462 0.25981986 0.00775676 
45.00000000 0.00448121 0.01282445 0.70418488 0.00363978 0.00318678 0.26377608 0.00790681 
46.00000000 0.00467806 0.01290776 0.69933988 0.00376960 0.00335690 0.26788853 0.00805928 
47.00000000 0.00488603 0.01299677 0.69431051 0.00390479 0.00353502 0.27215320 0.00821368 
48.00000000 0.00510524 0.01309174 0.68910161 0.00404531 0.00372120 0.27656539 0.00836952 
49.00000000 0.00533577 0.01319291 0.68371879 0.00419113 0.00391544 0.28111969 0.00852626 
50.00000000 0.00557767 0.01330054 0.67816841 0.00434217 0.00411776 0.28581006 0.00868338 
51.00000000 0.00583093 0.01341488 0.67245758 0.00449836 0.00432815 0.29062977 0.00884033 
52.00000000 0.00609552 0.01353618 0.66659412 0.00465961 0.00454657 0.29557144 0.00899656 
53.00000000 0.00637135 0.01366466 0.66058657 0.00482582 0.00477298 0.30062711 0.00915151 
54.00000000 0.00665830 0.01380058 0.65444412 0.00499688 0.00500732 0.30578818 0.00930461 
55.00000000 0.00695619 0.01394417 0.64817660 0.00517268 0.00524951 0.31104552 0.00945532 
56.00000000 0.00726481 0.01409564 0.64179448 0.00535308 0.00549944 0.31638945 0.00960309 
57.00000000 0.00758390 0.01425521 0.63530878 0.00553795 0.00575700 0.32180978 0.00974738 
58.00000000 0.00791316 0.01442309 0.62873104 0.00572712 0.00602206 0.32729585 0.00988767 
59.00000000 0.00825224 0.01459946 0.62207334 0.00592046 0.00629447 0.33283658 0.01002346 
60.00000000 0.00860074 0.01478452 0.61534816 0.00611779 0.00657406 0.33842048 0.01015425 
61.00000000 0.00895825 0.01497841 0.60856842 0.00631894 0.00686064 0.34403572 0.01027960 
62.00000000 0.00932430 0.01518131 0.60174740 0.00652373 0.00715403 0.34967016 0.01039908 
63.00000000 0.00969837 0.01539334 0.59489867 0.00673198 0.00745401 0.35531135 0.01051228 
64.00000000 0.01007993 0.01561462 0.58803608 0.00694350 0.00776034 0.36094668 0.01061885 
65.00000000 0.01046840 0.01584526 0.58117371 0.00715810 0.00807279 0.36656329 0.01071845 
66.00000000 0.01086319 0.01608534 0.57432578 0.00737556 0.00839110 0.37214822 0.01081080 
67.00000000 0.01126366 0.01633493 0.56750665 0.00759570 0.00871500 0.37768840 0.01089566 
68.00000000 0.01166916 0.01659407 0.56073072 0.00781831 0.00904421 0.38317072 0.01097281 
69.00000000 0.01207902 0.01686280 0.55401245 0.00804318 0.00937843 0.38858204 0.01104209 
70.00000000 0.01249254 0.01714111 0.54736622 0.00827010 0.00971735 0.39390927 0.01110340 
71.00000000 0.01290904 0.01742900 0.54080635 0.00849885 0.01006067 0.39913941 0.01115667 
72.00000000 0.01332779 0.01772642 0.53434706 0.00872924 0.01040805 0.40425956 0.01120188 
73.00000000 0.01374809 0.01803333 0.52800234 0.00896104 0.01075916 0.40925699 0.01123905 
74.00000000 0.01416922 0.01834965 0.52178599 0.00919405 0.01111365 0.41411918 0.01126826 
75.00000000 0.01459046 0.01867528 0.51571155 0.00942805 0.01147118 0.41883384 0.01128964 
76.00000000 0.01501110 0.01901010 0.50979223 0.00966284 0.01183139 0.42338899 0.01130335 
77.00000000 0.01543047 0.01935397 0.50404088 0.00989821 0.01219391 0.42777293 0.01130963 
78.00000000 0.01584787 0.01970674 0.49846998 0.01013396 0.01255837 0.43197435 0.01130872 
79.00000000 0.01626265 0.02006823 0.49309156 0.01036989 0.01292441 0.43598232 0.01130094 
80.00000000 0.01667417 0.02043825 0.48791717 0.01060579 0.01329164 0.43978634 0.01128664 
81.00000000 0.01708182 0.02081657 0.48295787 0.01084148 0.01365969 0.44337636 0.01126620 
82.00000000 0.01748503 0.02120298 0.47822415 0.01107676 0.01402819 0.44674283 0.01124007 
83.00000000 0.01788323 0.02159721 0.47372595 0.01131145 0.01439673 0.44987672 0.01120869 
84.00000000 0.01827593 0.02199901 0.46947259 0.01154537 0.01476496 0.45276955 0.01117259 
85.00000000 0.01866264 0.02240809 0.46547274 0.01177835 0.01513249 0.45541341 0.01113227 
86.00000000 0.01904294 0.02282416 0.46173443 0.01201022 0.01549894 0.45780100 0.01108831 
87.00000000 0.01941643 0.02324691 0.45826498 0.01224082 0.01586394 0.45992564 0.01104128 
88.00000000 0.01978276 0.02367603 0.45507101 0.01246998 0.01622713 0.46178130 0.01099179 
89.00000000 0.02014164 0.02411117 0.45215841 0.01269757 0.01658812 0.46336261 0.01094048 
90.00000000 0.02049281 0.02455201 0.44953231 0.01292343 0.01694657 0.46466489 0.01088796 
91.00000000 0.02083607 0.02499819 0.44719708 0.01314745 0.01730213 0.46568418 0.01083490 
92.00000000 0.02117126 0.02544934 0.44515631 0.01336948 0.01765443 0.46641721 0.01078196 
93.00000000 0.02149826 0.02590511 0.44341279 0.01358942 0.01800315 0.46686146 0.01072980 
94.00000000 0.02181702 0.02636512 0.44196853 0.01380715 0.01834796 0.46701513 0.01067908 
95.00000000 0.02212752 0.02682900 0.44082473 0.01402257 0.01868854 0.46687718 0.01063046 
96.00000000 0.02242978 0.02729636 0.43998177 0.01423559 0.01902457 0.46644733 0.01058460 
97.00000000 0.02272389 0.02776682 0.43943923 0.01444614 0.01935575 0.46572603 0.01054215 
98.00000000 0.02300995 0.02823999 0.43919589 0.01465412 0.01968180 0.46471451 0.01050374 
99.00000000 0.02328813 0.02871548 0.43924973 0.01485949 0.02000244 0.46341475 0.01046997 
100.00000000 0.02355862 0.02919292 0.43959794 0.01506219 0.02031741 0.46182948 0.01044145 
101.00000000 0.02382165 0.02967192 0.44023691 0.01526217 0.02062645 0.45996216 0.01041875 
102.00000000 0.02407750 0.03015208 0.44116228 0.01545940 0.02092933 0.45781700 0.01040242 
103.00000000 0.02432646 0.03063303 0.44236894 0.01565386 0.02122582 0.45539893 0.01039296 
104.00000000 0.02456885 0.03111440 0.44385104 0.01584553 0.02151572 0.45271358 0.01039088 
105.00000000 0.02480503 0.03159581 0.44560203 0.01603440 0.02179884 0.44976727 0.01039661 
106.00000000 0.02503538 0.03207688 0.44761467 0.01622050 0.02207498 0.44656701 0.01041058 
107.00000000 0.02526027 0.03255727 0.44988104 0.01640382 0.02234400 0.44312042 0.01043316 
108.00000000 0.02548012 0.03303662 0.45239262 0.01658441 0.02260575 0.43943578 0.01046469 
109.00000000 0.02569536 0.03351457 0.45514028 0.01676229 0.02286009 0.43552194 0.01050547 
110.00000000 0.02590639 0.03399079 0.45811431 0.01693752 0.02310691 0.43138833 0.01055575 
111.00000000 0.02611367 0.03446495 0.46130449 0.01711015 0.02334611 0.42704490 0.01061573 
112.00000000 0.02631763 0.03493672 0.46470010 0.01728024 0.02357761 0.42250211 0.01068560 
113.00000000 0.02651869 0.03540579 0.46828995 0.01744788 0.02380134 0.41777089 0.01076545 
114.00000000 0.02671730 0.03587186 0.47206245 0.01761315 0.02401726 0.41286260 0.01085538 
115.00000000 0.02691388 0.03633464 0.47600564 0.01777614 0.02422533 0.40778897 0.01095541 
116.00000000 0.02710885 0.03679384 0.48010722 0.01793695 0.02442553 0.40256210 0.01106552 
117.00000000 0.02730260 0.03724919 0.48435461 0.01809569 0.02461787 0.39719439 0.01118565 
118.00000000 0.02749555 0.03770044 0.48873497 0.01825249 0.02480235 0.39169850 0.01131570 
119.00000000 0.02768805 0.03814734 0.49323528 0.01840745 0.02497901 0.38608734 0.01145552 
120.00000000 0.02788048 0.03858965 0.49784236 0.01856072 0.02514790 0.38037396 0.01160493 
121.00000000 0.02807318 0.03902716 0.50254290 0.01871243 0.02530907 0.37457159 0.01176368 
122.00000000 0.02826645 0.03945965 0.50732356 0.01886271 0.02546259 0.36869352 0.01193151 
123.00000000 0.02846062 0.03988694 0.51217094 0.01901171 0.02560856 0.36275311 0.01210812 
124.00000000 0.02865595 0.04030885 0.51707169 0.01915958 0.02574708 0.35676371 0.01229315 
125.00000000 0.02885270 0.04072520 0.52201250 0.01930647 0.02587825 0.35073865 0.01248623 
126.00000000 0.02905111 0.04113586 0.52698020 0.01945252 0.02600221 0.34469116 0.01268695 
127.00000000 0.02925138 0.04154069 0.53196172 0.01959790 0.02611908 0.33863436 0.01289487 
128.00000000 0.02945371 0.04193956 0.53694421 0.01974275 0.02622903 0.33258122 0.01310952 
129.00000000 0.02965826 0.04233239 0.54191504 0.01988722 0.02633220 0.32654449 0.01333041 
130.00000000 0.02986517 0.04271908 0.54686182 0.02003146 0.02642876 0.32053668 0.01355702 
131.00000000 0.03007458 0.04309957 0.55177247 0.02017563 0.02651888 0.31457004 0.01378882 
132.00000000 0.03028658 0.04347381 0.55663524 0.02031986 0.02660276 0.30865650 0.01402525 
133.00000000 0.03050127 0.04384177 0.56143874 0.02046429 0.02668057 0.30280763 0.01426574 
134.00000000 0.03071870 0.04420342 0.56617196 0.02060905 0.02675252 0.29703464 0.01450971 
135.00000000 0.03093893 0.04455879 0.57082431 0.02075427 0.02681880 0.29134834 0.01475657 
136.00000000 0.03116200 0.04490789 0.57538565 0.02090007 0.02687962 0.28575906 0.01500571 
137.00000000 0.03138793 0.04525077 0.57984630 0.02104655 0.02693518 0.28027673 0.01525654 
138.00000000 0.03161673 0.04558748 0.58419708 0.02119382 0.02698571 0.27491074 0.01550844 
139.00000000 0.03184840 0.04591812 0.58842930 0.02134197 0.02703140 0.26966999 0.01576081 
140.00000000 0.03208294 0.04624279 0.59253482 0.02149107 0.02707248 0.26456286 0.01601304 
141.00000000 0.03232031 0.04656160 0.59650602 0.02164120 0.02710916 0.25959717 0.01626452 
142.00000000 0.03256052 0.04687471 0.60033584 0.02179241 0.02714165 0.25478018 0.01651468 
143.00000000 0.03280352 0.04718226 0.60401781 0.02194475 0.02717017 0.25011857 0.01676292 
144.00000000 0.03304928 0.04748446 0.60754600 0.02209824 0.02719492 0.24561843 0.01700867 
145.00000000 0.03329779 0.04778148 0.61091510 0.02225289 0.02721611 0.24128525 0.01725137 
146.00000000 0.03354899 0.04807356 0.61412036 0.02240872 0.02723395 0.23712393 0.01749049 
147.00000000 0.03380287 0.04836093 0.61715764 0.02256570 0.02724864 0.23313874 0.01772548 
148.00000000 0.03405939 0.04864385 0.62002339 0.02272381 0.02726036 0.22933335 0.01795585 
149.00000000 0.03431852 0.04892259 0.62271466 0.02288300 0.02726931 0.22571079 0.01818112 
150.00000000 0.03458023 0.04919744 0.62522909 0.02304322 0.02727568 0.22227352 0.01840082 
151.00000000 0.03484451 0.04946869 0.62756490 0.02320439 0.02727964 0.21902336 0.01861451 
152.00000000 0.03511132 0.04973668 0.62972089 0.02336643 0.02728136 0.21596153 0.01882178 
153.00000000 0.03538067 0.05000173 0.63169646 0.02352922 0.02728102 0.21308866 0.01902225 
154.00000000 0.03565253 0.05026419 0.63349153 0.02369266 0.02727875 0.21040479 0.01921556 
155.00000000 0.03592689 0.05052440 0.63510660 0.02385660 0.02727473 0.20790941 0.01940138 
156.00000000 0.03620375 0.05078273 0.63654271 0.02402091 0.02726908 0.20560141 0.01957942 
157.00000000 0.03648312 0.05103955 0.63780141 0.02418542 0.02726194 0.20347916 0.01974940 
158.00000000 0.03676498 0.05129524 0.63888477 0.02434996 0.02725344 0.20154051 0.01991110 
159.00000000 0.03704934 0.05155018 0.63979533 0.02451436 0.02724370 0.19978279 0.02006430 
160.00000000 0.03733621 0.05180475 0.64053611 0.02467840 0.02723282 0.19820285 0.02020885 
161.00000000 0.03762559 0.05205933 0.64111058 0.02484190 0.02722093 0.19679709 0.02034459 
162.00000000 0.03791748 0.05231432 0.64152261 0.02500463 0.02720809 0.19556144 0.02047142 
163.00000000 0.03821189 0.05257009 0.64177650 0.02516638 0.02719442 0.19449144 0.02058927 
164.00000000 0.03850882 0.05282702 0.64187691 0.02532692 0.02717999 0.19358226 0.02069809 
165.00000000 0.03880826 0.05308547 0.64182884 0.02548601 0.02716487 0.19282869 0.02079787 
166.00000000 0.03911021 0.05334582 0.64163761 0.02564341 0.02714914 0.19222519 0.02088864 
167.00000000 0.03941465 0.05360841 0.64130884 0.02579888 0.02713285 0.19176594 0.02097043 
168.00000000 0.03972157 0.05387358 0.64084841 0.02595217 0.02711607 0.19144485 0.02104335 
169.00000000 0.04003094 0.05414166 0.64026243 0.02610305 0.02709884 0.19125560 0.02110748 
170.00000000 0.04034272 0.05441297 0.63955719 0.02625125 0.02708122 0.19119166 0.02116297 
171.00000000 0.04065689 0.05468780 0.63873918 0.02639655 0.02706326 0.19124633 0.02120999 
172.00000000 0.04097337 0.05496643 0.63781501 0.02653869 0.02704498 0.19141280 0.02124872 
173.00000000 0.04129212 0.05524912 0.63679140 0.02667743 0.02702643 0.19168412 0.02127937 
174.00000000 0.04161306 0.05553610 0.63567513 0.02681256 0.02700765 0.19205331 0.02130219 
175.00000000 0.04193612 0.05582759 0.63447304 0.02694383 0.02698867 0.19251332 0.02131743 
176.00000000 0.04226118 0.05612379 0.63319198 0.02707103 0.02696953 0.19305712 0.02132537 
177.00000000 0.04258817 0.05642486 0.63183877 0.02719395 0.02695025 0.19367770 0.02132630 
178.00000000 0.04291695 0.05673095 0.63042018 0.02731240 0.02693088 0.19436810 0.02132054 
179.00000000 0.04324740 0.05704219 0.62894291 0.02742618 0.02691144 0.19512146 0.02130842 
180.00000000 0.04357940 0.05735866 0.62741354 0.02753512 0.02689198 0.19593103 0.02129027 
181.00000000 0.04391280 0.05768043 0.62583852 0.02763905 0.02687253 0.19679021 0.02126646 
182.00000000 0.04424744 0.05800754 0.62422415 0.02773783 0.02685314 0.19769257 0.02123734 
183.00000000 0.04458316 0.05834002 0.62257651 0.02783132 0.02683385 0.19863186 0.02120328 
184.00000000 0.04491981 0.05867785 0.62090151 0.02791940 0.02681471 0.19960207 0.02116466 
185.00000000 0.04525721 0.05902099 0.61920478 0.02800198 0.02679577 0.20059742 0.02112186 
186.00000000 0.04559518 0.05936938 0.61749173 0.02807896 0.02677711 0.20161238 0.02107526 
187.00000000 0.04593354 0.05972294 0.61576749 0.02815028 0.02675877 0.20264172 0.02102526 
188.00000000 0.04627213 0.06008155 0.61403688 0.02821589 0.02674084 0.20368048 0.02097223 
189.00000000 0.04661076 0.06044508 0.61230443 0.02827577 0.02672340 0.20472403 0.02091655 
190.00000000 0.04694925 0.06081336 0.61057435 0.02832988 0.02670652 0.20576803 0.02085861 
191.00000000 0.04728744 0.06118623 0.60885050 0.02837826 0.02669030 0.20680851 0.02079877 
192.00000000 0.04762516 0.06156347 0.60713641 0.02842091 0.02667484 0.20784181 0.02073741 
193.00000000 0.04796225 0.06194487 0.60543526 0.02845788 0.02666025 0.20886461 0.02067488 
194.00000000 0.04829857 0.06233018 0.60374986 0.02848925 0.02664665 0.20987397 0.02061152 
195.00000000 0.04863398 0.06271916 0.60208267 0.02851508 0.02663415 0.21086727 0.02054769 
196.00000000 0.04896836 0.06311152 0.60043577 0.02853549 0.02662290 0.21184227 0.02048369 
197.00000000 0.04930160 0.06350698 0.59881090 0.02855058 0.02661303 0.21279706 0.02041985 
198.00000000 0.04963361 0.06390525 0.59720939 0.02856051 0.02660469 0.21373009 0.02035646 
199.00000000 0.04996433 0.06430600 0.59563225 0.02856542 0.02659804 0.21464016 0.02029381 
200.00000000 0.05029368 0.06470892 0.59408012 0.02856550 0.02659324 0.21552638 0.02023216 
201.00000000 0.05062165 0.06511368 0.59255328 0.02856092 0.02659048 0.21638824 0.02017177 
202.00000000 0.05094821 0.06551994 0.59105166 0.02855189 0.02658992 0.21722552 0.02011287 
203.00000000 0.05127339 0.06592736 0.58957488 0.02853864 0.02659175 0.21803830 0.02005567 
204.00000000 0.05159722 0.06633560 0.58812222 0.02852140 0.02659618 0.21882700 0.02000039 
205.00000000 0.05191974 0.06674431 0.58669264 0.02850041 0.02660341 0.21959230 0.01994719 
206.00000000 0.05224106 0.06715314 0.58528481 0.02847595 0.02661363 0.22033517 0.01989624 
207.00000000 0.05256126 0.06756175 0.58389713 0.02844829 0.02662707 0.22105682 0.01984768 
208.00000000 0.05288049 0.06796980 0.58252770 0.02841770 0.02664394 0.22175873 0.01980164 
209.00000000 0.05319890 0.06837693 0.58117440 0.02838450 0.02666446 0.22244258 0.01975822 
210.00000000 0.05351666 0.06878283 0.57983486 0.02834898 0.02668887 0.22311030 0.01971751 
211.00000000 0.05383397 0.06918715 0.57850649 0.02831146 0.02671739 0.22376396 0.01967958 
212.00000000 0.05415106 0.06958959 0.57718651 0.02827225 0.02675025 0.22440586 0.01964448 
213.00000000 0.05446817 0.06998982 0.57587198 0.02823169 0.02678768 0.22503842 0.01961223 
214.00000000 0.05478555 0.07038755 0.57455979 0.02819012 0.02682992 0.22566421 0.01958286 
215.00000000 0.05510348 0.07078249 0.57324670 0.02814785 0.02687721 0.22628591 0.01955635 
216.00000000 0.05542226 0.07117436 0.57192936 0.02810525 0.02692977 0.22690631 0.01953269 
217.00000000 0.05574219 0.07156289 0.57060433 0.02806264 0.02698784 0.22752827 0.01951185 
218.00000000 0.05606358 0.07194782 0.56926812 0.02802037 0.02705163 0.22815471 0.01949376 
219.00000000 0.05638677 0.07232894 0.56791717 0.02797879 0.02712138 0.22878858 0.01947837 
220.00000000 0.05671208 0.07270600 0.56654794 0.02793824 0.02719731 0.22943285 0.01946558 
221.00000000 0.05703985 0.07307881 0.56515686 0.02789906 0.02727962 0.23009050 0.01945531 
222.00000000 0.05737041 0.07344717 0.56374041 0.02786158 0.02736852 0.23076446 0.01944744 
223.00000000 0.05770411 0.07381092 0.56229512 0.02782614 0.02746421 0.23145765 0.01944185 
224.00000000 0.05804128 0.07416988 0.56081757 0.02779307 0.02756688 0.23217291 0.01943842 
225.00000000 0.05838223 0.07452394 0.55930448 0.02776268 0.02767670 0.23291298 0.01943699 
226.00000000 0.05872730 0.07487295 0.55775265 0.02773530 0.02779384 0.23368054 0.01943741 
227.00000000 0.05907678 0.07521682 0.55615904 0.02771124 0.02791846 0.23447813 0.01943953 
228.00000000 0.05943097 0.07555547 0.55452077 0.02769078 0.02805070 0.23530815 0.01944316 
229.00000000 0.05979015 0.07588881 0.55283515 0.02767423 0.02819068 0.23617285 0.01944813 
230.00000000 0.06015456 0.07621680 0.55109968 0.02766186 0.02833853 0.23707432 0.01945425 
231.00000000 0.06052445 0.07653941 0.54931209 0.02765393 0.02849433 0.23801446 0.01946134 
232.00000000 0.06090003 0.07685661 0.54747033 0.02765071 0.02865817 0.23899496 0.01946918 
233.00000000 0.06128149 0.07716841 0.54557264 0.02765244 0.02883012 0.24001732 0.01947759 
234.00000000 0.06166899 0.07747482 0.54361750 0.02765935 0.02901020 0.24108279 0.01948635 
235.00000000 0.06206266 0.07777588 0.54160370 0.02767165 0.02919847 0.24219241 0.01949525 
236.00000000 0.06246260 0.07807162 0.53953029 0.02768956 0.02939491 0.24334695 0.01950408 
237.00000000 0.06286890 0.07836212 0.53739667 0.02771326 0.02959951 0.24454692 0.01951262 
238.00000000 0.06328159 0.07864746 0.53520253 0.02774291 0.02981224 0.24579260 0.01952067 
239.00000000 0.06370068 0.07892772 0.53294790 0.02777869 0.03003304 0.24708395 0.01952801 
240.00000000 0.06412616 0.07920301 0.53063314 0.02782074 0.03026184 0.24842070 0.01953442 
241.00000000 0.06455796 0.07947346 0.52825895 0.02786917 0.03049852 0.24980225 0.01953968 
242.00000000 0.06499601 0.07973919 0.52582637 0.02792410 0.03074298 0.25122777 0.01954359 
243.00000000 0.06544018 0.08000035 0.52333677 0.02798562 0.03099505 0.25269609 0.01954594 
244.00000000 0.06589033 0.08025709 0.52079188 0.02805380 0.03125457 0.25420580 0.01954652 
245.00000000 0.06634628 0.08050958 0.51819377 0.02812871 0.03152135 0.25575518 0.01954512 
246.00000000 0.06680782 0.08075799 0.51554482 0.02821039 0.03179517 0.25734225 0.01954156 
247.00000000 0.06727470 0.08100252 0.51284778 0.02829885 0.03207579 0.25896472 0.01953564 
248.00000000 0.06774667 0.08124335 0.51010568 0.02839412 0.03236295 0.26062006 0.01952717 
249.00000000 0.06822345 0.08148068 0.50732189 0.02849617 0.03265636 0.26230546 0.01951598 
250.00000000 0.06870471 0.08171473 0.50450008 0.02860499 0.03295572 0.26401787 0.01950190 
251.00000000 0.06919013 0.08194570 0.50164421 0.02872053 0.03326069 0.26575398 0.01948477 
252.00000000 0.06967935 0.08217382 0.49875851 0.02884272 0.03357092 0.26751025 0.01946443 
253.00000000 0.07017201 0.08239930 0.49584748 0.02897150 0.03388604 0.26928291 0.01944075 
254.00000000 0.07066772 0.08262238 0.49291586 0.02910678 0.03420567 0.27106799 0.01941360 
255.00000000 0.07116609 0.08284330 0.48996862 0.02924844 0.03452938 0.27286132 0.01938287 
256.00000000 0.07166671 0.08306226 0.48701093 0.02939636 0.03485674 0.27465855 0.01934844 
257.00000000 0.07216919 0.08327953 0.48404817 0.02955041 0.03518732 0.27645516 0.01931024 
258.00000000 0.07267309 0.08349532 0.48108586 0.02971043 0.03552063 0.27824649 0.01926818 
259.00000000 0.07317800 0.08370987 0.47812970 0.02987626 0.03585621 0.28002774 0.01922222 
260.00000000 0.07368351 0.08392342 0.47518548 0.03004773 0.03619356 0.28179399 0.01917231 
261.00000000 0.07418920 0.08413619 0.47225912 0.03022464 0.03653216 0.28354026 0.01911844 
262.00000000 0.07469467 0.08434841 0.46935659 0.03040678 0.03687151 0.28526144 0.01906060 
263.00000000 0.07519952 0.08456031 0.46648395 0.03059395 0.03721106 0.28695241 0.01899880 
264.00000000 0.07570336 0.08477211 0.46364726 0.03078591 0.03755028 0.28860799 0.01893310 
265.00000000 0.07620580 0.08498402 0.46085259 0.03098244 0.03788861 0.29022300 0.01886354 
266.00000000 0.07670650 0.08519625 0.45810601 0.03118329 0.03822551 0.29179222 0.01879022 
267.00000000 0.07720511 0.08540900 0.45541354 0.03138820 0.03856042 0.29331051 0.01871323 
268.00000000 0.07770129 0.08562247 0.45278113 0.03159692 0.03889277 0.29477274 0.01863270 
269.00000000 0.07819474 0.08583684 0.45021464 0.03180918 0.03922199 0.29617383 0.01854879 
270.00000000 0.07868517 0.08605229 0.44771984 0.03202470 0.03954753 0.29750880 0.01846167 
271.00000000 0.07917232 0.08626900 0.44530234 0.03224320 0.03986882 0.29877277 0.01837155 
272.00000000 0.07965595 0.08648711 0.44296760 0.03246440 0.04018530 0.29996098 0.01827865 
273.00000000 0.08013583 0.08670679 0.44072093 0.03268802 0.04049642 0.30106879 0.01818322 
274.00000000 0.08061179 0.08692815 0.43856740 0.03291376 0.04080163 0.30209173 0.01808554 
275.00000000 0.08108364 0.08715134 0.43651189 0.03314132 0.04110039 0.30302551 0.01798592 
276.00000000 0.08155125 0.08737646 0.43455904 0.03337042 0.04139217 0.30386600 0.01788466 
277.00000000 0.08201450 0.08760361 0.43271324 0.03360076 0.04167645 0.30460931 0.01778214 
278.00000000 0.08247330 0.08783287 0.43097859 0.03383204 0.04195272 0.30525175 0.01767872 
279.00000000 0.08292758 0.08806433 0.42935893 0.03406397 0.04222051 0.30578987 0.01757480 
280.00000000 0.08337731 0.08829805 0.42785778 0.03429626 0.04247932 0.30622048 0.01747079 
281.00000000 0.08382247 0.08853406 0.42647834 0.03452861 0.04272872 0.30654065 0.01736715 
282.00000000 0.08426306 0.08877240 0.42522350 0.03476075 0.04296825 0.30674771 0.01726432 
283.00000000 0.08469911 0.08901310 0.42409580 0.03499239 0.04319750 0.30683930 0.01716280 
284.00000000 0.08513068 0.08925614 0.42309743 0.03522325 0.04341608 0.30681334 0.01706308 
285.00000000 0.08555783 0.08950152 0.42223023 0.03545306 0.04362361 0.30666809 0.01696566 
286.00000000 0.08598065 0.08974922 0.42149566 0.03568156 0.04381974 0.30640208 0.01687109 
287.00000000 0.08639925 0.08999920 0.42089481 0.03590849 0.04400416 0.30601420 0.01677990 
288.00000000 0.08681376 0.09025139 0.42042840 0.03613359 0.04417656 0.30550365 0.01669264 
289.00000000 0.08722431 0.09050573 0.42009677 0.03635663 0.04433669 0.30486999 0.01660988 
290.00000000 0.08763105 0.09076215 0.41989988 0.03657736 0.04448428 0.30411310 0.01653218 
291.00000000 0.08803416 0.09102053 0.41983728 0.03679557 0.04461914 0.30323321 0.01646011 
292.00000000 0.08843380 0.09128078 0.41990818 0.03701103 0.04474108 0.30223089 0.01639425 
293.00000000 0.08883015 0.09154277 0.42011136 0.03722355 0.04484995 0.30110706 0.01633516 
294.00000000 0.08922341 0.09180636 0.42044527 0.03743292 0.04494563 0.29986298 0.01628342 
295.00000000 0.08961377 0.09207141 0.42090796 0.03763897 0.04502802 0.29850027 0.01623960 
296.00000000 0.09000143 0.09233776 0.42149711 0.03784151 0.04509707 0.29702087 0.01620424 
297.00000000 0.09038660 0.09260524 0.42221006 0.03804040 0.04515274 0.29542705 0.01617790 
298.00000000 0.09076948 0.09287367 0.42304379 0.03823547 0.04519505 0.29372143 0.01616111 
299.00000000 0.09115027 0.09314285 0.42399494 0.03842659 0.04522403 0.29190695 0.01615437 
300.00000000 0.09152918 0.09341259 0.42505983 0.03861363 0.04523974 0.28998683 0.01615820 
301.00000000 0.09190640 0.09368269 0.42623444 0.03879649 0.04524229 0.28796464 0.01617306 
302.00000000 0.09228214 0.09395291 0.42751450 0.03897506 0.04523179 0.28584420 0.01619940 
303.00000000 0.09265660 0.09422305 0.42889539 0.03914925 0.04520842 0.28362963 0.01623765 
304.00000000 0.09302995 0.09449287 0.43037228 0.03931899 0.04517237 0.28132533 0.01628821 
305.00000000 0.09340238 0.09476215 0.43194006 0.03948420 0.04512385 0.27893593 0.01635143 
306.00000000 0.09377407 0.09503063 0.43359338 0.03964486 0.04506311 0.27646630 0.01642765 
307.00000000 0.09414519 0.09529809 0.43532669 0.03980090 0.04499043 0.27392153 0.01651716 
308.00000000 0.09451591 0.09556426 0.43713424 0.03995232 0.04490612 0.27130693 0.01662021 
309.00000000 0.09488638 0.09582892 0.43901012 0.04009908 0.04481050 0.26862798 0.01673702 
310.00000000 0.09525674 0.09609182 0.44094823 0.04024120 0.04470393 0.26589033 0.01686775 
311.00000000 0.09562714 0.09635270 0.44294238 0.04037867 0.04458680 0.26309976 0.01701254 
312.00000000 0.09599772 0.09661132 0.44498626 0.04051153 0.04445951 0.26026221 0.01717146 
313.00000000 0.09636859 0.09686744 0.44707345 0.04063980 0.04432248 0.25738370 0.01734455 
314.00000000 0.09673988 0.09712082 0.44919749 0.04076351 0.04417615 0.25447034 0.01753180 
315.00000000 0.09711169 0.09737123 0.45135188 0.04088274 0.04402101 0.25152832 0.01773314 
316.00000000 0.09748413 0.09761843 0.45353008 0.04099753 0.04385752 0.24856385 0.01794846 
317.00000000 0.09785730 0.09786221 0.45572557 0.04110795 0.04368620 0.24558318 0.01817760 
318.00000000 0.09823128 0.09810234 0.45793184 0.04121409 0.04350756 0.24259255 0.01842034 
319.00000000 0.09860617 0.09833863 0.46014244 0.04131604 0.04332212 0.23959819 0.01867642 
320.00000000 0.09898204 0.09857086 0.46235099 0.04141388 0.04313042 0.23660629 0.01894552 
321.00000000 0.09935896 0.09879885 0.46455118 0.04150773 0.04293303 0.23362296 0.01922729 
322.00000000 0.09973702 0.09902243 0.46673682 0.04159769 0.04273050 0.23065425 0.01952130 
323.00000000 0.10011626 0.09924142 0.46890184 0.04168387 0.04252339 0.22770611 0.01982710 
324.00000000 0.10049677 0.09945568 0.47104034 0.04176641 0.04231228 0.22478435 0.02014418 
325.00000000 0.10087859 0.09966506 0.47314654 0.04184541 0.04209776 0.22189466 0.02047197 
326.00000000 0.10126179 0.09986944 0.47521489 0.04192103 0.04188038 0.21904259 0.02080989 
327.00000000 0.10164641 0.10006870 0.47724000 0.04199337 0.04166074 0.21623348 0.02115729 
328.00000000 0.10203252 0.10026275 0.47921670 0.04206259 0.04143942 0.21347253 0.02151349 
329.00000000 0.10242016 0.10045151 0.48114005 0.04212882 0.04121699 0.21076471 0.02187777 
330.00000000 0.10280938 0.10063491 0.48300535 0.04219220 0.04099401 0.20811477 0.02224937 
331.00000000 0.10320023 0.10081291 0.48480814 0.04225287 0.04077107 0.20552727 0.02262751 
332.00000000 0.10359275 0.10098548 0.48654423 0.04231098 0.04054870 0.20300650 0.02301136 
333.00000000 0.10398700 0.10115259 0.48820968 0.04236665 0.04032747 0.20055651 0.02340009 
334.00000000 0.10438301 0.10131427 0.48980085 0.04242004 0.04010792 0.19818109 0.02379283 
335.00000000 0.10478082 0.10147051 0.49131438 0.04247127 0.03989056 0.19588378 0.02418867 
336.00000000 0.10518048 0.10162138 0.49274718 0.04252049 0.03967591 0.19366782 0.02458673 
337.00000000 0.10558203 0.10176692 0.49409648 0.04256782 0.03946448 0.19153620 0.02498607 
338.00000000 0.10598549 0.10190721 0.49535980 0.04261340 0.03925674 0.18949160 0.02538577 
339.00000000 0.10639090 0.10204233 0.49653495 0.04265734 0.03905317 0.18753643 0.02578488 
340.00000000 0.10679830 0.10217240 0.49762006 0.04269977 0.03885420 0.18567279 0.02618247 
341.00000000 0.10720770 0.10229754 0.49861356 0.04274080 0.03866027 0.18390252 0.02657760 
342.00000000 0.10761913 0.10241790 0.49951417 0.04278054 0.03847180 0.18222714 0.02696933 
343.00000000 0.10803260 0.10253362 0.50032092 0.04281909 0.03828916 0.18064788 0.02735673 
344.00000000 0.10844813 0.10264489 0.50103314 0.04285655 0.03811272 0.17916568 0.02773889 
345.00000000 0.10886572 0.10275188 0.50165046 0.04289301 0.03794284 0.17778119 0.02811491 
346.00000000 0.10928537 0.10285480 0.50217279 0.04292854 0.03777982 0.17649479 0.02848390 
347.00000000 0.10970707 0.10295386 0.50260032 0.04296322 0.03762397 0.17530656 0.02884500 
348.00000000 0.11013080 0.10304929 0.50293354 0.04299713 0.03747556 0.17421630 0.02919738 
349.00000000 0.11055655 0.10314132 0.50317319 0.04303030 0.03733485 0.17322356 0.02954023 
350.00000000 0.11098427 0.10323020 0.50332029 0.04306280 0.03720205 0.17232761 0.02987278 
351.00000000 0.11141393 0.10331618 0.50337610 0.04309466 0.03707736 0.17152747 0.03019429 
352.00000000 0.11184547 0.10339953 0.50334214 0.04312592 0.03696097 0.17082190 0.03050406 
353.00000000 0.11227883 0.10348053 0.50322016 0.04315660 0.03685301 0.17020944 0.03080143 
354.00000000 0.11271393 0.10355945 0.50301212 0.04318672 0.03675362 0.16968839 0.03108576 
355.00000000 0.11315069 0.10363658 0.50272021 0.04321627 0.03666290 0.16925685 0.03135650 
356.00000000 0.11358901 0.10371220 0.50234682 0.04324526 0.03658092 0.16891267 0.03161311 
357.00000000 0.11402879 0.10378661 0.50189453 0.04327368 0.03650773 0.16865355 0.03185511 
358.00000000 0.11446990 0.10386010 0.50136607 0.04330151 0.03644336 0.16847699 0.03208208 
359.00000000 0.11491222 0.10393296 0.50076436 0.04332871 0.03638781 0.16838031 0.03229362 
360.00000000 0.11535560 0.10400550 0.50009245 0.04335526 0.03634108 0.16836069 0.03248942 
361.00000000 0.11579989 0.10407800 0.49935354 0.04338112 0.03630311 0.16841515 0.03266920 
362.00000000 0.11624492 0.10415075 0.49855092 0.04340623 0.03627386 0.16854059 0.03283273 
363.00000000 0.11669053 0.10422404 0.49768800 0.04343053 0.03625323 0.16873380 0.03297987 
364.00000000 0.11713652 0.10429816 0.49676829 0.04345398 0.03624112 0.16899145 0.03311048 
365.00000000 0.11758270 0.10437338 0.49579533 0.04347649 0.03623743 0.16931015 0.03322451 
366.00000000 0.11802888 0.10444998 0.49477277 0.04349800 0.03624200 0.16968641 0.03332196 
367.00000000 0.11847484 0.10452821 0.49370425 0.04351843 0.03625469 0.17011670 0.03340287 
368.00000000 0.11892036 0.10460833 0.49259348 0.04353770 0.03627533 0.17059745 0.03346734 
369.00000000 0.11936523 0.10469059 0.49144415 0.04355572 0.03630374 0.17112505 0.03351552 
370.00000000 0.11980921 0.10477523 0.49025994 0.04357240 0.03633971 0.17169589 0.03354761 
371.00000000 0.12025208 0.10486246 0.48904455 0.04358767 0.03638304 0.17230635 0.03356386 
372.00000000 0.12069360 0.10495251 0.48780160 0.04360142 0.03643350 0.17295283 0.03356454 
373.00000000 0.12113353 0.10504556 0.48653470 0.04361356 0.03649087 0.17363176 0.03355001 
374.00000000 0.12157165 0.10514182 0.48524736 0.04362402 0.03655491 0.17433961 0.03352063 
375.00000000 0.12200771 0.10524145 0.48394306 0.04363268 0.03662537 0.17507291 0.03347682 
376.00000000 0.12244149 0.10534461 0.48262514 0.04363947 0.03670201 0.17582825 0.03341903 
377.00000000 0.12287276 0.10545146 0.48129690 0.04364430 0.03678455 0.17660229 0.03334775 
378.00000000 0.12330130 0.10556211 0.47996147 0.04364709 0.03687274 0.17739181 0.03326349 
379.00000000 0.12372688 0.10567668 0.47862191 0.04364776 0.03696632 0.17819366 0.03316679 
380.00000000 0.12414931 0.10579528 0.47728112 0.04364623 0.03706501 0.17900481 0.03305823 
381.00000000 0.12456839 0.10591799 0.47594187 0.04364243 0.03716856 0.17982237 0.03293840 
382.00000000 0.12498392 0.10604487 0.47460678 0.04363630 0.03727670 0.18064353 0.03280790 
383.00000000 0.12539573 0.10617598 0.47327832 0.04362778 0.03738916 0.18146567 0.03266735 
384.00000000 0.12580366 0.10631134 0.47195881 0.04361682 0.03750569 0.18228628 0.03251741 
385.00000000 0.12620754 0.10645099 0.47065037 0.04360339 0.03762602 0.18310299 0.03235870 
386.00000000 0.12660726 0.10659492 0.46935499 0.04358744 0.03774990 0.18391361 0.03219188 
387.00000000 0.12700268 0.10674312 0.46807446 0.04356895 0.03787710 0.18471609 0.03201761 
388.00000000 0.12739370 0.10689556 0.46681041 0.04354790 0.03800736 0.18550853 0.03183653 
389.00000000 0.12778023 0.10705219 0.46556429 0.04352430 0.03814046 0.18628923 0.03164930 
390.00000000 0.12816221 0.10721297 0.46433735 0.04349814 0.03827617 0.18705662 0.03145655 
391.00000000 0.12853957 0.10737781 0.46313070 0.04346944 0.03841427 0.18780931 0.03125891 
392.00000000 0.12891229 0.10754662 0.46194524 0.04343822 0.03855456 0.18854607 0.03105701 
393.00000000 0.12928034 0.10771931 0.46078170 0.04340453 0.03869684 0.18926583 0.03085144 
394.00000000 0.12964373 0.10789576 0.45964065 0.04336841 0.03884093 0.18996772 0.03064280 
395.00000000 0.13000248 0.10807585 0.45852249 0.04332993 0.03898664 0.19065098 0.03043164 
396.00000000 0.13035663 0.10825942 0.45742743 0.04328915 0.03913382 0.19131505 0.03021850 
397.00000000 0.13070622 0.10844633 0.45635554 0.04324616 0.03928232 0.19195952 0.03000391 
398.00000000 0.13105134 0.10863643 0.45530673 0.04320106 0.03943198 0.19258411 0.02978836 
399.00000000 0.13139208 0.10882953 0.45428075 0.04315396 0.03958268 0.19318872 0.02957229 
400.00000000 0.13172853 0.10902545 0.45327722 0.04310497 0.03973431 0.19377337 0.02935616 
401.00000000 0.13206083 0.10922400 0.45229560 0.04305422 0.03988675 0.19433823 0.02914036 
402.00000000 0.13238911 0.10942499 0.45133525 0.04300187 0.04003990 0.19488362 0.02892526 
403.00000000 0.13271351 0.10962821 0.45039538 0.04294806 0.04019370 0.19540994 0.02871120 
404.00000000 0.13303420 0.10983344 0.44947510 0.04289296 0.04034806 0.19591776 0.02849848 
405.00000000 0.13335136 0.11004047 0.44857340 0.04283674 0.04050292 0.19640774 0.02828737 
406.00000000 0.13366516 0.11024908 0.44768919 0.04277958 0.04065824 0.19688065 0.02807811 
407.00000000 0.13397581 0.11045903 0.44682127 0.04272169 0.04081396 0.19733734 0.02787090 
408.00000000 0.13428349 0.11067010 0.44596838 0.04266325 0.04097007 0.19777879 0.02766592 
409.00000000 0.13458842 0.11088206 0.44512919 0.04260450 0.04112653 0.19820602 0.02746328 
410.00000000 0.13489081 0.11109467 0.44430227 0.04254563 0.04128335 0.19862016 0.02726311 
411.00000000 0.13519087 0.11130770 0.44348620 0.04248688 0.04144050 0.19902238 0.02706547 
412.00000000 0.13548882 0.11152092 0.44267947 0.04242848 0.04159800 0.19941392 0.02687040 
413.00000000 0.13578488 0.11173408 0.44188056 0.04237066 0.04175585 0.19979606 0.02667791 
414.00000000 0.13607927 0.11194697 0.44108792 0.04231367 0.04191407 0.20017013 0.02648798 
415.00000000 0.13637220 0.11215935 0.44029999 0.04225775 0.04207268 0.20053748 0.02630057 
416.00000000 0.13666388 0.11237099 0.43951521 0.04220314 0.04223170 0.20089947 0.02611561 
417.00000000 0.13695453 0.11258168 0.43873202 0.04215011 0.04239116 0.20125750 0.02593301 
418.00000000 0.13724434 0.11279119 0.43794889 0.04209890 0.04255110 0.20161294 0.02575264 
419.00000000 0.13753351 0.11299932 0.43716431 0.04204975 0.04271154 0.20196719 0.02557438 
420.00000000 0.13782222 0.11320587 0.43637681 0.04200293 0.04287252 0.20232159 0.02539807 
421.00000000 0.13811067 0.11341063 0.43558494 0.04195867 0.04303407 0.20267749 0.02522354 
422.00000000 0.13839900 0.11361342 0.43478735 0.04191723 0.04319622 0.20303618 0.02505060 
423.00000000 0.13868739 0.11381405 0.43398271 0.04187884 0.04335902 0.20339893 0.02487907 
424.00000000 0.13897599 0.11401235 0.43316978 0.04184375 0.04352248 0.20376693 0.02470873 
425.00000000 0.13926491 0.11420816 0.43234740 0.04181218 0.04368662 0.20414135 0.02453938 
426.00000000 0.13955430 0.11440132 0.43151451 0.04178436 0.04385148 0.20452324 0.02437079 
427.00000000 0.13984425 0.11459170 0.43067011 0.04176051 0.04401706 0.20491361 0.02420275 
428.00000000 0.14013487 0.11477917 0.42981333 0.04174084 0.04418338 0.20531337 0.02403504 
429.00000000 0.14042624 0.11496359 0.42894340 0.04172555 0.04435044 0.20572335 0.02386742 
430.00000000 0.14071844 0.11514487 0.42805965 0.04171483 0.04451823 0.20614428 0.02369970 
431.00000000 0.14101151 0.11532291 0.42716156 0.04170886 0.04468674 0.20657677 0.02353165 
432.00000000 0.14130551 0.11549762 0.42624871 0.04170781 0.04485596 0.20702133 0.02336307 
433.00000000 0.14160047 0.11566894 0.42532080 0.04171182 0.04502583 0.20747837 0.02319376 
434.00000000 0.14189641 0.11583681 0.42437769 0.04172106 0.04519634 0.20794816 0.02302354 
435.00000000 0.14219333 0.11600118 0.42341934 0.04173564 0.04536742 0.20843085 0.02285224 
436.00000000 0.14249123 0.11616203 0.42244589 0.04175567 0.04553901 0.20892647 0.02267969 
437.00000000 0.14279011 0.11631934 0.42145757 0.04178127 0.04571104 0.20943492 0.02250576 
438.00000000 0.14308994 0.11647310 0.42045477 0.04181251 0.04588342 0.20995595 0.02233032 
439.00000000 0.14339067 0.11662332 0.41943804 0.04184945 0.04605605 0.21048921 0.02215326 
