0.00000000 0.00000000 -0.00000000 -0.00000000 -0.00000000 -0.00000000 1.00000000 -0.00000000 
1.00000000 0.00000666 0.00000494 0.00000327 0.00001027 0.00023332 0.99968563 0.00005591 
2.00000000 0.00002661 0.00001975 0.00001308 0.00004120 0.00093252 0.99874346 0.00022339 
3.00000000 0.00005976 0.00004442 0.00002941 0.00009320 0.00209513 0.99717637 0.00050170 
4.00000000 0.00010600 0.00007890 0.00005225 0.00016693 0.00371711 0.99498921 0.00088960 
5.00000000 0.00016512 0.00012315 0.00008157 0.00026330 0.00579279 0.99218869 0.00138538 
6.00000000 0.00023689 0.00017710 0.00011735 0.00038348 0.00831498 0.98878336 0.00198686 
7.00000000 0.00032103 0.00024067 0.00015953 0.00052886 0.01127494 0.98478359 0.00269139 
8.00000000 0.00041719 0.00031378 0.00020808 0.00070108 0.01466251 0.98020145 0.00349591 
9.00000000 0.00052500 0.00039632 0.00026294 0.00090197 0.01846610 0.97505071 0.00439696 
10.00000000 0.00064404 0.00048818 0.00032406 0.00113355 0.02267284 0.96934667 0.00539066 
11.00000000 0.00077383 0.00058925 0.00039137 0.00139804 0.02726856 0.96310614 0.00647282 
12.00000000 0.00091387 0.00069938 0.00046480 0.00169777 0.03223795 0.95634732 0.00763891 
13.00000000 0.00106363 0.00081845 0.00054429 0.00203526 0.03756461 0.94908966 0.00888409 
14.00000000 0.00122254 0.00094631 0.00062975 0.00241309 0.04323118 0.94135383 0.01020331 
15.00000000 0.00139000 0.00108280 0.00072109 0.00283395 0.04921939 0.93316152 0.01159126 
16.00000000 0.00156538 0.00122778 0.00081824 0.00330058 0.05551017 0.92453539 0.01304246 
17.00000000 0.00174804 0.00138108 0.00092111 0.00381577 0.06208380 0.91549890 0.01455130 
18.00000000 0.00193732 0.00154254 0.00102959 0.00438231 0.06891994 0.90607625 0.01611205 
19.00000000 0.00213254 0.00171200 0.00114359 0.00500296 0.07599781 0.89629220 0.01771890 
20.00000000 0.00233302 0.00188930 0.00126301 0.00568045 0.08329621 0.88617199 0.01936603 
21.00000000 0.00253806 0.00207425 0.00138774 0.00641744 0.09079369 0.87574121 0.02104760 
22.00000000 0.00274698 0.00226670 0.00151768 0.00721649 0.09846864 0.86502569 0.02275782 
23.00000000 0.00295907 0.00246648 0.00165271 0.00808004 0.10629935 0.85405140 0.02449096 
24.00000000 0.00317364 0.00267341 0.00179272 0.00901036 0.11426413 0.84284431 0.02624142 
25.00000000 0.00339002 0.00288733 0.00193759 0.01000959 0.12234142 0.83143034 0.02800371 
26.00000000 0.00360753 0.00310806 0.00208721 0.01107965 0.13050984 0.81983521 0.02977250 
27.00000000 0.00382551 0.00333545 0.00224144 0.01222225 0.13874829 0.80808439 0.03154267 
28.00000000 0.00404333 0.00356930 0.00240017 0.01343886 0.14703605 0.79620300 0.03330929 
29.00000000 0.00426036 0.00380945 0.00256326 0.01473073 0.15535280 0.78421571 0.03506768 
30.00000000 0.00447602 0.00405573 0.00273058 0.01609880 0.16367874 0.77214672 0.03681341 
31.00000000 0.00468971 0.00430796 0.00290201 0.01754375 0.17199462 0.76001961 0.03854233 
32.00000000 0.00490091 0.00456595 0.00307741 0.01906598 0.18028182 0.74785737 0.04025055 
33.00000000 0.00510911 0.00482953 0.00325665 0.02066557 0.18852237 0.73568227 0.04193450 
34.00000000 0.00531380 0.00509850 0.00343958 0.02234230 0.19669903 0.72351587 0.04359091 
35.00000000 0.00551456 0.00537266 0.00362608 0.02409562 0.20479532 0.71137894 0.04521682 
36.00000000 0.00571097 0.00565183 0.00381602 0.02592468 0.21279551 0.69929141 0.04680958 
37.00000000 0.00590265 0.00593579 0.00400926 0.02782832 0.22068474 0.68727239 0.04836686 
38.00000000 0.00608926 0.00622432 0.00420568 0.02980503 0.22844894 0.67534009 0.04988667 
39.00000000 0.00627050 0.00651721 0.00440515 0.03185303 0.23607494 0.66351185 0.05136731 
40.00000000 0.00644612 0.00681423 0.00460754 0.03397021 0.24355042 0.65180407 0.05280740 
41.00000000 0.00661590 0.00711514 0.00481275 0.03615417 0.25086395 0.64023223 0.05420586 
42.00000000 0.00677965 0.00741969 0.00502067 0.03840222 0.25800497 0.62881088 0.05556192 
43.00000000 0.00693724 0.00772763 0.00523118 0.04071141 0.26496383 0.61755363 0.05687507 
44.00000000 0.00708856 0.00803868 0.00544421 0.04307853 0.27173175 0.60647317 0.05814511 
45.00000000 0.00723357 0.00835258 0.00565966 0.04550011 0.27830081 0.59558121 0.05937206 
46.00000000 0.00737224 0.00866904 0.00587746 0.04797246 0.28466398 0.58488859 0.06055623 
47.00000000 0.00750459 0.00898776 0.00609754 0.05049171 0.29081506 0.57440520 0.06169814 
48.00000000 0.00763068 0.00930845 0.00631986 0.05305378 0.29674869 0.56414003 0.06279852 
49.00000000 0.00775060 0.00963079 0.00654437 0.05565441 0.30246032 0.55410118 0.06385832 
50.00000000 0.00786450 0.00995447 0.00677105 0.05828925 0.30794618 0.54429589 0.06487867 
51.00000000 0.00797252 0.01027915 0.00699989 0.06095377 0.31320328 0.53473054 0.06586085 
52.00000000 0.00807488 0.01060452 0.00723089 0.06364338 0.31822936 0.52541067 0.06680630 
53.00000000 0.00817181 0.01093023 0.00746406 0.06635341 0.32302286 0.51634103 0.06771659 
54.00000000 0.00826356 0.01125595 0.00769944 0.06907913 0.32758293 0.50752556 0.06859342 
55.00000000 0.00835042 0.01158133 0.00793708 0.07181580 0.33190935 0.49896747 0.06943855 
56.00000000 0.00843272 0.01190603 0.00817704 0.07455865 0.33600251 0.49066922 0.07025384 
57.00000000 0.00851078 0.01222970 0.00841940 0.07730295 0.33986341 0.48263257 0.07104120 
58.00000000 0.00858497 0.01255200 0.00866425 0.08004400 0.34349359 0.47485859 0.07180261 
59.00000000 0.00865567 0.01287258 0.00891170 0.08277717 0.34689512 0.46734772 0.07254004 
60.00000000 0.00872327 0.01319110 0.00916188 0.08549792 0.35007054 0.46009978 0.07325550 
61.00000000 0.00878820 0.01350724 0.00941493 0.08820178 0.35302288 0.45311399 0.07395098 
62.00000000 0.00885086 0.01382065 0.00967100 0.09088444 0.35575556 0.44638901 0.07462848 
63.00000000 0.00891171 0.01413102 0.00993025 0.09354170 0.35827240 0.43992297 0.07528995 
64.00000000 0.00897119 0.01443803 0.01019287 0.09616951 0.36057758 0.43371352 0.07593729 
65.00000000 0.00902973 0.01474138 0.01045904 0.09876402 0.36267562 0.42775782 0.07657238 
66.00000000 0.00908780 0.01504077 0.01072898 0.10132153 0.36457131 0.42205259 0.07719702 
67.00000000 0.00914585 0.01533593 0.01100287 0.10383853 0.36626972 0.41659415 0.07781294 
68.00000000 0.00920433 0.01562657 0.01128096 0.10631173 0.36777617 0.41137844 0.07842180 
69.00000000 0.00926369 0.01591245 0.01156347 0.10873805 0.36909615 0.40640104 0.07902515 
70.00000000 0.00932437 0.01619332 0.01185062 0.11111462 0.37023537 0.40165721 0.07962449 
71.00000000 0.00938680 0.01646896 0.01214267 0.11343878 0.37119969 0.39714191 0.08022119 
72.00000000 0.00945142 0.01673916 0.01243986 0.11570812 0.37199507 0.39284986 0.08081652 
73.00000000 0.00951862 0.01700372 0.01274243 0.11792044 0.37262762 0.38877549 0.08141167 
74.00000000 0.00958882 0.01726248 0.01305064 0.12007379 0.37310349 0.38491307 0.08200771 
75.00000000 0.00966239 0.01751526 0.01336475 0.12216643 0.37342893 0.38125664 0.08260559 
76.00000000 0.00973970 0.01776195 0.01368499 0.12419687 0.37361021 0.37780010 0.08320619 
77.00000000 0.00982110 0.01800240 0.01401163 0.12616382 0.37365362 0.37453719 0.08381024 
78.00000000 0.00990692 0.01823653 0.01434490 0.12806624 0.37356547 0.37146154 0.08441839 
79.00000000 0.00999746 0.01846426 0.01468507 0.12990329 0.37335203 0.36856670 0.08503119 
80.00000000 0.01009301 0.01868550 0.01503237 0.13167435 0.37301958 0.36584612 0.08564906 
81.00000000 0.01019382 0.01890024 0.01538703 0.13337900 0.37257433 0.36329322 0.08627236 
82.00000000 0.01030014 0.01910842 0.01574929 0.13501703 0.37202243 0.36090136 0.08690132 
83.00000000 0.01041218 0.01931006 0.01611937 0.13658840 0.37136997 0.35866391 0.08753610 
84.00000000 0.01053012 0.01950516 0.01649749 0.13809328 0.37062296 0.35657421 0.08817677 
85.00000000 0.01065413 0.01969375 0.01688386 0.13953199 0.36978731 0.35462565 0.08882331 
86.00000000 0.01078433 0.01987587 0.01727867 0.14090502 0.36886883 0.35281163 0.08947563 
87.00000000 0.01092085 0.02005160 0.01768212 0.14221303 0.36787323 0.35112561 0.09013356 
88.00000000 0.01106375 0.02022101 0.01809438 0.14345681 0.36680607 0.34956110 0.09079688 
89.00000000 0.01121311 0.02038419 0.01851562 0.14463728 0.36567282 0.34811169 0.09146529 
90.00000000 0.01136894 0.02054126 0.01894601 0.14575550 0.36447880 0.34677105 0.09213844 
91.00000000 0.01153125 0.02069235 0.01938569 0.14681264 0.36322918 0.34553295 0.09281593 
92.00000000 0.01170003 0.02083759 0.01983479 0.14780998 0.36192901 0.34439128 0.09349733 
93.00000000 0.01187523 0.02097715 0.02029344 0.14874888 0.36058317 0.34334001 0.09418213 
94.00000000 0.01205677 0.02111117 0.02076175 0.14963080 0.35919641 0.34237326 0.09486983 
95.00000000 0.01224458 0.02123986 0.02123982 0.15045727 0.35777330 0.34148529 0.09555988 
96.00000000 0.01243854 0.02136339 0.02172774 0.15122991 0.35631826 0.34067047 0.09625170 
97.00000000 0.01263851 0.02148196 0.02222559 0.15195036 0.35483555 0.33992333 0.09694470 
98.00000000 0.01284433 0.02159578 0.02273343 0.15262035 0.35332928 0.33923855 0.09763828 
99.00000000 0.01305585 0.02170508 0.02325131 0.15324163 0.35180337 0.33861096 0.09833181 
100.00000000 0.01327286 0.02181006 0.02377927 0.15381598 0.35026159 0.33803557 0.09902467 
101.00000000 0.01349516 0.02191098 0.02431734 0.15434524 0.34870753 0.33750751 0.09971624 
102.00000000 0.01372252 0.02200805 0.02486555 0.15483123 0.34714464 0.33702213 0.10040588 
103.00000000 0.01395472 0.02210153 0.02542389 0.15527581 0.34557617 0.33657490 0.10109298 
104.00000000 0.01419150 0.02219167 0.02599236 0.15568085 0.34400522 0.33616150 0.10177691 
105.00000000 0.01443260 0.02227870 0.02657096 0.15604820 0.34243472 0.33577776 0.10245708 
106.00000000 0.01467775 0.02236289 0.02715965 0.15637973 0.34086742 0.33541969 0.10313288 
107.00000000 0.01492667 0.02244447 0.02775840 0.15667728 0.33930594 0.33508348 0.10380375 
108.00000000 0.01517908 0.02252372 0.02836717 0.15694270 0.33775271 0.33476550 0.10446912 
109.00000000 0.01543469 0.02260088 0.02898591 0.15717781 0.33620999 0.33446228 0.10512845 
110.00000000 0.01569320 0.02267619 0.02961455 0.15738440 0.33467990 0.33417054 0.10578122 
111.00000000 0.01595431 0.02274992 0.03025303 0.15756424 0.33316439 0.33388718 0.10642693 
112.00000000 0.01621772 0.02282230 0.03090128 0.15771908 0.33166525 0.33360926 0.10706511 
113.00000000 0.01648314 0.02289358 0.03155920 0.15785062 0.33018414 0.33333403 0.10769529 
114.00000000 0.01675026 0.02296399 0.03222671 0.15796053 0.32872255 0.33305890 0.10831707 
115.00000000 0.01701878 0.02303377 0.03290372 0.15805045 0.32728181 0.33278145 0.10893002 
116.00000000 0.01728841 0.02310314 0.03359011 0.15812196 0.32586315 0.33249944 0.10953379 
117.00000000 0.01755886 0.02317232 0.03428579 0.15817661 0.32446762 0.33221079 0.11012801 
118.00000000 0.01782985 0.02324152 0.03499064 0.15821590 0.32309615 0.33191357 0.11071237 
119.00000000 0.01810109 0.02331094 0.03570454 0.15824127 0.32174954 0.33160604 0.11128657 
120.00000000 0.01837232 0.02338079 0.03642737 0.15825413 0.32042846 0.33128659 0.11185035 
121.00000000 0.01864326 0.02345124 0.03715901 0.15825582 0.31913345 0.33095377 0.11240345 
122.00000000 0.01891367 0.02352246 0.03789932 0.15824763 0.31786496 0.33060629 0.11294567 
123.00000000 0.01918330 0.02359464 0.03864817 0.15823080 0.31662329 0.33024299 0.11347681 
124.00000000 0.01945192 0.02366791 0.03940542 0.15820650 0.31540867 0.32986287 0.11399671 
125.00000000 0.01971929 0.02374243 0.04017094 0.15817587 0.31422120 0.32946505 0.11450522 
126.00000000 0.01998520 0.02381833 0.04094458 0.15813995 0.31306090 0.32904879 0.11500225 
127.00000000 0.02024945 0.02389574 0.04172620 0.15809977 0.31192771 0.32861346 0.11548768 
128.00000000 0.02051185 0.02397475 0.04251564 0.15805626 0.31082145 0.32815859 0.11596146 
129.00000000 0.02077222 0.02405548 0.04331277 0.15801030 0.30974190 0.32768379 0.11642354 
130.00000000 0.02103039 0.02413801 0.04411742 0.15796273 0.30868876 0.32718880 0.11687390 
131.00000000 0.02128620 0.02422241 0.04492944 0.15791431 0.30766164 0.32667345 0.11731254 
132.00000000 0.02153951 0.02430877 0.04574868 0.15786575 0.30666012 0.32613769 0.11773948 
133.00000000 0.02179019 0.02439712 0.04657497 0.15781770 0.30568372 0.32558154 0.11815476 
134.00000000 0.02203812 0.02448752 0.04740815 0.15777074 0.30473188 0.32500514 0.11855845 
135.00000000 0.02228319 0.02457999 0.04824807 0.15772540 0.30380405 0.32440867 0.11895062 
136.00000000 0.02252531 0.02467457 0.04909454 0.15768218 0.30289961 0.32379243 0.11933137 
137.00000000 0.02276438 0.02477125 0.04994740 0.15764148 0.30201790 0.32315677 0.11970082 
138.00000000 0.02300034 0.02487006 0.05080647 0.15760367 0.30115827 0.32250209 0.12005910 
139.00000000 0.02323312 0.02497098 0.05167159 0.15756907 0.30032002 0.32182887 0.12040636 
140.00000000 0.02346267 0.02507400 0.05254256 0.15753794 0.29950243 0.32113764 0.12074276 
141.00000000 0.02368894 0.02517909 0.05341922 0.15751050 0.29870480 0.32042897 0.12106848 
142.00000000 0.02391190 0.02528623 0.05430136 0.15748692 0.29792640 0.31970348 0.12138372 
143.00000000 0.02413152 0.02539537 0.05518880 0.15746733 0.29716649 0.31896181 0.12168868 
144.00000000 0.02434780 0.02550648 0.05608134 0.15745180 0.29642436 0.31820466 0.12198357 
145.00000000 0.02456071 0.02561950 0.05697878 0.15744038 0.29569927 0.31743273 0.12226863 
146.00000000 0.02477026 0.02573437 0.05788092 0.15743308 0.29499051 0.31664675 0.12254410 
147.00000000 0.02497646 0.02585104 0.05878755 0.15742986 0.29429739 0.31584747 0.12281023 
148.00000000 0.02517931 0.02596943 0.05969846 0.15743067 0.29361921 0.31503565 0.12306728 
149.00000000 0.02537884 0.02608949 0.06061342 0.15743541 0.29295529 0.31421205 0.12331551 
150.00000000 0.02557506 0.02621112 0.06153221 0.15744396 0.29230500 0.31337744 0.12355521 
151.00000000 0.02576802 0.02633426 0.06245460 0.15745618 0.29166768 0.31253260 0.12378666 
152.00000000 0.02595774 0.02645883 0.06338035 0.15747191 0.29104273 0.31167829 0.12401015 
153.00000000 0.02614426 0.02658474 0.06430924 0.15749097 0.29042955 0.31081528 0.12422597 
154.00000000 0.02632762 0.02671191 0.06524100 0.15751314 0.28982760 0.30994430 0.12443443 
155.00000000 0.02650787 0.02684026 0.06617538 0.15753823 0.28923632 0.30906611 0.12463582 
156.00000000 0.02668506 0.02696970 0.06711214 0.15756601 0.28865520 0.30818142 0.12483046 
157.00000000 0.02685925 0.02710015 0.06805100 0.15759625 0.28808375 0.30729094 0.12501866 
158.00000000 0.02703048 0.02723151 0.06899171 0.15762871 0.28752152 0.30639535 0.12520073 
159.00000000 0.02719880 0.02736371 0.06993398 0.15766315 0.28696806 0.30549531 0.12537698 
160.00000000 0.02736429 0.02749665 0.07087755 0.15769934 0.28642297 0.30459148 0.12554772 
161.00000000 0.02752700 0.02763025 0.07182213 0.15773702 0.28588586 0.30368446 0.12571327 
162.00000000 0.02768699 0.02776443 0.07276743 0.15777598 0.28535637 0.30277485 0.12587394 
163.00000000 0.02784433 0.02789910 0.07371318 0.15781598 0.28483417 0.30186321 0.12603003 
164.00000000 0.02799907 0.02803418 0.07465907 0.15785680 0.28431895 0.30095008 0.12618185 
165.00000000 0.02815129 0.02816960 0.07560481 0.15789822 0.28381040 0.30003597 0.12632971 
166.00000000 0.02830104 0.02830527 0.07655010 0.15794006 0.28330827 0.29912136 0.12647390 
167.00000000 0.02844841 0.02844111 0.07749465 0.15798213 0.28281230 0.29820671 0.12661471 
168.00000000 0.02859344 0.02857704 0.07843815 0.15802425 0.28232226 0.29729243 0.12675242 
169.00000000 0.02873622 0.02871300 0.07938031 0.15806627 0.28183794 0.29637893 0.12688733 
170.00000000 0.02887680 0.02884891 0.08032082 0.15810806 0.28135915 0.29546656 0.12701970 
171.00000000 0.02901526 0.02898469 0.08125938 0.15814948 0.28088570 0.29455569 0.12714980 
172.00000000 0.02915167 0.02912028 0.08219569 0.15819045 0.28041742 0.29364660 0.12727789 
173.00000000 0.02928610 0.02925561 0.08312945 0.15823087 0.27995417 0.29273960 0.12740421 
174.00000000 0.02941861 0.02939060 0.08406037 0.15827070 0.27949579 0.29183493 0.12752900 
175.00000000 0.02954927 0.02952520 0.08498815 0.15830988 0.27904217 0.29093283 0.12765250 
176.00000000 0.02967816 0.02965933 0.08591250 0.15834841 0.27859317 0.29003352 0.12777491 
177.00000000 0.02980535 0.02979294 0.08683314 0.15838627 0.27814867 0.28913717 0.12789646 
178.00000000 0.02993090 0.02992596 0.08774978 0.15842349 0.27770858 0.28824395 0.12801734 
179.00000000 0.03005489 0.03005832 0.08866216 0.15846010 0.27727279 0.28735399 0.12813774 
180.00000000 0.03017739 0.03018998 0.08956999 0.15849619 0.27684121 0.28646742 0.12825783 
181.00000000 0.03029847 0.03032086 0.09047301 0.15853181 0.27641373 0.28558434 0.12837778 
182.00000000 0.03041819 0.03045091 0.09137098 0.15856707 0.27599029 0.28470483 0.12849773 
183.00000000 0.03053664 0.03058007 0.09226364 0.15860210 0.27557078 0.28382894 0.12861784 
184.00000000 0.03065388 0.03070828 0.09315074 0.15863701 0.27515512 0.28295674 0.12873823 
185.00000000 0.03076998 0.03083549 0.09403207 0.15867197 0.27474324 0.28208825 0.12885901 
186.00000000 0.03088501 0.03096164 0.09490739 0.15870713 0.27433504 0.28122349 0.12898031 
187.00000000 0.03099904 0.03108667 0.09577650 0.15874267 0.27393046 0.28036246 0.12910220 
188.00000000 0.03111214 0.03121053 0.09663919 0.15877879 0.27352940 0.27950517 0.12922477 
189.00000000 0.03122439 0.03133318 0.09749526 0.15881568 0.27313180 0.27865159 0.12934810 
190.00000000 0.03133584 0.03145455 0.09834455 0.15885356 0.27273755 0.27780171 0.12947225 
191.00000000 0.03144656 0.03157459 0.09918687 0.15889264 0.27234659 0.27695548 0.12959726 
192.00000000 0.03155663 0.03169325 0.10002208 0.15893315 0.27195882 0.27611287 0.12972319 
193.00000000 0.03166611 0.03181049 0.10085002 0.15897532 0.27157417 0.27527384 0.12985005 
194.00000000 0.03177507 0.03192626 0.10167055 0.15901938 0.27119255 0.27443832 0.12997788 
195.00000000 0.03188356 0.03204050 0.10248356 0.15906556 0.27081386 0.27360627 0.13010668 
196.00000000 0.03199165 0.03215318 0.10328894 0.15911411 0.27043803 0.27277763 0.13023647 
197.00000000 0.03209940 0.03226424 0.10408659 0.15916526 0.27006496 0.27195233 0.13036723 
198.00000000 0.03220688 0.03237365 0.10487641 0.15921924 0.26969456 0.27113031 0.13049896 
199.00000000 0.03231413 0.03248135 0.10565835 0.15927628 0.26932675 0.27031150 0.13063164 
200.00000000 0.03242122 0.03258732 0.10643233 0.15933661 0.26896144 0.26949584 0.13076524 
201.00000000 0.03252821 0.03269152 0.10719831 0.15940045 0.26859853 0.26868325 0.13089974 
202.00000000 0.03263514 0.03279389 0.10795625 0.15946800 0.26823794 0.26787368 0.13103509 
203.00000000 0.03274206 0.03289442 0.10870613 0.15953948 0.26787959 0.26706705 0.13117127 
204.00000000 0.03284904 0.03299307 0.10944793 0.15961507 0.26752338 0.26626329 0.13130822 
205.00000000 0.03295610 0.03308980 0.11018166 0.15969496 0.26716923 0.26546235 0.13144590 
206.00000000 0.03306330 0.03318459 0.11090733 0.15977933 0.26681706 0.26466414 0.13158425 
207.00000000 0.03317069 0.03327741 0.11162495 0.15986833 0.26646678 0.26386861 0.13172322 
208.00000000 0.03327830 0.03336823 0.11233456 0.15996212 0.26611833 0.26307569 0.13186276 
209.00000000 0.03338617 0.03345703 0.11303620 0.16006084 0.26577163 0.26228532 0.13200281 
210.00000000 0.03349434 0.03354379 0.11372993 0.16016461 0.26542660 0.26149743 0.13214330 
211.00000000 0.03360285 0.03362850 0.11441581 0.16027353 0.26508318 0.26071195 0.13228418 
212.00000000 0.03371172 0.03371112 0.11509391 0.16038772 0.26474131 0.25992884 0.13242538 
213.00000000 0.03382098 0.03379166 0.11576431 0.16050725 0.26440093 0.25914802 0.13256684 
214.00000000 0.03393067 0.03387011 0.11642711 0.16063220 0.26406198 0.25836943 0.13270851 
215.00000000 0.03404081 0.03394644 0.11708239 0.16076263 0.26372441 0.25759301 0.13285032 
216.00000000 0.03415142 0.03402066 0.11773026 0.16089857 0.26338818 0.25681870 0.13299221 
217.00000000 0.03426252 0.03409276 0.11837084 0.16104007 0.26305325 0.25604644 0.13313412 
218.00000000 0.03437413 0.03416274 0.11900425 0.16118714 0.26271959 0.25527616 0.13327600 
219.00000000 0.03448628 0.03423060 0.11963060 0.16133979 0.26238715 0.25450780 0.13341778 
220.00000000 0.03459896 0.03429636 0.12025003 0.16149802 0.26205592 0.25374131 0.13355941 
221.00000000 0.03471220 0.03436000 0.12086267 0.16166181 0.26172587 0.25297661 0.13370084 
222.00000000 0.03482600 0.03442155 0.12146866 0.16183115 0.26139698 0.25221365 0.13384201 
223.00000000 0.03494038 0.03448101 0.12206814 0.16200598 0.26106924 0.25145237 0.13398288 
224.00000000 0.03505534 0.03453840 0.12266126 0.16218628 0.26074264 0.25069269 0.13412339 
225.00000000 0.03517088 0.03459374 0.12324817 0.16237199 0.26041716 0.24993457 0.13426350 
226.00000000 0.03528700 0.03464704 0.12382902 0.16256304 0.26009281 0.24917793 0.13440316 
227.00000000 0.03540371 0.03469833 0.12440396 0.16275938 0.25976957 0.24842272 0.13454233 
228.00000000 0.03552100 0.03474763 0.12497314 0.16296092 0.25944746 0.24766888 0.13468097 
229.00000000 0.03563888 0.03479498 0.12553672 0.16316759 0.25912646 0.24691634 0.13481904 
230.00000000 0.03575732 0.03484039 0.12609486 0.16337930 0.25880658 0.24616505 0.13495649 
231.00000000 0.03587633 0.03488390 0.12664772 0.16359596 0.25848783 0.24541496 0.13509329 
232.00000000 0.03599591 0.03492555 0.12719544 0.16381749 0.25817020 0.24466600 0.13522942 
233.00000000 0.03611602 0.03496538 0.12773819 0.16404378 0.25785369 0.24391813 0.13536482 
234.00000000 0.03623668 0.03500341 0.12827611 0.16427473 0.25753831 0.24317130 0.13549947 
235.00000000 0.03635785 0.03503969 0.12880937 0.16451025 0.25722405 0.24242545 0.13563334 
236.00000000 0.03647953 0.03507426 0.12933811 0.16475022 0.25691092 0.24168054 0.13576640 
237.00000000 0.03660170 0.03510718 0.12986249 0.16499456 0.25659891 0.24093654 0.13589862 
238.00000000 0.03672434 0.03513847 0.13038265 0.16524315 0.25628801 0.24019340 0.13602997 
239.00000000 0.03684744 0.03516819 0.13089875 0.16549589 0.25597822 0.23945109 0.13616043 
240.00000000 0.03697096 0.03519640 0.13141092 0.16575267 0.25566952 0.23870958 0.13628996 
241.00000000 0.03709489 0.03522313 0.13191930 0.16601339 0.25536190 0.23796884 0.13641855 
242.00000000 0.03721921 0.03524844 0.13242404 0.16627796 0.25505534 0.23722885 0.13654616 
243.00000000 0.03734390 0.03527238 0.13292527 0.16654626 0.25474982 0.23648959 0.13667279 
244.00000000 0.03746892 0.03529501 0.13342313 0.16681819 0.25444532 0.23575104 0.13679840 
245.00000000 0.03759425 0.03531637 0.13391775 0.16709366 0.25414181 0.23501320 0.13692297 
246.00000000 0.03771987 0.03533653 0.13440924 0.16737257 0.25383926 0.23427605 0.13704648 
247.00000000 0.03784575 0.03535553 0.13489775 0.16765481 0.25353764 0.23353960 0.13716892 
248.00000000 0.03797186 0.03537343 0.13538338 0.16794031 0.25323691 0.23280385 0.13729026 
249.00000000 0.03809817 0.03539029 0.13586626 0.16822895 0.25293704 0.23206880 0.13741049 
250.00000000 0.03822466 0.03540616 0.13634650 0.16852066 0.25263797 0.23133446 0.13752959 
251.00000000 0.03835130 0.03542109 0.13682422 0.16881534 0.25233968 0.23060084 0.13764754 
252.00000000 0.03847805 0.03543513 0.13729951 0.16911290 0.25204210 0.22986797 0.13776434 
253.00000000 0.03860489 0.03544835 0.13777249 0.16941326 0.25174521 0.22913585 0.13787995 
254.00000000 0.03873179 0.03546079 0.13824326 0.16971633 0.25144894 0.22840452 0.13799438 
255.00000000 0.03885872 0.03547250 0.13871192 0.17002202 0.25115324 0.22767400 0.13810761 
256.00000000 0.03898565 0.03548353 0.13917855 0.17033025 0.25085807 0.22694432 0.13821962 
257.00000000 0.03911256 0.03549393 0.13964326 0.17064095 0.25056338 0.22621551 0.13833042 
258.00000000 0.03923942 0.03550375 0.14010613 0.17095402 0.25026910 0.22548760 0.13843998 
259.00000000 0.03936620 0.03551304 0.14056724 0.17126939 0.24997519 0.22476063 0.13854831 
260.00000000 0.03949287 0.03552183 0.14102669 0.17158697 0.24968160 0.22403465 0.13865539 
261.00000000 0.03961941 0.03553018 0.14148454 0.17190670 0.24938827 0.22330968 0.13876122 
262.00000000 0.03974579 0.03553811 0.14194088 0.17222848 0.24909516 0.22258578 0.13886579 
263.00000000 0.03987199 0.03554568 0.14239578 0.17255225 0.24880220 0.22186299 0.13896911 
264.00000000 0.03999798 0.03555291 0.14284932 0.17287791 0.24850936 0.22114136 0.13907116 
265.00000000 0.04012375 0.03555984 0.14330155 0.17320540 0.24821658 0.22042093 0.13917196 
266.00000000 0.04024927 0.03556651 0.14375254 0.17353463 0.24792381 0.21970175 0.13927148 
267.00000000 0.04037452 0.03557294 0.14420237 0.17386553 0.24763101 0.21898388 0.13936975 
268.00000000 0.04049948 0.03557916 0.14465108 0.17419801 0.24733814 0.21826738 0.13946675 
269.00000000 0.04062414 0.03558520 0.14509874 0.17453200 0.24704514 0.21755229 0.13956249 
270.00000000 0.04074847 0.03559108 0.14554541 0.17486742 0.24675197 0.21683868 0.13965697 
271.00000000 0.04087246 0.03559682 0.14599113 0.17520419 0.24645860 0.21612660 0.13975020 
272.00000000 0.04099609 0.03560245 0.14643597 0.17554222 0.24616499 0.21541611 0.13984218 
273.00000000 0.04111935 0.03560797 0.14687996 0.17588144 0.24587109 0.21470728 0.13993291 
274.00000000 0.04124223 0.03561340 0.14732316 0.17622176 0.24557687 0.21400017 0.14002239 
275.00000000 0.04136472 0.03561876 0.14776561 0.17656311 0.24528229 0.21329485 0.14011065 
276.00000000 0.04148680 0.03562406 0.14820737 0.17690540 0.24498733 0.21259138 0.14019767 
277.00000000 0.04160846 0.03562930 0.14864846 0.17724855 0.24469194 0.21188983 0.14028347 
278.00000000 0.04172969 0.03563449 0.14908893 0.17759247 0.24439610 0.21119026 0.14036805 
279.00000000 0.04185049 0.03563964 0.14952883 0.17793709 0.24409977 0.21049277 0.14045142 
280.00000000 0.04197084 0.03564475 0.14996819 0.17828230 0.24380293 0.20979740 0.14053359 
281.00000000 0.04209075 0.03564981 0.15040704 0.17862804 0.24350555 0.20910424 0.14061457 
282.00000000 0.04221020 0.03565484 0.15084542 0.17897421 0.24320761 0.20841337 0.14069435 
283.00000000 0.04232919 0.03565983 0.15128336 0.17932073 0.24290908 0.20772485 0.14077296 
284.00000000 0.04244771 0.03566477 0.15172090 0.17966751 0.24260993 0.20703878 0.14085040 
285.00000000 0.04256576 0.03566967 0.15215807 0.18001446 0.24231015 0.20635521 0.14092667 
286.00000000 0.04268333 0.03567452 0.15259489 0.18036150 0.24200972 0.20567424 0.14100180 
287.00000000 0.04280042 0.03567931 0.15303140 0.18070853 0.24170862 0.20499594 0.14107577 
288.00000000 0.04291703 0.03568405 0.15346762 0.18105546 0.24140684 0.20432039 0.14114861 
289.00000000 0.04303316 0.03568871 0.15390357 0.18140221 0.24110435 0.20364767 0.14122033 
290.00000000 0.04314880 0.03569330 0.15433929 0.18174868 0.24080114 0.20297786 0.14129092 
291.00000000 0.04326394 0.03569782 0.15477479 0.18209479 0.24049721 0.20231104 0.14136041 
292.00000000 0.04337859 0.03570224 0.15521009 0.18244044 0.24019255 0.20164728 0.14142880 
293.00000000 0.04349275 0.03570658 0.15564522 0.18278554 0.23988714 0.20098667 0.14149610 
294.00000000 0.04360641 0.03571081 0.15608020 0.18313000 0.23958098 0.20032927 0.14156233 
295.00000000 0.04371957 0.03571494 0.15651503 0.18347373 0.23927407 0.19967517 0.14162748 
296.00000000 0.04383223 0.03571895 0.15694975 0.18381663 0.23896641 0.19902444 0.14169158 
297.00000000 0.04394439 0.03572285 0.15738437 0.18415862 0.23865799 0.19837715 0.14175463 
298.00000000 0.04405604 0.03572663 0.15781889 0.18449960 0.23834882 0.19773337 0.14181665 
299.00000000 0.04416718 0.03573028 0.15825334 0.18483949 0.23803890 0.19709317 0.14187763 
300.00000000 0.04427781 0.03573381 0.15868773 0.18517819 0.23772824 0.19645661 0.14193760 
301.00000000 0.04438793 0.03573721 0.15912206 0.18551562 0.23741683 0.19582377 0.14199657 
302.00000000 0.04449754 0.03574047 0.15955635 0.18585169 0.23710470 0.19519470 0.14205454 
303.00000000 0.04460663 0.03574361 0.15999061 0.18618632 0.23679185 0.19456946 0.14211152 
304.00000000 0.04471519 0.03574662 0.16042484 0.18651942 0.23647829 0.19394811 0.14216754 
305.00000000 0.04482323 0.03574949 0.16085905 0.18685091 0.23616403 0.19333070 0.14222258 
306.00000000 0.04493075 0.03575225 0.16129326 0.18718071 0.23584909 0.19271728 0.14227667 
307.00000000 0.04503773 0.03575488 0.16172746 0.18750874 0.23553348 0.19210790 0.14232981 
308.00000000 0.04514417 0.03575740 0.16216165 0.18783494 0.23521722 0.19150260 0.14238202 
309.00000000 0.04525008 0.03575981 0.16259586 0.18815922 0.23490031 0.19090143 0.14243329 
310.00000000 0.04535544 0.03576213 0.16303007 0.18848153 0.23458278 0.19030442 0.14248364 
311.00000000 0.04546025 0.03576435 0.16346429 0.18880179 0.23426465 0.18971161 0.14253308 
312.00000000 0.04556450 0.03576649 0.16389852 0.18911994 0.23394592 0.18912303 0.14258160 
313.00000000 0.04566819 0.03576857 0.16433277 0.18943593 0.23362662 0.18853870 0.14262922 
314.00000000 0.04577132 0.03577059 0.16476703 0.18974970 0.23330677 0.18795866 0.14267594 
315.00000000 0.04587387 0.03577257 0.16520131 0.19006120 0.23298637 0.18738292 0.14272177 
316.00000000 0.04597584 0.03577452 0.16563560 0.19037038 0.23266545 0.18681150 0.14276670 
317.00000000 0.04607722 0.03577647 0.16606991 0.19067720 0.23234402 0.18624443 0.14281075 
318.00000000 0.04617801 0.03577842 0.16650423 0.19098162 0.23202210 0.18568170 0.14285391 
319.00000000 0.04627820 0.03578041 0.16693857 0.19128360 0.23169971 0.18512333 0.14289618 
320.00000000 0.04637778 0.03578244 0.16737292 0.19158311 0.23137686 0.18456932 0.14293756 
321.00000000 0.04647674 0.03578455 0.16780728 0.19188012 0.23105356 0.18401968 0.14297806 
322.00000000 0.04657508 0.03578674 0.16824165 0.19217461 0.23072984 0.18347440 0.14301768 
323.00000000 0.04667278 0.03578905 0.16867602 0.19246654 0.23040571 0.18293349 0.14305640 
324.00000000 0.04676984 0.03579150 0.16911040 0.19275591 0.23008118 0.18239693 0.14309424 
325.00000000 0.04686625 0.03579411 0.16954478 0.19304269 0.22975627 0.18186472 0.14313118 
326.00000000 0.04696201 0.03579690 0.16997915 0.19332687 0.22943100 0.18133685 0.14316723 
327.00000000 0.04705709 0.03579991 0.17041351 0.19360843 0.22910538 0.18081329 0.14320239 
328.00000000 0.04715150 0.03580316 0.17084786 0.19388738 0.22877942 0.18029403 0.14323664 
329.00000000 0.04724523 0.03580667 0.17128220 0.19416369 0.22845316 0.17977906 0.14326999 
330.00000000 0.04733826 0.03581047 0.17171651 0.19443737 0.22812660 0.17926834 0.14330245 
331.00000000 0.04743060 0.03581460 0.17215080 0.19470840 0.22779975 0.17876186 0.14333399 
332.00000000 0.04752223 0.03581906 0.17258506 0.19497680 0.22747265 0.17825957 0.14336463 
333.00000000 0.04761314 0.03582390 0.17301928 0.19524254 0.22714531 0.17776147 0.14339435 
334.00000000 0.04770334 0.03582913 0.17345346 0.19550565 0.22681775 0.17726750 0.14342317 
335.00000000 0.04779281 0.03583479 0.17388760 0.19576610 0.22648999 0.17677764 0.14345108 
336.00000000 0.04788154 0.03584090 0.17432168 0.19602391 0.22616205 0.17629185 0.14347807 
337.00000000 0.04796954 0.03584747 0.17475570 0.19627908 0.22583396 0.17581008 0.14350416 
338.00000000 0.04805679 0.03585455 0.17518966 0.19653161 0.22550574 0.17533231 0.14352933 
339.00000000 0.04814330 0.03586215 0.17562356 0.19678150 0.22517741 0.17485848 0.14355361 
340.00000000 0.04822906 0.03587029 0.17605738 0.19702876 0.22484900 0.17438855 0.14357697 
341.00000000 0.04831406 0.03587899 0.17649111 0.19727339 0.22452054 0.17392247 0.14359944 
342.00000000 0.04839831 0.03588828 0.17692476 0.19751539 0.22419204 0.17346020 0.14362102 
343.00000000 0.04848180 0.03589817 0.17735832 0.19775477 0.22386355 0.17300168 0.14364170 
344.00000000 0.04856453 0.03590868 0.17779179 0.19799154 0.22353508 0.17254687 0.14366151 
345.00000000 0.04864651 0.03591984 0.17822514 0.19822569 0.22320667 0.17209572 0.14368044 
346.00000000 0.04872772 0.03593164 0.17865839 0.19845725 0.22287834 0.17164816 0.14369850 
347.00000000 0.04880819 0.03594411 0.17909153 0.19868620 0.22255012 0.17120415 0.14371570 
348.00000000 0.04888790 0.03595726 0.17952454 0.19891257 0.22222205 0.17076363 0.14373206 
349.00000000 0.04896686 0.03597110 0.17995743 0.19913635 0.22189415 0.17032655 0.14374758 
350.00000000 0.04904507 0.03598563 0.18039018 0.19935756 0.22156644 0.16989284 0.14376227 
351.00000000 0.04912254 0.03600087 0.18082280 0.19957620 0.22123897 0.16946247 0.14377615 
352.00000000 0.04919928 0.03601683 0.18125528 0.19979229 0.22091175 0.16903535 0.14378923 
353.00000000 0.04927529 0.03603349 0.18168761 0.20000583 0.22058482 0.16861145 0.14380152 
354.00000000 0.04935057 0.03605088 0.18211979 0.20021684 0.22025820 0.16819070 0.14381303 
355.00000000 0.04942514 0.03606899 0.18255180 0.20042533 0.21993193 0.16777304 0.14382377 
356.00000000 0.04949901 0.03608781 0.18298366 0.20063131 0.21960602 0.16735842 0.14383377 
357.00000000 0.04957218 0.03610735 0.18341534 0.20083480 0.21928052 0.16694677 0.14384304 
358.00000000 0.04964466 0.03612760 0.18384685 0.20103581 0.21895544 0.16653805 0.14385158 
359.00000000 0.04971647 0.03614856 0.18427819 0.20123436 0.21863081 0.16613219 0.14385942 
360.00000000 0.04978762 0.03617022 0.18470933 0.20143046 0.21830666 0.16572913 0.14386657 
361.00000000 0.04985811 0.03619257 0.18514029 0.20162414 0.21798302 0.16532882 0.14387304 
362.00000000 0.04992797 0.03621561 0.18557105 0.20181542 0.21765990 0.16493120 0.14387885 
363.00000000 0.04999720 0.03623931 0.18600161 0.20200431 0.21733733 0.16453621 0.14388402 
364.00000000 0.05006583 0.03626368 0.18643197 0.20219083 0.21701535 0.16414378 0.14388856 
365.00000000 0.05013386 0.03628868 0.18686212 0.20237502 0.21669396 0.16375387 0.14389249 
366.00000000 0.05020131 0.03631431 0.18729205 0.20255689 0.21637321 0.16336641 0.14389582 
367.00000000 0.05026820 0.03634056 0.18772177 0.20273646 0.21605311 0.16298134 0.14389857 
368.00000000 0.05033454 0.03636740 0.18815126 0.20291376 0.21573368 0.16259860 0.14390075 
369.00000000 0.05040036 0.03639481 0.18858053 0.20308883 0.21541496 0.16221813 0.14390238 
370.00000000 0.05046567 0.03642277 0.18900957 0.20326168 0.21509696 0.16183987 0.14390348 
371.00000000 0.05053049 0.03645127 0.18943838 0.20343234 0.21477972 0.16146376 0.14390406 
372.00000000 0.05059484 0.03648027 0.18986694 0.20360084 0.21446325 0.16108973 0.14390413 
373.00000000 0.05065874 0.03650976 0.19029527 0.20376721 0.21414758 0.16071772 0.14390372 
374.00000000 0.05072221 0.03653971 0.19072336 0.20393148 0.21383274 0.16034767 0.14390283 
375.00000000 0.05078527 0.03657009 0.19115121 0.20409367 0.21351876 0.15997950 0.14390149 
376.00000000 0.05084795 0.03660088 0.19157881 0.20425383 0.21320566 0.15961316 0.14389971 
377.00000000 0.05091027 0.03663206 0.19200616 0.20441198 0.21289347 0.15924857 0.14389750 
378.00000000 0.05097224 0.03666358 0.19243326 0.20456814 0.21258221 0.15888567 0.14389489 
379.00000000 0.05103390 0.03669542 0.19286012 0.20472236 0.21227192 0.15852438 0.14389189 
380.00000000 0.05109527 0.03672757 0.19328673 0.20487466 0.21196262 0.15816465 0.14388851 
381.00000000 0.05115637 0.03675997 0.19371309 0.20502507 0.21165434 0.15780639 0.14388477 
382.00000000 0.05121722 0.03679261 0.19413920 0.20517363 0.21134711 0.15744955 0.14388069 
383.00000000 0.05127785 0.03682546 0.19456506 0.20532036 0.21104096 0.15709404 0.14387628 
384.00000000 0.05133828 0.03685849 0.19499067 0.20546530 0.21073591 0.15673980 0.14387156 
385.00000000 0.05139854 0.03689165 0.19541604 0.20560848 0.21043200 0.15638675 0.14386654 
386.00000000 0.05145865 0.03692494 0.19584116 0.20574994 0.21012925 0.15603483 0.14386124 
387.00000000 0.05151863 0.03695831 0.19626604 0.20588969 0.20982769 0.15568397 0.14385567 
388.00000000 0.05157852 0.03699174 0.19669067 0.20602778 0.20952735 0.15533409 0.14384985 
389.00000000 0.05163833 0.03702519 0.19711506 0.20616423 0.20922825 0.15498514 0.14384380 
390.00000000 0.05169809 0.03705865 0.19753921 0.20629907 0.20893042 0.15463703 0.14383753 
391.00000000 0.05175782 0.03709207 0.19796311 0.20643234 0.20863390 0.15428971 0.14383105 
392.00000000 0.05181754 0.03712545 0.19838677 0.20656406 0.20833869 0.15394311 0.14382437 
393.00000000 0.05187729 0.03715873 0.19881020 0.20669427 0.20804482 0.15359717 0.14381752 
394.00000000 0.05193707 0.03719192 0.19923337 0.20682298 0.20775233 0.15325183 0.14381050 
395.00000000 0.05199691 0.03722497 0.19965631 0.20695024 0.20746122 0.15290704 0.14380332 
396.00000000 0.05205683 0.03725786 0.20007900 0.20707606 0.20717151 0.15256272 0.14379601 
397.00000000 0.05211686 0.03729057 0.20050145 0.20720049 0.20688323 0.15221884 0.14378856 
398.00000000 0.05217701 0.03732309 0.20092364 0.20732353 0.20659639 0.15187534 0.14378100 
399.00000000 0.05223730 0.03735539 0.20134559 0.20744523 0.20631101 0.15153217 0.14377333 
400.00000000 0.05229774 0.03738744 0.20176728 0.20756561 0.20602709 0.15118928 0.14376556 
401.00000000 0.05235837 0.03741924 0.20218871 0.20768468 0.20574465 0.15084665 0.14375770 
402.00000000 0.05241918 0.03745076 0.20260988 0.20780249 0.20546370 0.15050422 0.14374976 
403.00000000 0.05248020 0.03748200 0.20303078 0.20791906 0.20518425 0.15016196 0.14374175 
404.00000000 0.05254145 0.03751293 0.20345141 0.20803440 0.20490630 0.14981983 0.14373368 
405.00000000 0.05260293 0.03754354 0.20387175 0.20814855 0.20462986 0.14947782 0.14372555 
406.00000000 0.05266466 0.03757382 0.20429181 0.20826153 0.20435492 0.14913588 0.14371738 
407.00000000 0.05272666 0.03760375 0.20471157 0.20837336 0.20408149 0.14879401 0.14370916 
408.00000000 0.05278893 0.03763334 0.20513103 0.20848406 0.20380957 0.14845217 0.14370091 
409.00000000 0.05285148 0.03766256 0.20555017 0.20859366 0.20353916 0.14811035 0.14369263 
410.00000000 0.05291432 0.03769142 0.20596899 0.20870218 0.20327024 0.14776853 0.14368432 
411.00000000 0.05297747 0.03771990 0.20638748 0.20880964 0.20300281 0.14742671 0.14367599 
412.00000000 0.05304092 0.03774800 0.20680563 0.20891606 0.20273687 0.14708488 0.14366764 
413.00000000 0.05310469 0.03777571 0.20722343 0.20902146 0.20247241 0.14674302 0.14365928 
414.00000000 0.05316879 0.03780303 0.20764087 0.20912586 0.20220940 0.14640115 0.14365090 
415.00000000 0.05323321 0.03782996 0.20805794 0.20922928 0.20194785 0.14605925 0.14364252 
416.00000000 0.05329797 0.03785649 0.20847463 0.20933174 0.20168773 0.14571732 0.14363413 
417.00000000 0.05336307 0.03788262 0.20889092 0.20943325 0.20142903 0.14537538 0.14362573 
418.00000000 0.05342851 0.03790835 0.20930682 0.20953384 0.20117173 0.14503343 0.14361733 
419.00000000 0.05349429 0.03793368 0.20972230 0.20963352 0.20091582 0.14469148 0.14360892 
420.00000000 0.05356041 0.03795861 0.21013736 0.20973231 0.20066126 0.14434954 0.14360051 
421.00000000 0.05362689 0.03798314 0.21055200 0.20983022 0.20040805 0.14400762 0.14359209 
422.00000000 0.05369371 0.03800727 0.21096619 0.20992727 0.20015615 0.14366574 0.14358367 
423.00000000 0.05376088 0.03803100 0.21137994 0.21002347 0.19990555 0.14332392 0.14357524 
424.00000000 0.05382840 0.03805434 0.21179324 0.21011884 0.19965621 0.14298217 0.14356680 
425.00000000 0.05389626 0.03807729 0.21220607 0.21021340 0.19940811 0.14264053 0.14355835 
426.00000000 0.05396447 0.03809984 0.21261843 0.21030716 0.19916122 0.14229901 0.14354988 
427.00000000 0.05403301 0.03812201 0.21303032 0.21040013 0.19891550 0.14195763 0.14354140 
428.00000000 0.05410190 0.03814379 0.21344172 0.21049232 0.19867094 0.14161643 0.14353290 
429.00000000 0.05417112 0.03816520 0.21385264 0.21058376 0.19842748 0.14127543 0.14352437 
430.00000000 0.05424067 0.03818622 0.21426307 0.21067445 0.19818511 0.14093467 0.14351582 
431.00000000 0.05431055 0.03820688 0.21467301 0.21076441 0.19794377 0.14059416 0.14350722 
432.00000000 0.05438075 0.03822716 0.21508244 0.21085365 0.19770344 0.14025396 0.14349859 
433.00000000 0.05445126 0.03824708 0.21549138 0.21094220 0.19746408 0.13991409 0.14348991 
434.00000000 0.05452208 0.03826665 0.21589982 0.21103005 0.19722564 0.13957458 0.14348118 
435.00000000 0.05459319 0.03828586 0.21630776 0.21111723 0.19698810 0.13923548 0.14347238 
436.00000000 0.05466460 0.03830472 0.21671520 0.21120375 0.19675139 0.13889682 0.14346352 
437.00000000 0.05473629 0.03832323 0.21712213 0.21128963 0.19651549 0.13855864 0.14345458 
438.00000000 0.05480826 0.03834140 0.21752856 0.21137488 0.19628035 0.13822098 0.14344556 
439.00000000 0.05488049 0.03835924 0.21793450 0.21145952 0.19604592 0.13788388 0.14343645 
