0.00000000 0.00000000 -0.00000000 -0.00000000 -0.00000000 -0.00000000 1.00000000 -0.00000000 
1.00000000 0.00000666 0.00000494 0.00000327 0.00001027 0.00023331 0.99968565 0.00005590 
2.00000000 0.00002661 0.00001976 0.00001308 0.00004120 0.00093253 0.99874344 0.00022339 
3.00000000 0.00005977 0.00004443 0.00002942 0.00009322 0.00209551 0.99717587 0.00050179 
4.00000000 0.00010604 0.00007894 0.00005227 0.00016700 0.00371870 0.99498707 0.00088998 
5.00000000 0.00016524 0.00012324 0.00008164 0.00026349 0.00579718 0.99218277 0.00138643 
6.00000000 0.00023717 0.00017730 0.00011749 0.00038390 0.00832472 0.98877023 0.00198918 
7.00000000 0.00032156 0.00024107 0.00015981 0.00052969 0.01129381 0.98475818 0.00269589 
8.00000000 0.00041813 0.00031447 0.00020859 0.00070255 0.01469573 0.98015672 0.00350382 
9.00000000 0.00052654 0.00039746 0.00026379 0.00090439 0.01852063 0.97497729 0.00440991 
10.00000000 0.00064641 0.00048995 0.00032539 0.00113736 0.02275759 0.96923257 0.00541073 
11.00000000 0.00077735 0.00059187 0.00039337 0.00140378 0.02739462 0.96293642 0.00650258 
12.00000000 0.00091890 0.00070315 0.00046771 0.00170615 0.03241882 0.95610383 0.00768144 
13.00000000 0.00107060 0.00082370 0.00054836 0.00204714 0.03781635 0.94875080 0.00894305 
14.00000000 0.00123193 0.00095345 0.00063531 0.00242957 0.04357251 0.94089436 0.01028287 
15.00000000 0.00140237 0.00109231 0.00072850 0.00285636 0.04967184 0.93255244 0.01169617 
16.00000000 0.00158134 0.00124019 0.00082791 0.00333055 0.05609812 0.92374387 0.01317802 
17.00000000 0.00176827 0.00139702 0.00093348 0.00385523 0.06283446 0.91448824 0.01472330 
18.00000000 0.00196253 0.00156272 0.00104517 0.00443356 0.06986338 0.90480589 0.01632675 
19.00000000 0.00216351 0.00173720 0.00116292 0.00506874 0.07716684 0.89471779 0.01798301 
20.00000000 0.00237054 0.00192039 0.00128666 0.00576395 0.08472636 0.88424550 0.01968660 
21.00000000 0.00258297 0.00211221 0.00141633 0.00652236 0.09252306 0.87341107 0.02143200 
22.00000000 0.00280011 0.00231259 0.00155186 0.00734710 0.10053774 0.86223697 0.02321363 
23.00000000 0.00302128 0.00252146 0.00169317 0.00824124 0.10875094 0.85074599 0.02502592 
24.00000000 0.00324577 0.00273875 0.00184018 0.00920772 0.11714305 0.83896123 0.02686330 
25.00000000 0.00347289 0.00296441 0.00199278 0.01024941 0.12569430 0.82690597 0.02872026 
26.00000000 0.00370191 0.00319836 0.00215087 0.01136902 0.13438488 0.81460363 0.03059132 
27.00000000 0.00393214 0.00344057 0.00231436 0.01256910 0.14319498 0.80207776 0.03247109 
28.00000000 0.00416286 0.00369096 0.00248311 0.01385202 0.15210484 0.78935189 0.03435431 
29.00000000 0.00439337 0.00394949 0.00265699 0.01521996 0.16109480 0.77644958 0.03623581 
30.00000000 0.00462297 0.00421610 0.00283586 0.01667485 0.17014537 0.76339427 0.03811058 
31.00000000 0.00485095 0.00449076 0.00301957 0.01821840 0.17923728 0.75020928 0.03997375 
32.00000000 0.00507664 0.00477340 0.00320797 0.01985205 0.18835153 0.73691774 0.04182067 
33.00000000 0.00529937 0.00506398 0.00340088 0.02157697 0.19746946 0.72354249 0.04364685 
34.00000000 0.00551848 0.00536245 0.00359811 0.02339401 0.20657281 0.71010608 0.04544805 
35.00000000 0.00573335 0.00566875 0.00379949 0.02530375 0.21564378 0.69663065 0.04722024 
36.00000000 0.00594335 0.00598282 0.00400482 0.02730642 0.22466505 0.68313789 0.04895965 
37.00000000 0.00614790 0.00630460 0.00421391 0.02940193 0.23361988 0.66964900 0.05066279 
38.00000000 0.00634643 0.00663401 0.00442653 0.03158987 0.24249210 0.65618463 0.05232642 
39.00000000 0.00653841 0.00697098 0.00464249 0.03386945 0.25126619 0.64276488 0.05394760 
40.00000000 0.00672334 0.00731542 0.00486157 0.03623955 0.25992724 0.62940921 0.05552366 
41.00000000 0.00690074 0.00766723 0.00508355 0.03869871 0.26846106 0.61613647 0.05705224 
42.00000000 0.00707017 0.00802631 0.00530821 0.04124508 0.27685411 0.60296488 0.05853124 
43.00000000 0.00723124 0.00839251 0.00553532 0.04387649 0.28509356 0.58991199 0.05995889 
44.00000000 0.00738357 0.00876571 0.00576465 0.04659040 0.29316729 0.57699470 0.06133368 
45.00000000 0.00752683 0.00914575 0.00599598 0.04938391 0.30106390 0.56422921 0.06265441 
46.00000000 0.00766075 0.00953246 0.00622908 0.05225380 0.30877272 0.55163105 0.06392013 
47.00000000 0.00778505 0.00992564 0.00646374 0.05519650 0.31628383 0.53921503 0.06513022 
48.00000000 0.00789955 0.01032508 0.00669971 0.05820810 0.32358805 0.52699520 0.06628431 
49.00000000 0.00800407 0.01073054 0.00693681 0.06128439 0.33067700 0.51498487 0.06738232 
50.00000000 0.00809850 0.01114178 0.00717480 0.06442084 0.33754307 0.50319658 0.06842443 
51.00000000 0.00818276 0.01155851 0.00741350 0.06761266 0.34417944 0.49164202 0.06941111 
52.00000000 0.00825682 0.01198044 0.00765271 0.07085475 0.35058009 0.48033213 0.07034306 
53.00000000 0.00832070 0.01240723 0.00789226 0.07414178 0.35673978 0.46927699 0.07122126 
54.00000000 0.00837448 0.01283854 0.00813196 0.07746818 0.36265404 0.45848589 0.07204691 
55.00000000 0.00841825 0.01327401 0.00837167 0.08082817 0.36831917 0.44796730 0.07282143 
56.00000000 0.00845217 0.01371323 0.00861124 0.08421579 0.37373220 0.43772893 0.07354645 
57.00000000 0.00847645 0.01415578 0.00885053 0.08762489 0.37889084 0.42777773 0.07422379 
58.00000000 0.00849134 0.01460122 0.00908944 0.09104918 0.38379348 0.41811990 0.07485545 
59.00000000 0.00849712 0.01504908 0.00932786 0.09448228 0.38843914 0.40876096 0.07544357 
60.00000000 0.00849412 0.01549886 0.00956570 0.09791766 0.39282747 0.39970573 0.07599045 
61.00000000 0.00848272 0.01595007 0.00980290 0.10134877 0.39695867 0.39095838 0.07649848 
62.00000000 0.00846332 0.01640216 0.01003942 0.10476899 0.40083349 0.38252241 0.07697020 
63.00000000 0.00843638 0.01685458 0.01027521 0.10817169 0.40445324 0.37440070 0.07740820 
64.00000000 0.00840238 0.01730675 0.01051027 0.11155023 0.40781972 0.36659549 0.07781516 
65.00000000 0.00836184 0.01775809 0.01074460 0.11489804 0.41093522 0.35910837 0.07819383 
66.00000000 0.00831531 0.01820798 0.01097823 0.11820860 0.41380252 0.35194034 0.07854701 
67.00000000 0.00826339 0.01865583 0.01121119 0.12147546 0.41642484 0.34509176 0.07887753 
68.00000000 0.00820668 0.01910098 0.01144355 0.12469233 0.41880583 0.33856241 0.07918822 
69.00000000 0.00814583 0.01954281 0.01167539 0.12785303 0.42094951 0.33235148 0.07948194 
70.00000000 0.00808151 0.01998067 0.01190679 0.13095158 0.42286030 0.32645762 0.07976152 
71.00000000 0.00801440 0.02041392 0.01213788 0.13398216 0.42454291 0.32087895 0.08002978 
72.00000000 0.00794522 0.02084190 0.01236877 0.13693920 0.42600232 0.31561312 0.08028947 
73.00000000 0.00787468 0.02126396 0.01259962 0.13981736 0.42724379 0.31065730 0.08054330 
74.00000000 0.00780352 0.02167944 0.01283058 0.14261154 0.42827275 0.30600829 0.08079388 
75.00000000 0.00773250 0.02208772 0.01306183 0.14531693 0.42909479 0.30166248 0.08104376 
76.00000000 0.00766236 0.02248814 0.01329355 0.14792902 0.42971565 0.29761593 0.08129536 
77.00000000 0.00759387 0.02288008 0.01352594 0.15044360 0.43014115 0.29386435 0.08155101 
78.00000000 0.00752779 0.02326291 0.01375922 0.15285678 0.43037723 0.29040317 0.08181290 
79.00000000 0.00746487 0.02363605 0.01399360 0.15516503 0.43042985 0.28722748 0.08208311 
80.00000000 0.00740588 0.02399889 0.01422932 0.15736514 0.43030505 0.28433213 0.08236358 
81.00000000 0.00735157 0.02435087 0.01446662 0.15945430 0.43000890 0.28171165 0.08265610 
82.00000000 0.00730267 0.02469146 0.01470573 0.16143003 0.42954747 0.27936031 0.08296233 
83.00000000 0.00725992 0.02502011 0.01494692 0.16329026 0.42892688 0.27727215 0.08328376 
84.00000000 0.00722402 0.02533635 0.01519044 0.16503328 0.42815321 0.27544093 0.08362177 
85.00000000 0.00719568 0.02563971 0.01543654 0.16665780 0.42723253 0.27386020 0.08397754 
86.00000000 0.00717558 0.02592976 0.01568547 0.16816286 0.42617088 0.27252332 0.08435212 
87.00000000 0.00716436 0.02620609 0.01593751 0.16954793 0.42497422 0.27142348 0.08474641 
88.00000000 0.00716266 0.02646834 0.01619290 0.17081284 0.42364845 0.27055369 0.08516111 
89.00000000 0.00717108 0.02671617 0.01645191 0.17195780 0.42219934 0.26990689 0.08559681 
90.00000000 0.00719020 0.02694929 0.01671478 0.17298337 0.42063259 0.26947589 0.08605389 
91.00000000 0.00722055 0.02716744 0.01698176 0.17389048 0.41895374 0.26925344 0.08653260 
92.00000000 0.00726264 0.02737039 0.01725309 0.17468041 0.41716821 0.26923223 0.08703303 
93.00000000 0.00731694 0.02755797 0.01752903 0.17535476 0.41528128 0.26940492 0.08755510 
94.00000000 0.00738389 0.02773002 0.01780978 0.17591548 0.41329810 0.26976413 0.08809860 
95.00000000 0.00746389 0.02788646 0.01809559 0.17636479 0.41122368 0.27030242 0.08866317 
96.00000000 0.00755730 0.02802720 0.01838665 0.17670526 0.40906291 0.27101236 0.08924832 
97.00000000 0.00766443 0.02815223 0.01868318 0.17693969 0.40682056 0.27188647 0.08985343 
98.00000000 0.00778556 0.02826158 0.01898537 0.17707118 0.40450129 0.27291727 0.09047776 
99.00000000 0.00792092 0.02835529 0.01929341 0.17710305 0.40210964 0.27409722 0.09112048 
100.00000000 0.00807070 0.02843349 0.01960745 0.17703885 0.39965006 0.27541882 0.09178063 
101.00000000 0.00823505 0.02849630 0.01992767 0.17688235 0.39712692 0.27687454 0.09245718 
102.00000000 0.00841407 0.02854392 0.02025420 0.17663749 0.39454445 0.27845686 0.09314901 
103.00000000 0.00860783 0.02857657 0.02058718 0.17630838 0.39190680 0.28015832 0.09385492 
104.00000000 0.00881632 0.02859451 0.02092673 0.17589927 0.38921805 0.28197148 0.09457364 
105.00000000 0.00903954 0.02859805 0.02127296 0.17541453 0.38648214 0.28388895 0.09530383 
106.00000000 0.00927739 0.02858751 0.02162597 0.17485862 0.38370293 0.28590346 0.09604413 
107.00000000 0.00952977 0.02856327 0.02198583 0.17423609 0.38088420 0.28800776 0.09679309 
108.00000000 0.00979652 0.02852572 0.02235261 0.17355155 0.37802962 0.29019473 0.09754926 
109.00000000 0.01007743 0.02847530 0.02272636 0.17280963 0.37514281 0.29245733 0.09831114 
110.00000000 0.01037226 0.02841247 0.02310714 0.17201500 0.37222731 0.29478861 0.09907722 
111.00000000 0.01068072 0.02833772 0.02349496 0.17117232 0.36928659 0.29718170 0.09984599 
112.00000000 0.01100250 0.02825156 0.02388985 0.17028623 0.36632408 0.29962984 0.10061593 
113.00000000 0.01133723 0.02815456 0.02429180 0.16936134 0.36334319 0.30212635 0.10138554 
114.00000000 0.01168452 0.02804726 0.02470081 0.16840219 0.36034728 0.30466462 0.10215333 
115.00000000 0.01204393 0.02793026 0.02511685 0.16741326 0.35733969 0.30723816 0.10291785 
116.00000000 0.01241499 0.02780419 0.02553990 0.16639895 0.35432376 0.30984054 0.10367766 
117.00000000 0.01279723 0.02766966 0.02596992 0.16536355 0.35130279 0.31246546 0.10443140 
118.00000000 0.01319009 0.02752733 0.02640684 0.16431123 0.34828008 0.31510670 0.10517772 
119.00000000 0.01359304 0.02737787 0.02685061 0.16324605 0.34525891 0.31775817 0.10591535 
120.00000000 0.01400548 0.02722195 0.02730115 0.16217192 0.34224254 0.32041390 0.10664305 
121.00000000 0.01442683 0.02706027 0.02775838 0.16109260 0.33923423 0.32306805 0.10735965 
122.00000000 0.01485643 0.02689352 0.02822220 0.16001170 0.33623718 0.32571491 0.10806406 
123.00000000 0.01529366 0.02672241 0.02869253 0.15893266 0.33325462 0.32834891 0.10875522 
124.00000000 0.01573783 0.02654765 0.02916925 0.15785876 0.33028971 0.33096462 0.10943218 
125.00000000 0.01618827 0.02636996 0.02965224 0.15679311 0.32734564 0.33355676 0.11009403 
126.00000000 0.01664428 0.02619005 0.03014138 0.15573863 0.32442554 0.33612017 0.11073994 
127.00000000 0.01710515 0.02600866 0.03063654 0.15469806 0.32153254 0.33864985 0.11136919 
128.00000000 0.01757015 0.02582649 0.03113760 0.15367398 0.31866975 0.34114093 0.11198109 
129.00000000 0.01803857 0.02564426 0.03164439 0.15266877 0.31584026 0.34358867 0.11257508 
130.00000000 0.01850966 0.02546270 0.03215679 0.15168461 0.31304711 0.34598848 0.11315064 
131.00000000 0.01898269 0.02528252 0.03267464 0.15072355 0.31029336 0.34833588 0.11370737 
132.00000000 0.01945693 0.02510441 0.03319778 0.14978740 0.30758199 0.35062657 0.11424491 
133.00000000 0.01993165 0.02492909 0.03372606 0.14887784 0.30491596 0.35285638 0.11476303 
134.00000000 0.02040610 0.02475724 0.03425932 0.14799635 0.30229819 0.35502128 0.11526153 
135.00000000 0.02087957 0.02458954 0.03479739 0.14714426 0.29973152 0.35711739 0.11574032 
136.00000000 0.02135134 0.02442667 0.03534011 0.14632273 0.29721876 0.35914102 0.11619936 
137.00000000 0.02182070 0.02426927 0.03588731 0.14553277 0.29476262 0.36108862 0.11663871 
138.00000000 0.02228695 0.02411800 0.03643881 0.14477524 0.29236575 0.36295679 0.11705846 
139.00000000 0.02274940 0.02397348 0.03699444 0.14405085 0.29003071 0.36474233 0.11745879 
140.00000000 0.02320739 0.02383631 0.03755404 0.14336019 0.28775996 0.36644217 0.11783993 
141.00000000 0.02366025 0.02370710 0.03811743 0.14270372 0.28555589 0.36805343 0.11820218 
142.00000000 0.02410736 0.02358640 0.03868443 0.14208177 0.28342078 0.36957338 0.11854588 
143.00000000 0.02454808 0.02347479 0.03925486 0.14149458 0.28135678 0.37099948 0.11887144 
144.00000000 0.02498182 0.02337279 0.03982856 0.14094225 0.27936596 0.37232931 0.11917930 
145.00000000 0.02540801 0.02328091 0.04040536 0.14042483 0.27745027 0.37356067 0.11946996 
146.00000000 0.02582609 0.02319965 0.04098507 0.13994225 0.27561150 0.37469148 0.11974395 
147.00000000 0.02623555 0.02312947 0.04156754 0.13949437 0.27385136 0.37571986 0.12000185 
148.00000000 0.02663588 0.02307082 0.04215260 0.13908096 0.27217139 0.37664408 0.12024427 
149.00000000 0.02702662 0.02302411 0.04274008 0.13870175 0.27057301 0.37746258 0.12047185 
150.00000000 0.02740733 0.02298975 0.04332982 0.13835640 0.26905748 0.37817399 0.12068523 
151.00000000 0.02777760 0.02296809 0.04392167 0.13804450 0.26762593 0.37877710 0.12088512 
152.00000000 0.02813705 0.02295947 0.04451547 0.13776564 0.26627931 0.37927087 0.12107219 
153.00000000 0.02848532 0.02296420 0.04511106 0.13751934 0.26501843 0.37965448 0.12124717 
154.00000000 0.02882207 0.02298255 0.04570832 0.13730509 0.26384396 0.37992723 0.12141078 
155.00000000 0.02914701 0.02301477 0.04630708 0.13712237 0.26275640 0.38008863 0.12156374 
156.00000000 0.02945988 0.02306107 0.04690723 0.13697060 0.26175610 0.38013832 0.12170680 
157.00000000 0.02976045 0.02312164 0.04750861 0.13684921 0.26084327 0.38007611 0.12184070 
158.00000000 0.03004853 0.02319664 0.04811113 0.13675761 0.26001795 0.37990197 0.12196618 
159.00000000 0.03032394 0.02328618 0.04871464 0.13669519 0.25928004 0.37961604 0.12208397 
160.00000000 0.03058656 0.02339036 0.04931906 0.13666132 0.25862927 0.37921861 0.12219482 
161.00000000 0.03083630 0.02350922 0.04992427 0.13665539 0.25806523 0.37871013 0.12229945 
162.00000000 0.03107310 0.02364280 0.05053018 0.13667676 0.25758736 0.37809123 0.12239857 
163.00000000 0.03129693 0.02379108 0.05113671 0.13672479 0.25719494 0.37736266 0.12249290 
164.00000000 0.03150780 0.02395401 0.05174377 0.13679886 0.25688711 0.37652534 0.12258310 
165.00000000 0.03170575 0.02413153 0.05235131 0.13689832 0.25666287 0.37558036 0.12266987 
166.00000000 0.03189085 0.02432351 0.05295925 0.13702254 0.25652107 0.37452893 0.12275384 
167.00000000 0.03206322 0.02452981 0.05356756 0.13717089 0.25646043 0.37337244 0.12283566 
168.00000000 0.03222298 0.02475025 0.05417618 0.13734274 0.25647953 0.37211239 0.12291593 
169.00000000 0.03237032 0.02498462 0.05478509 0.13753745 0.25657683 0.37075046 0.12299524 
170.00000000 0.03250542 0.02523267 0.05539426 0.13775440 0.25675065 0.36928845 0.12307415 
171.00000000 0.03262853 0.02549411 0.05600369 0.13799295 0.25699922 0.36772829 0.12315321 
172.00000000 0.03273990 0.02576865 0.05661336 0.13825249 0.25732063 0.36607205 0.12323292 
173.00000000 0.03283981 0.02605593 0.05722330 0.13853239 0.25771286 0.36432194 0.12331377 
174.00000000 0.03292858 0.02635557 0.05783351 0.13883203 0.25817380 0.36248029 0.12339622 
175.00000000 0.03300656 0.02666718 0.05844403 0.13915077 0.25870124 0.36054953 0.12348069 
176.00000000 0.03307409 0.02699032 0.05905489 0.13948799 0.25929287 0.35853224 0.12356760 
177.00000000 0.03313158 0.02732452 0.05966613 0.13984305 0.25994631 0.35643109 0.12365731 
178.00000000 0.03317943 0.02766930 0.06027781 0.14021534 0.26065909 0.35424887 0.12375017 
179.00000000 0.03321806 0.02802414 0.06088999 0.14060420 0.26142866 0.35198846 0.12384649 
180.00000000 0.03324794 0.02838849 0.06150275 0.14100899 0.26225241 0.34965284 0.12394657 
181.00000000 0.03326952 0.02876180 0.06211616 0.14142908 0.26312768 0.34724510 0.12405067 
182.00000000 0.03328328 0.02914347 0.06273031 0.14186380 0.26405175 0.34476838 0.12415901 
183.00000000 0.03328974 0.02953290 0.06334530 0.14231251 0.26502184 0.34222593 0.12427180 
184.00000000 0.03328938 0.02992946 0.06396122 0.14277452 0.26603513 0.33962106 0.12438923 
185.00000000 0.03328275 0.03033251 0.06457818 0.14324918 0.26708879 0.33695716 0.12451143 
186.00000000 0.03327037 0.03074139 0.06519629 0.14373580 0.26817993 0.33423767 0.12463854 
187.00000000 0.03325279 0.03115543 0.06581567 0.14423371 0.26930565 0.33146609 0.12477065 
188.00000000 0.03323054 0.03157395 0.06643644 0.14474221 0.27046303 0.32864597 0.12490785 
189.00000000 0.03320420 0.03199625 0.06705872 0.14526060 0.27164915 0.32578090 0.12505017 
190.00000000 0.03317430 0.03242163 0.06768263 0.14578820 0.27286107 0.32287451 0.12519766 
191.00000000 0.03314143 0.03284939 0.06830830 0.14632428 0.27409585 0.31993045 0.12535030 
192.00000000 0.03310612 0.03327881 0.06893586 0.14686816 0.27535056 0.31695240 0.12550809 
193.00000000 0.03306896 0.03370918 0.06956543 0.14741911 0.27662228 0.31394406 0.12567098 
194.00000000 0.03303048 0.03413979 0.07019714 0.14797643 0.27790810 0.31090913 0.12583892 
195.00000000 0.03299126 0.03456993 0.07083111 0.14853941 0.27920514 0.30785131 0.12601183 
196.00000000 0.03295183 0.03499890 0.07146746 0.14910733 0.28051054 0.30477432 0.12618962 
197.00000000 0.03291273 0.03542598 0.07210632 0.14967950 0.28182148 0.30168183 0.12637216 
198.00000000 0.03287451 0.03585050 0.07274779 0.15025521 0.28313514 0.29857752 0.12655933 
199.00000000 0.03283768 0.03627177 0.07339199 0.15083377 0.28444877 0.29546504 0.12675097 
200.00000000 0.03280277 0.03668912 0.07403900 0.15141449 0.28575967 0.29234800 0.12694694 
201.00000000 0.03277026 0.03710189 0.07468894 0.15199670 0.28706515 0.28923000 0.12714705 
202.00000000 0.03274065 0.03750945 0.07534189 0.15257972 0.28836260 0.28611457 0.12735112 
203.00000000 0.03271442 0.03791117 0.07599793 0.15316290 0.28964945 0.28300520 0.12755893 
204.00000000 0.03269202 0.03830644 0.07665712 0.15374561 0.29092319 0.27990533 0.12777029 
205.00000000 0.03267390 0.03869467 0.07731954 0.15432722 0.29218137 0.27681832 0.12798497 
206.00000000 0.03266048 0.03907532 0.07798524 0.15490713 0.29342160 0.27374750 0.12820273 
207.00000000 0.03265217 0.03944783 0.07865425 0.15548474 0.29464157 0.27069610 0.12842334 
208.00000000 0.03264936 0.03981169 0.07932661 0.15605950 0.29583901 0.26766729 0.12864655 
209.00000000 0.03265243 0.04016640 0.08000233 0.15663085 0.29701175 0.26466414 0.12887210 
210.00000000 0.03266171 0.04051151 0.08068143 0.15719828 0.29815768 0.26168966 0.12909974 
211.00000000 0.03267755 0.04084656 0.08136390 0.15776128 0.29927477 0.25874675 0.12932919 
212.00000000 0.03270024 0.04117116 0.08204973 0.15831940 0.30036106 0.25583822 0.12956019 
213.00000000 0.03273009 0.04148492 0.08273888 0.15887217 0.30141469 0.25296679 0.12979246 
214.00000000 0.03276734 0.04178749 0.08343132 0.15941917 0.30243385 0.25013508 0.13002574 
215.00000000 0.03281225 0.04207854 0.08412700 0.15996003 0.30341684 0.24734560 0.13025974 
216.00000000 0.03286504 0.04235778 0.08482585 0.16049436 0.30436204 0.24460075 0.13049419 
217.00000000 0.03292590 0.04262495 0.08552778 0.16102183 0.30526791 0.24190282 0.13072881 
218.00000000 0.03299502 0.04287981 0.08623273 0.16154213 0.30613300 0.23925399 0.13096332 
219.00000000 0.03307254 0.04312216 0.08694057 0.16205497 0.30695596 0.23665633 0.13119746 
220.00000000 0.03315861 0.04335183 0.08765121 0.16256010 0.30773552 0.23411178 0.13143095 
221.00000000 0.03325332 0.04356867 0.08836451 0.16305730 0.30847050 0.23162217 0.13166352 
222.00000000 0.03335678 0.04377257 0.08908035 0.16354635 0.30915981 0.22918922 0.13189492 
223.00000000 0.03346904 0.04396345 0.08979858 0.16402708 0.30980246 0.22681452 0.13212487 
224.00000000 0.03359015 0.04414125 0.09051905 0.16449934 0.31039756 0.22449952 0.13235314 
225.00000000 0.03372014 0.04430593 0.09124160 0.16496300 0.31094429 0.22224557 0.13257946 
226.00000000 0.03385902 0.04445751 0.09196604 0.16541796 0.31144195 0.22005390 0.13280361 
227.00000000 0.03400676 0.04459601 0.09269222 0.16586414 0.31188992 0.21792560 0.13302535 
228.00000000 0.03416334 0.04472147 0.09341994 0.16630148 0.31228767 0.21586165 0.13324445 
229.00000000 0.03432870 0.04483398 0.09414901 0.16672993 0.31263477 0.21386291 0.13346069 
230.00000000 0.03450278 0.04493364 0.09487923 0.16714948 0.31293088 0.21193011 0.13367388 
231.00000000 0.03468548 0.04502057 0.09561041 0.16756011 0.31317576 0.21006386 0.13388381 
232.00000000 0.03487669 0.04509493 0.09634234 0.16796185 0.31336926 0.20826465 0.13409029 
233.00000000 0.03507631 0.04515686 0.09707481 0.16835472 0.31351130 0.20653287 0.13429314 
234.00000000 0.03528418 0.04520658 0.09780761 0.16873875 0.31360192 0.20486876 0.13449220 
235.00000000 0.03550017 0.04524427 0.09854053 0.16911401 0.31364124 0.20327248 0.13468731 
236.00000000 0.03572410 0.04527017 0.09927336 0.16948055 0.31362945 0.20174405 0.13487832 
237.00000000 0.03595580 0.04528451 0.10000589 0.16983844 0.31356685 0.20028340 0.13506510 
238.00000000 0.03619508 0.04528757 0.10073790 0.17018777 0.31345381 0.19889034 0.13524753 
239.00000000 0.03644174 0.04527959 0.10146920 0.17052862 0.31329078 0.19756459 0.13542548 
240.00000000 0.03669556 0.04526088 0.10219957 0.17086109 0.31307831 0.19630573 0.13559886 
241.00000000 0.03695633 0.04523172 0.10292882 0.17118527 0.31281699 0.19511328 0.13576758 
242.00000000 0.03722380 0.04519243 0.10365674 0.17150127 0.31250754 0.19398665 0.13593157 
243.00000000 0.03749775 0.04514333 0.10438315 0.17180919 0.31215070 0.19292514 0.13609074 
244.00000000 0.03777792 0.04508473 0.10510787 0.17210914 0.31174732 0.19192797 0.13624506 
245.00000000 0.03806406 0.04501698 0.10583070 0.17240122 0.31129829 0.19099428 0.13639446 
246.00000000 0.03835591 0.04494042 0.10655148 0.17268555 0.31080460 0.19012311 0.13653892 
247.00000000 0.03865320 0.04485540 0.10727005 0.17296224 0.31026726 0.18931343 0.13667841 
248.00000000 0.03895566 0.04476227 0.10798625 0.17323139 0.30968737 0.18856413 0.13681292 
249.00000000 0.03926302 0.04466138 0.10869993 0.17349312 0.30906608 0.18787401 0.13694245 
250.00000000 0.03957500 0.04455311 0.10941096 0.17374753 0.30840459 0.18724182 0.13706699 
251.00000000 0.03989132 0.04443781 0.11011919 0.17399474 0.30770414 0.18666623 0.13718657 
252.00000000 0.04021170 0.04431584 0.11082453 0.17423484 0.30696605 0.18614584 0.13730120 
253.00000000 0.04053584 0.04418758 0.11152684 0.17446796 0.30619164 0.18567921 0.13741093 
254.00000000 0.04086347 0.04405339 0.11222605 0.17469419 0.30538229 0.18526483 0.13751577 
255.00000000 0.04119431 0.04391364 0.11292205 0.17491364 0.30453943 0.18490114 0.13761580 
256.00000000 0.04152805 0.04376868 0.11361478 0.17512643 0.30366449 0.18458652 0.13771104 
257.00000000 0.04186443 0.04361890 0.11430416 0.17533265 0.30275896 0.18431933 0.13780157 
258.00000000 0.04220315 0.04346465 0.11499013 0.17553242 0.30182434 0.18409785 0.13788745 
259.00000000 0.04254394 0.04330628 0.11567266 0.17572585 0.30086214 0.18392037 0.13796875 
260.00000000 0.04288651 0.04314416 0.11635171 0.17591305 0.29987392 0.18378510 0.13804555 
261.00000000 0.04323058 0.04297864 0.11702726 0.17609414 0.29886121 0.18369024 0.13811792 
262.00000000 0.04357589 0.04281007 0.11769928 0.17626924 0.29782559 0.18363398 0.13818595 
263.00000000 0.04392216 0.04263879 0.11836779 0.17643846 0.29676864 0.18361445 0.13824972 
264.00000000 0.04426912 0.04246515 0.11903277 0.17660195 0.29569191 0.18362978 0.13830932 
265.00000000 0.04461650 0.04228948 0.11969426 0.17675982 0.29459700 0.18367809 0.13836485 
266.00000000 0.04496405 0.04211211 0.12035228 0.17691222 0.29348547 0.18375748 0.13841639 
267.00000000 0.04531151 0.04193338 0.12100687 0.17705929 0.29235888 0.18386603 0.13846404 
268.00000000 0.04565863 0.04175360 0.12165806 0.17720119 0.29121881 0.18400182 0.13850790 
269.00000000 0.04600516 0.04157309 0.12230591 0.17733807 0.29006677 0.18416295 0.13854806 
270.00000000 0.04635086 0.04139215 0.12295048 0.17747010 0.28890432 0.18434748 0.13858461 
271.00000000 0.04669549 0.04121110 0.12359185 0.17759745 0.28773295 0.18455351 0.13861765 
272.00000000 0.04703883 0.04103023 0.12423008 0.17772030 0.28655416 0.18477912 0.13864728 
273.00000000 0.04738064 0.04084983 0.12486526 0.17783885 0.28536941 0.18502242 0.13867358 
274.00000000 0.04772070 0.04067019 0.12549748 0.17795330 0.28418015 0.18528152 0.13869666 
275.00000000 0.04805881 0.04049158 0.12612684 0.17806384 0.28298778 0.18555454 0.13871660 
276.00000000 0.04839475 0.04031429 0.12675344 0.17817071 0.28179368 0.18583964 0.13873350 
277.00000000 0.04872832 0.04013856 0.12737737 0.17827412 0.28059922 0.18613498 0.13874743 
278.00000000 0.04905932 0.03996467 0.12799876 0.17837430 0.27940569 0.18643876 0.13875850 
279.00000000 0.04938757 0.03979286 0.12861771 0.17847151 0.27821439 0.18674918 0.13876677 
280.00000000 0.04971288 0.03962339 0.12923434 0.17856598 0.27702657 0.18706450 0.13877234 
281.00000000 0.05003507 0.03945647 0.12984879 0.17865797 0.27584341 0.18738300 0.13877529 
282.00000000 0.05035397 0.03929236 0.13046116 0.17874775 0.27466610 0.18770297 0.13877569 
283.00000000 0.05066942 0.03913126 0.13107158 0.17883559 0.27349575 0.18802278 0.13877363 
284.00000000 0.05098125 0.03897339 0.13168019 0.17892175 0.27233346 0.18834079 0.13876917 
285.00000000 0.05128933 0.03881896 0.13228711 0.17900653 0.27118026 0.18865543 0.13876239 
286.00000000 0.05159349 0.03866817 0.13289247 0.17909020 0.27003716 0.18896516 0.13875336 
287.00000000 0.05189360 0.03852121 0.13349640 0.17917304 0.26890511 0.18926849 0.13874215 
288.00000000 0.05218953 0.03837827 0.13409903 0.17925536 0.26778502 0.18956396 0.13872883 
289.00000000 0.05248116 0.03823951 0.13470050 0.17933743 0.26667777 0.18985016 0.13871348 
290.00000000 0.05276836 0.03810511 0.13530093 0.17941955 0.26558419 0.19012573 0.13869614 
291.00000000 0.05305102 0.03797522 0.13590045 0.17950200 0.26450505 0.19038937 0.13867690 
292.00000000 0.05332904 0.03784999 0.13649919 0.17958508 0.26344109 0.19063980 0.13865581 
293.00000000 0.05360232 0.03772957 0.13709727 0.17966906 0.26239301 0.19087583 0.13863294 
294.00000000 0.05387077 0.03761408 0.13769483 0.17975423 0.26136146 0.19109627 0.13860836 
295.00000000 0.05413430 0.03750366 0.13829197 0.17984086 0.26034706 0.19130003 0.13858212 
296.00000000 0.05439282 0.03739841 0.13888883 0.17992922 0.25935037 0.19148605 0.13855430 
297.00000000 0.05464628 0.03729844 0.13948551 0.18001957 0.25837191 0.19165332 0.13852496 
298.00000000 0.05489461 0.03720385 0.14008214 0.18011216 0.25741218 0.19180089 0.13849417 
299.00000000 0.05513773 0.03711473 0.14067883 0.18020724 0.25647161 0.19192788 0.13846199 
300.00000000 0.05537562 0.03703114 0.14127567 0.18030504 0.25555061 0.19203342 0.13842849 
301.00000000 0.05560821 0.03695317 0.14187278 0.18040579 0.25464955 0.19211675 0.13839375 
302.00000000 0.05583547 0.03688087 0.14247026 0.18050969 0.25376876 0.19217713 0.13835783 
303.00000000 0.05605737 0.03681429 0.14306821 0.18061694 0.25290852 0.19221387 0.13832080 
304.00000000 0.05627388 0.03675348 0.14366671 0.18072772 0.25206910 0.19222636 0.13828274 
305.00000000 0.05648499 0.03669846 0.14426587 0.18084222 0.25125070 0.19221403 0.13824373 
306.00000000 0.05669068 0.03664926 0.14486576 0.18096057 0.25045352 0.19217636 0.13820385 
307.00000000 0.05689094 0.03660588 0.14546647 0.18108293 0.24967771 0.19211290 0.13816317 
308.00000000 0.05708579 0.03656834 0.14606807 0.18120942 0.24892338 0.19202323 0.13812178 
309.00000000 0.05727521 0.03653663 0.14667064 0.18134015 0.24819061 0.19190700 0.13807976 
310.00000000 0.05745924 0.03651074 0.14727425 0.18147520 0.24747946 0.19176391 0.13803720 
311.00000000 0.05763788 0.03649064 0.14787896 0.18161466 0.24678996 0.19159371 0.13799419 
312.00000000 0.05781117 0.03647629 0.14848483 0.18175859 0.24612210 0.19139620 0.13795082 
313.00000000 0.05797913 0.03646767 0.14909192 0.18190703 0.24547584 0.19117123 0.13790718 
314.00000000 0.05814182 0.03646472 0.14970028 0.18206001 0.24485111 0.19091870 0.13786337 
315.00000000 0.05829926 0.03646738 0.15030996 0.18221753 0.24424784 0.19063855 0.13781948 
316.00000000 0.05845152 0.03647558 0.15092100 0.18237961 0.24366589 0.19033078 0.13777562 
317.00000000 0.05859864 0.03648926 0.15153345 0.18254620 0.24310514 0.18999544 0.13773187 
318.00000000 0.05874070 0.03650833 0.15214732 0.18271729 0.24256541 0.18963260 0.13768835 
319.00000000 0.05887776 0.03653270 0.15276267 0.18289282 0.24204651 0.18924240 0.13764515 
320.00000000 0.05900990 0.03656227 0.15337950 0.18307273 0.24154822 0.18882501 0.13760237 
321.00000000 0.05913719 0.03659695 0.15399785 0.18325694 0.24107031 0.18838064 0.13756012 
322.00000000 0.05925972 0.03663662 0.15461774 0.18344535 0.24061252 0.18790955 0.13751851 
323.00000000 0.05937759 0.03668116 0.15523917 0.18363787 0.24017456 0.18741203 0.13747763 
324.00000000 0.05949088 0.03673045 0.15586215 0.18383439 0.23975614 0.18688842 0.13743758 
325.00000000 0.05959970 0.03678436 0.15648670 0.18403477 0.23935692 0.18633908 0.13739848 
326.00000000 0.05970415 0.03684275 0.15711282 0.18423888 0.23897657 0.18576441 0.13736041 
327.00000000 0.05980435 0.03690549 0.15774050 0.18444659 0.23861473 0.18516486 0.13732348 
328.00000000 0.05990041 0.03697243 0.15836974 0.18465773 0.23827101 0.18454089 0.13728779 
329.00000000 0.05999245 0.03704341 0.15900053 0.18487215 0.23794502 0.18389301 0.13725343 
330.00000000 0.06008060 0.03711828 0.15963286 0.18508968 0.23763634 0.18322173 0.13722049 
331.00000000 0.06016498 0.03719689 0.16026672 0.18531016 0.23734454 0.18252764 0.13718907 
332.00000000 0.06024572 0.03727906 0.16090209 0.18553340 0.23706918 0.18181129 0.13715926 
333.00000000 0.06032297 0.03736463 0.16153895 0.18575922 0.23680978 0.18107332 0.13713113 
334.00000000 0.06039685 0.03745343 0.16217728 0.18598745 0.23656586 0.18031436 0.13710477 
335.00000000 0.06046752 0.03754528 0.16281705 0.18621789 0.23633695 0.17953505 0.13708025 
336.00000000 0.06053512 0.03764002 0.16345823 0.18645036 0.23612253 0.17873609 0.13705766 
337.00000000 0.06059980 0.03773744 0.16410079 0.18668468 0.23592207 0.17791817 0.13703704 
338.00000000 0.06066171 0.03783739 0.16474470 0.18692065 0.23573506 0.17708201 0.13701847 
339.00000000 0.06072101 0.03793967 0.16538993 0.18715809 0.23556094 0.17622835 0.13700201 
340.00000000 0.06077785 0.03804409 0.16603644 0.18739681 0.23539917 0.17535793 0.13698770 
341.00000000 0.06083240 0.03815048 0.16668419 0.18763663 0.23524918 0.17447153 0.13697560 
342.00000000 0.06088481 0.03825864 0.16733315 0.18787737 0.23511039 0.17356991 0.13696573 
343.00000000 0.06093525 0.03836839 0.16798326 0.18811884 0.23498222 0.17265388 0.13695815 
344.00000000 0.06098388 0.03847954 0.16863450 0.18836089 0.23486409 0.17172423 0.13695287 
345.00000000 0.06103086 0.03859189 0.16928682 0.18860333 0.23475539 0.17078178 0.13694993 
346.00000000 0.06107637 0.03870526 0.16994018 0.18884600 0.23465553 0.16982733 0.13694932 
347.00000000 0.06112057 0.03881946 0.17059453 0.18908874 0.23456390 0.16886172 0.13695107 
348.00000000 0.06116363 0.03893431 0.17124983 0.18933140 0.23447987 0.16788579 0.13695518 
349.00000000 0.06120572 0.03904960 0.17190604 0.18957381 0.23440284 0.16690035 0.13696163 
350.00000000 0.06124700 0.03916517 0.17256311 0.18981584 0.23433219 0.16590625 0.13697044 
351.00000000 0.06128765 0.03928082 0.17322101 0.19005734 0.23426729 0.16490434 0.13698156 
352.00000000 0.06132783 0.03939637 0.17387968 0.19029818 0.23420752 0.16389544 0.13699499 
353.00000000 0.06136770 0.03951163 0.17453909 0.19053822 0.23415227 0.16288041 0.13701068 
354.00000000 0.06140744 0.03962643 0.17519919 0.19077735 0.23410090 0.16186007 0.13702861 
355.00000000 0.06144721 0.03974059 0.17585995 0.19101545 0.23405281 0.16083527 0.13704873 
356.00000000 0.06148716 0.03985393 0.17652132 0.19125240 0.23400736 0.15980684 0.13707099 
357.00000000 0.06152747 0.03996628 0.17718327 0.19148809 0.23396396 0.15877559 0.13709534 
358.00000000 0.06156829 0.04007747 0.17784577 0.19172242 0.23392199 0.15774236 0.13712171 
359.00000000 0.06160977 0.04018732 0.17850877 0.19195529 0.23388085 0.15670796 0.13715004 
360.00000000 0.06165208 0.04029568 0.17917224 0.19218662 0.23383995 0.15567318 0.13718025 
361.00000000 0.06169536 0.04040239 0.17983616 0.19241630 0.23379869 0.15463884 0.13721227 
362.00000000 0.06173976 0.04050728 0.18050049 0.19264426 0.23375650 0.15360570 0.13724602 
363.00000000 0.06178543 0.04061020 0.18116520 0.19287042 0.23371280 0.15257455 0.13728140 
364.00000000 0.06183251 0.04071100 0.18183028 0.19309470 0.23366704 0.15154615 0.13731832 
365.00000000 0.06188113 0.04080954 0.18249569 0.19331703 0.23361867 0.15052125 0.13735669 
366.00000000 0.06193144 0.04090567 0.18316142 0.19353734 0.23356714 0.14950059 0.13739641 
367.00000000 0.06198356 0.04099925 0.18382745 0.19375556 0.23351194 0.14848488 0.13743736 
368.00000000 0.06203762 0.04109015 0.18449376 0.19397163 0.23345256 0.14747483 0.13747945 
369.00000000 0.06209373 0.04117824 0.18516034 0.19418550 0.23338849 0.14647113 0.13752257 
370.00000000 0.06215202 0.04126340 0.18582718 0.19439711 0.23331926 0.14547445 0.13756659 
371.00000000 0.06221260 0.04134551 0.18649426 0.19460639 0.23324439 0.14448545 0.13761140 
372.00000000 0.06227556 0.04142446 0.18716158 0.19481330 0.23316345 0.14350475 0.13765689 
373.00000000 0.06234102 0.04150013 0.18782914 0.19501779 0.23307599 0.14253299 0.13770294 
374.00000000 0.06240907 0.04157243 0.18849693 0.19521981 0.23298160 0.14157074 0.13774941 
375.00000000 0.06247980 0.04164125 0.18916496 0.19541932 0.23287988 0.14061859 0.13779620 
376.00000000 0.06255329 0.04170651 0.18983322 0.19561626 0.23277046 0.13967708 0.13784318 
377.00000000 0.06262963 0.04176812 0.19050173 0.19581059 0.23265297 0.13874676 0.13789021 
378.00000000 0.06270887 0.04182600 0.19117048 0.19600227 0.23252707 0.13782812 0.13793719 
379.00000000 0.06279109 0.04188008 0.19183948 0.19619126 0.23239245 0.13692166 0.13798398 
380.00000000 0.06287635 0.04193030 0.19250876 0.19637751 0.23224879 0.13602783 0.13803046 
381.00000000 0.06296470 0.04197658 0.19317830 0.19656100 0.23209583 0.13514708 0.13807651 
382.00000000 0.06305619 0.04201888 0.19384814 0.19674168 0.23193329 0.13427982 0.13812200 
383.00000000 0.06315086 0.04205715 0.19451829 0.19691951 0.23176095 0.13342644 0.13816682 
384.00000000 0.06324874 0.04209134 0.19518876 0.19709445 0.23157857 0.13258729 0.13821084 
385.00000000 0.06334985 0.04212144 0.19585957 0.19726648 0.23138597 0.13176274 0.13825395 
386.00000000 0.06345423 0.04214740 0.19653074 0.19743556 0.23118296 0.13095307 0.13829603 
387.00000000 0.06356188 0.04216921 0.19720229 0.19760166 0.23096940 0.13015860 0.13833697 
388.00000000 0.06367280 0.04218685 0.19787425 0.19776474 0.23074514 0.12937957 0.13837666 
389.00000000 0.06378701 0.04220031 0.19854662 0.19792479 0.23051006 0.12861622 0.13841498 
390.00000000 0.06390449 0.04220961 0.19921944 0.19808176 0.23026408 0.12786877 0.13845184 
391.00000000 0.06402523 0.04221474 0.19989273 0.19823563 0.23000713 0.12713740 0.13848713 
392.00000000 0.06414922 0.04221572 0.20056651 0.19838639 0.22973914 0.12642227 0.13852075 
393.00000000 0.06427642 0.04221257 0.20124080 0.19853400 0.22946009 0.12572352 0.13855261 
394.00000000 0.06440680 0.04220531 0.20191562 0.19867845 0.22916996 0.12504124 0.13858261 
395.00000000 0.06454033 0.04219398 0.20259101 0.19881972 0.22886877 0.12437552 0.13861067 
396.00000000 0.06467696 0.04217863 0.20326698 0.19895780 0.22855652 0.12372643 0.13863669 
397.00000000 0.06481664 0.04215930 0.20394355 0.19909266 0.22823327 0.12309398 0.13866061 
398.00000000 0.06495931 0.04213604 0.20462074 0.19922430 0.22789908 0.12247820 0.13868233 
399.00000000 0.06510492 0.04210891 0.20529858 0.19935272 0.22755403 0.12187905 0.13870179 
400.00000000 0.06525339 0.04207798 0.20597708 0.19947790 0.22719822 0.12129651 0.13871892 
401.00000000 0.06540465 0.04204333 0.20665627 0.19959984 0.22683176 0.12073050 0.13873365 
402.00000000 0.06555862 0.04200503 0.20733616 0.19971855 0.22645478 0.12018093 0.13874593 
403.00000000 0.06571523 0.04196316 0.20801676 0.19983402 0.22606743 0.11964770 0.13875569 
404.00000000 0.06587437 0.04191782 0.20869810 0.19994628 0.22566987 0.11913068 0.13876288 
405.00000000 0.06603596 0.04186910 0.20938019 0.20005531 0.22526228 0.11862970 0.13876746 
406.00000000 0.06619990 0.04181710 0.21006303 0.20016115 0.22484484 0.11814460 0.13876938 
407.00000000 0.06636609 0.04176192 0.21074665 0.20026380 0.22441778 0.11767517 0.13876859 
408.00000000 0.06653443 0.04170368 0.21143104 0.20036328 0.22398129 0.11722121 0.13876507 
409.00000000 0.06670479 0.04164249 0.21211622 0.20045963 0.22353561 0.11678247 0.13875878 
410.00000000 0.06687708 0.04157847 0.21280219 0.20055287 0.22308099 0.11635870 0.13874970 
411.00000000 0.06705118 0.04151173 0.21348896 0.20064302 0.22261768 0.11594964 0.13873780 
412.00000000 0.06722696 0.04144241 0.21417653 0.20073013 0.22214593 0.11555499 0.13872305 
413.00000000 0.06740430 0.04137064 0.21486490 0.20081422 0.22166603 0.11517445 0.13870546 
414.00000000 0.06758309 0.04129654 0.21555407 0.20089535 0.22117826 0.11480770 0.13868499 
415.00000000 0.06776320 0.04122026 0.21624403 0.20097355 0.22068290 0.11445442 0.13866165 
416.00000000 0.06794449 0.04114192 0.21693478 0.20104888 0.22018026 0.11411424 0.13863543 
417.00000000 0.06812684 0.04106167 0.21762632 0.20112139 0.21967064 0.11378681 0.13860633 
418.00000000 0.06831012 0.04097965 0.21831863 0.20119112 0.21915436 0.11347177 0.13857435 
419.00000000 0.06849419 0.04089600 0.21901171 0.20125815 0.21863174 0.11316872 0.13853950 
420.00000000 0.06867893 0.04081087 0.21970554 0.20132252 0.21810309 0.11287727 0.13850178 
421.00000000 0.06886420 0.04072440 0.22040011 0.20138430 0.21756875 0.11259702 0.13846122 
422.00000000 0.06904986 0.04063674 0.22109541 0.20144357 0.21702906 0.11232756 0.13841782 
423.00000000 0.06923580 0.04054802 0.22179141 0.20150038 0.21648434 0.11206846 0.13837160 
424.00000000 0.06942186 0.04045841 0.22248810 0.20155481 0.21593493 0.11181930 0.13832258 
425.00000000 0.06960793 0.04036804 0.22318546 0.20160693 0.21538119 0.11157966 0.13827079 
426.00000000 0.06979386 0.04027706 0.22388347 0.20165682 0.21482344 0.11134908 0.13821626 
427.00000000 0.06997953 0.04018561 0.22458211 0.20170456 0.21426204 0.11112713 0.13815901 
428.00000000 0.07016482 0.04009384 0.22528135 0.20175023 0.21369733 0.11091336 0.13809907 
429.00000000 0.07034958 0.04000189 0.22598116 0.20179391 0.21312965 0.11070733 0.13803649 
430.00000000 0.07053371 0.03990989 0.22668153 0.20183568 0.21255934 0.11050857 0.13797128 
431.00000000 0.07071707 0.03981799 0.22738242 0.20187563 0.21198674 0.11031665 0.13790350 
432.00000000 0.07089954 0.03972631 0.22808380 0.20191385 0.21141220 0.11013111 0.13783318 
433.00000000 0.07108101 0.03963500 0.22878565 0.20195043 0.21083605 0.10995150 0.13776036 
434.00000000 0.07126136 0.03954418 0.22948793 0.20198544 0.21025863 0.10977736 0.13768509 
435.00000000 0.07144048 0.03945399 0.23019062 0.20201900 0.20968026 0.10960825 0.13760741 
436.00000000 0.07161825 0.03936453 0.23089369 0.20205117 0.20910127 0.10944372 0.13752736 
437.00000000 0.07179457 0.03927595 0.23159710 0.20208207 0.20852199 0.10928333 0.13744500 
438.00000000 0.07196934 0.03918834 0.23230081 0.20211177 0.20794273 0.10912664 0.13736036 
439.00000000 0.07214246 0.03910184 0.23300481 0.20214038 0.20736379 0.10897322 0.13727351 
