0.00000000 0.00000000 -0.00000000 -0.00000000 -0.00000000 -0.00000000 1.00000000 -0.00000000 
1.00000000 0.00001175 0.00001434 0.00000280 0.00001441 0.00035789 0.99953325 0.00006555 
2.00000000 0.00004497 0.00005646 0.00001023 0.00006028 0.00139353 0.99817906 0.00025547 
3.00000000 0.00009678 0.00012499 0.00002106 0.00014138 0.00305129 0.99600475 0.00055974 
4.00000000 0.00016463 0.00021855 0.00003429 0.00026120 0.00527755 0.99307519 0.00096859 
5.00000000 0.00024622 0.00033573 0.00004914 0.00042285 0.00802091 0.98945264 0.00147251 
6.00000000 0.00033950 0.00047511 0.00006499 0.00062903 0.01123226 0.98519672 0.00206239 
7.00000000 0.00044267 0.00063523 0.00008143 0.00088197 0.01486490 0.98036433 0.00272947 
8.00000000 0.00055414 0.00081462 0.00009817 0.00118342 0.01887458 0.97500960 0.00346547 
9.00000000 0.00067254 0.00101179 0.00011506 0.00153466 0.02321951 0.96918389 0.00426254 
10.00000000 0.00079666 0.00122523 0.00013204 0.00193650 0.02786039 0.96293584 0.00511335 
11.00000000 0.00092546 0.00145345 0.00014916 0.00238925 0.03276035 0.95631132 0.00601101 
12.00000000 0.00105806 0.00169497 0.00016655 0.00289283 0.03788492 0.94935353 0.00694914 
13.00000000 0.00119370 0.00194832 0.00018436 0.00344674 0.04320201 0.94210300 0.00792187 
14.00000000 0.00133175 0.00221209 0.00020283 0.00405008 0.04868177 0.93459773 0.00892375 
15.00000000 0.00147165 0.00248487 0.00022221 0.00470165 0.05429658 0.92687319 0.00994985 
16.00000000 0.00161297 0.00276532 0.00024277 0.00539993 0.06002094 0.91896243 0.01099563 
17.00000000 0.00175532 0.00305217 0.00026480 0.00614316 0.06583136 0.91089618 0.01205702 
18.00000000 0.00189839 0.00334419 0.00028858 0.00692934 0.07170629 0.90270291 0.01313031 
19.00000000 0.00204193 0.00364021 0.00031441 0.00775630 0.07762600 0.89440895 0.01421220 
20.00000000 0.00218572 0.00393916 0.00034256 0.00862175 0.08357249 0.88603859 0.01529973 
21.00000000 0.00232959 0.00424002 0.00037327 0.00952326 0.08952942 0.87761415 0.01639028 
22.00000000 0.00247341 0.00454185 0.00040679 0.01045835 0.09548194 0.86915613 0.01748152 
23.00000000 0.00261705 0.00484379 0.00044333 0.01142450 0.10141668 0.86068324 0.01857142 
24.00000000 0.00276043 0.00514504 0.00048308 0.01241915 0.10732156 0.85221256 0.01965817 
25.00000000 0.00290347 0.00544489 0.00052620 0.01343979 0.11318580 0.84375960 0.02074025 
26.00000000 0.00304610 0.00574271 0.00057282 0.01448393 0.11899973 0.83533841 0.02181630 
27.00000000 0.00318827 0.00603791 0.00062306 0.01554912 0.12475481 0.82696167 0.02288517 
28.00000000 0.00332993 0.00633000 0.00067698 0.01663300 0.13044344 0.81864075 0.02394590 
29.00000000 0.00347106 0.00661853 0.00073466 0.01773329 0.13605897 0.81038584 0.02499764 
30.00000000 0.00361160 0.00690313 0.00079612 0.01884782 0.14159559 0.80220602 0.02603971 
31.00000000 0.00375154 0.00718347 0.00086137 0.01997452 0.14704825 0.79410931 0.02707153 
32.00000000 0.00389085 0.00745928 0.00093040 0.02111143 0.15241263 0.78610278 0.02809263 
33.00000000 0.00402949 0.00773034 0.00100318 0.02225671 0.15768504 0.77819259 0.02910264 
34.00000000 0.00416746 0.00799648 0.00107967 0.02340867 0.16286240 0.77038408 0.03010126 
35.00000000 0.00430471 0.00825756 0.00115980 0.02456570 0.16794215 0.76268183 0.03108825 
36.00000000 0.00444125 0.00851348 0.00124352 0.02572637 0.17292224 0.75508972 0.03206343 
37.00000000 0.00457704 0.00876418 0.00133074 0.02688933 0.17780105 0.74761097 0.03302669 
38.00000000 0.00471207 0.00900963 0.00142138 0.02805338 0.18257739 0.74024822 0.03397794 
39.00000000 0.00484633 0.00924980 0.00151535 0.02921742 0.18725040 0.73300357 0.03491713 
40.00000000 0.00497980 0.00948473 0.00161255 0.03038049 0.19181957 0.72587861 0.03584424 
41.00000000 0.00511248 0.00971444 0.00171291 0.03154173 0.19628468 0.71887448 0.03675929 
42.00000000 0.00524434 0.00993897 0.00181631 0.03270038 0.20064577 0.71199193 0.03766229 
43.00000000 0.00537540 0.01015841 0.00192269 0.03385577 0.20490313 0.70523131 0.03855329 
44.00000000 0.00550563 0.01037282 0.00203195 0.03500737 0.20905725 0.69859264 0.03943235 
45.00000000 0.00563504 0.01058228 0.00214402 0.03615468 0.21310881 0.69207564 0.04029953 
46.00000000 0.00576364 0.01078690 0.00225882 0.03729732 0.21705866 0.68567976 0.04115491 
47.00000000 0.00589141 0.01098677 0.00237629 0.03843498 0.22090780 0.67940418 0.04199857 
48.00000000 0.00601838 0.01118199 0.00249636 0.03956741 0.22465737 0.67324788 0.04283061 
49.00000000 0.00614454 0.01137268 0.00261900 0.04069444 0.22830859 0.66720965 0.04365111 
50.00000000 0.00626990 0.01155894 0.00274415 0.04181593 0.23186282 0.66128809 0.04446017 
51.00000000 0.00639449 0.01174088 0.00287180 0.04293182 0.23532147 0.65548165 0.04525790 
52.00000000 0.00651830 0.01191861 0.00300190 0.04404209 0.23868606 0.64978864 0.04604440 
53.00000000 0.00664136 0.01209225 0.00313447 0.04514674 0.24195814 0.64420728 0.04681977 
54.00000000 0.00676370 0.01226190 0.00326947 0.04624583 0.24513933 0.63873565 0.04758412 
55.00000000 0.00688531 0.01242766 0.00340693 0.04733945 0.24823129 0.63337178 0.04833757 
56.00000000 0.00700624 0.01258965 0.00354686 0.04842771 0.25123571 0.62811361 0.04908023 
57.00000000 0.00712649 0.01274796 0.00368927 0.04951073 0.25415433 0.62295901 0.04981221 
58.00000000 0.00724610 0.01290270 0.00383419 0.05058867 0.25698887 0.61790582 0.05053364 
59.00000000 0.00736509 0.01305396 0.00398167 0.05166169 0.25974111 0.61295184 0.05124463 
60.00000000 0.00748348 0.01320184 0.00413174 0.05272998 0.26241280 0.60809484 0.05194530 
61.00000000 0.00760131 0.01334643 0.00428446 0.05379372 0.26500573 0.60333256 0.05263579 
62.00000000 0.00771859 0.01348782 0.00443988 0.05485309 0.26752166 0.59866274 0.05331622 
63.00000000 0.00783536 0.01362609 0.00459806 0.05590831 0.26996236 0.59408311 0.05398672 
64.00000000 0.00795164 0.01376133 0.00475907 0.05695956 0.27232960 0.58959139 0.05464742 
65.00000000 0.00806746 0.01389362 0.00492297 0.05800703 0.27462511 0.58518535 0.05529846 
66.00000000 0.00818285 0.01402304 0.00508984 0.05905094 0.27685064 0.58086271 0.05593998 
67.00000000 0.00829783 0.01414966 0.00525977 0.06009145 0.27900791 0.57662127 0.05657212 
68.00000000 0.00841243 0.01427356 0.00543282 0.06112876 0.28109861 0.57245881 0.05719501 
69.00000000 0.00852667 0.01439481 0.00560908 0.06216304 0.28312442 0.56837316 0.05780881 
70.00000000 0.00864059 0.01451348 0.00578863 0.06319447 0.28508700 0.56436216 0.05841367 
71.00000000 0.00875420 0.01462963 0.00597156 0.06422320 0.28698797 0.56042371 0.05900973 
72.00000000 0.00886754 0.01474334 0.00615795 0.06524938 0.28882895 0.55655571 0.05959714 
73.00000000 0.00898061 0.01485466 0.00634790 0.06627315 0.29061150 0.55275612 0.06017606 
74.00000000 0.00909345 0.01496366 0.00654147 0.06729465 0.29233718 0.54902295 0.06074664 
75.00000000 0.00920608 0.01507039 0.00673877 0.06831400 0.29400750 0.54535423 0.06130903 
76.00000000 0.00931852 0.01517493 0.00693987 0.06933130 0.29562395 0.54174804 0.06186339 
77.00000000 0.00943078 0.01527731 0.00714486 0.07034665 0.29718800 0.53820251 0.06240989 
78.00000000 0.00954289 0.01537760 0.00735381 0.07136015 0.29870106 0.53471582 0.06294866 
79.00000000 0.00965487 0.01547586 0.00756682 0.07237186 0.30016453 0.53128617 0.06347989 
80.00000000 0.00976672 0.01557213 0.00778396 0.07338185 0.30157978 0.52791184 0.06400371 
81.00000000 0.00987847 0.01566647 0.00800531 0.07439019 0.30294814 0.52459113 0.06452029 
82.00000000 0.00999014 0.01575893 0.00823094 0.07539690 0.30427089 0.52132241 0.06502979 
83.00000000 0.01010172 0.01584956 0.00846092 0.07640203 0.30554932 0.51810408 0.06553237 
84.00000000 0.01021325 0.01593840 0.00869533 0.07740559 0.30678466 0.51493460 0.06602817 
85.00000000 0.01032473 0.01602551 0.00893423 0.07840761 0.30797810 0.51181247 0.06651736 
86.00000000 0.01043616 0.01611092 0.00917768 0.07940809 0.30913081 0.50873624 0.06700009 
87.00000000 0.01054757 0.01619469 0.00942576 0.08040703 0.31024394 0.50570451 0.06747651 
88.00000000 0.01065896 0.01627685 0.00967852 0.08140440 0.31131859 0.50271591 0.06794677 
89.00000000 0.01077034 0.01635745 0.00993600 0.08240020 0.31235583 0.49976914 0.06841102 
90.00000000 0.01088172 0.01643654 0.01019828 0.08339439 0.31335672 0.49686293 0.06886941 
91.00000000 0.01099311 0.01651415 0.01046540 0.08438694 0.31432226 0.49399606 0.06932209 
92.00000000 0.01110450 0.01659031 0.01073740 0.08537781 0.31525344 0.49116734 0.06976920 
93.00000000 0.01121592 0.01666508 0.01101433 0.08636694 0.31615121 0.48837564 0.07021087 
94.00000000 0.01132736 0.01673849 0.01129624 0.08735428 0.31701651 0.48561987 0.07064725 
95.00000000 0.01143882 0.01681057 0.01158316 0.08833978 0.31785022 0.48289896 0.07107848 
96.00000000 0.01155032 0.01688136 0.01187512 0.08932337 0.31865323 0.48021191 0.07150468 
97.00000000 0.01166186 0.01695090 0.01217217 0.09030497 0.31942637 0.47755775 0.07192599 
98.00000000 0.01177343 0.01701922 0.01247432 0.09128452 0.32017045 0.47493552 0.07234254 
99.00000000 0.01188504 0.01708635 0.01278161 0.09226194 0.32088628 0.47234433 0.07275445 
100.00000000 0.01199670 0.01715232 0.01309406 0.09323714 0.32157461 0.46978332 0.07316184 
101.00000000 0.01210840 0.01721717 0.01341169 0.09421005 0.32223619 0.46725166 0.07356484 
102.00000000 0.01222014 0.01728093 0.01373452 0.09518057 0.32287173 0.46474854 0.07396356 
103.00000000 0.01233193 0.01734362 0.01406257 0.09614862 0.32348193 0.46227321 0.07435811 
104.00000000 0.01244377 0.01740528 0.01439585 0.09711411 0.32406745 0.45982492 0.07474861 
105.00000000 0.01255566 0.01746593 0.01473437 0.09807694 0.32462895 0.45740298 0.07513516 
106.00000000 0.01266760 0.01752560 0.01507814 0.09903703 0.32516705 0.45500671 0.07551787 
107.00000000 0.01277958 0.01758432 0.01542717 0.09999427 0.32568235 0.45263547 0.07589684 
108.00000000 0.01289160 0.01764211 0.01578145 0.10094857 0.32617545 0.45028864 0.07627217 
109.00000000 0.01300367 0.01769900 0.01614099 0.10189984 0.32664691 0.44796563 0.07664396 
110.00000000 0.01311579 0.01775501 0.01650579 0.10284798 0.32709727 0.44566587 0.07701230 
111.00000000 0.01322794 0.01781017 0.01687585 0.10379289 0.32752706 0.44338881 0.07737727 
112.00000000 0.01334014 0.01786449 0.01725115 0.10473449 0.32793680 0.44113394 0.07773898 
113.00000000 0.01345237 0.01791801 0.01763170 0.10567268 0.32832698 0.43890076 0.07809750 
114.00000000 0.01356464 0.01797074 0.01801747 0.10660736 0.32869808 0.43668880 0.07845291 
115.00000000 0.01367694 0.01802270 0.01840847 0.10753845 0.32905055 0.43449759 0.07880529 
116.00000000 0.01378928 0.01807392 0.01880467 0.10846584 0.32938484 0.43232671 0.07915473 
117.00000000 0.01390164 0.01812442 0.01920606 0.10938946 0.32970139 0.43017573 0.07950129 
118.00000000 0.01401403 0.01817421 0.01961263 0.11030921 0.33000061 0.42804426 0.07984505 
119.00000000 0.01412644 0.01822331 0.02002435 0.11122501 0.33028291 0.42593191 0.08018608 
120.00000000 0.01423888 0.01827174 0.02044120 0.11213677 0.33054867 0.42383831 0.08052443 
121.00000000 0.01435132 0.01831952 0.02086316 0.11304441 0.33079827 0.42176312 0.08086019 
122.00000000 0.01446379 0.01836667 0.02129022 0.11394785 0.33103207 0.41970600 0.08119340 
123.00000000 0.01457626 0.01841320 0.02172233 0.11484702 0.33125043 0.41766662 0.08152413 
124.00000000 0.01468875 0.01845913 0.02215947 0.11574183 0.33145369 0.41564468 0.08185244 
125.00000000 0.01480123 0.01850448 0.02260163 0.11663221 0.33164219 0.41363988 0.08217838 
126.00000000 0.01491372 0.01854926 0.02304876 0.11751809 0.33181623 0.41165193 0.08250200 
127.00000000 0.01502620 0.01859349 0.02350083 0.11839940 0.33197614 0.40968057 0.08282336 
128.00000000 0.01513868 0.01863718 0.02395782 0.11927608 0.33212221 0.40772552 0.08314251 
129.00000000 0.01525115 0.01868035 0.02441969 0.12014806 0.33225473 0.40578654 0.08345948 
130.00000000 0.01536360 0.01872300 0.02488640 0.12101528 0.33237399 0.40386338 0.08377433 
131.00000000 0.01547604 0.01876516 0.02535793 0.12187768 0.33248026 0.40195581 0.08408711 
132.00000000 0.01558846 0.01880684 0.02583422 0.12273521 0.33257381 0.40006361 0.08439785 
133.00000000 0.01570085 0.01884805 0.02631526 0.12358781 0.33265490 0.39818655 0.08470659 
134.00000000 0.01581322 0.01888880 0.02680099 0.12443542 0.33272377 0.39632444 0.08501337 
135.00000000 0.01592555 0.01892911 0.02729137 0.12527801 0.33278068 0.39447706 0.08531823 
136.00000000 0.01603785 0.01896898 0.02778637 0.12611552 0.33282585 0.39264422 0.08562120 
137.00000000 0.01615011 0.01900843 0.02828595 0.12694792 0.33285952 0.39082574 0.08592232 
138.00000000 0.01626232 0.01904748 0.02879006 0.12777516 0.33288192 0.38902143 0.08622162 
139.00000000 0.01637449 0.01908612 0.02929867 0.12859720 0.33289326 0.38723111 0.08651914 
140.00000000 0.01648661 0.01912438 0.02981172 0.12941401 0.33289376 0.38545462 0.08681489 
141.00000000 0.01659868 0.01916227 0.03032917 0.13022556 0.33288361 0.38369179 0.08710892 
142.00000000 0.01671069 0.01919978 0.03085098 0.13103181 0.33286304 0.38194245 0.08740124 
143.00000000 0.01682264 0.01923695 0.03137710 0.13183274 0.33283222 0.38020645 0.08769189 
144.00000000 0.01693452 0.01927376 0.03190750 0.13262832 0.33279136 0.37848365 0.08798089 
145.00000000 0.01704634 0.01931024 0.03244211 0.13341853 0.33274065 0.37677388 0.08826825 
146.00000000 0.01715808 0.01934640 0.03298089 0.13420335 0.33268025 0.37507700 0.08855402 
147.00000000 0.01726975 0.01938223 0.03352381 0.13498276 0.33261037 0.37339288 0.08883820 
148.00000000 0.01738135 0.01941776 0.03407080 0.13575673 0.33253116 0.37172138 0.08912082 
149.00000000 0.01749286 0.01945299 0.03462182 0.13652527 0.33244280 0.37006236 0.08940191 
150.00000000 0.01760428 0.01948793 0.03517682 0.13728835 0.33234547 0.36841569 0.08968147 
151.00000000 0.01771562 0.01952258 0.03573576 0.13804596 0.33223931 0.36678124 0.08995952 
152.00000000 0.01782686 0.01955697 0.03629858 0.13879811 0.33212450 0.36515889 0.09023609 
153.00000000 0.01793801 0.01959108 0.03686523 0.13954477 0.33200119 0.36354851 0.09051120 
154.00000000 0.01804906 0.01962494 0.03743568 0.14028595 0.33186953 0.36194999 0.09078485 
155.00000000 0.01816002 0.01965855 0.03800985 0.14102165 0.33172968 0.36036319 0.09105706 
156.00000000 0.01827086 0.01969191 0.03858771 0.14175186 0.33158178 0.35878801 0.09132786 
157.00000000 0.01838160 0.01972504 0.03916921 0.14247659 0.33142598 0.35722434 0.09159724 
158.00000000 0.01849223 0.01975794 0.03975429 0.14319584 0.33126242 0.35567204 0.09186523 
159.00000000 0.01860275 0.01979062 0.04034291 0.14390961 0.33109124 0.35413103 0.09213184 
160.00000000 0.01871314 0.01982309 0.04093501 0.14461791 0.33091258 0.35260118 0.09239709 
161.00000000 0.01882343 0.01985534 0.04153054 0.14532075 0.33072658 0.35108239 0.09266097 
162.00000000 0.01893358 0.01988740 0.04212945 0.14601814 0.33053336 0.34957456 0.09292351 
163.00000000 0.01904362 0.01991926 0.04273170 0.14671008 0.33033305 0.34807757 0.09318472 
164.00000000 0.01915352 0.01995093 0.04333722 0.14739660 0.33012580 0.34659132 0.09344460 
165.00000000 0.01926330 0.01998242 0.04394598 0.14807770 0.32991171 0.34511572 0.09370317 
166.00000000 0.01937294 0.02001373 0.04455791 0.14875339 0.32969092 0.34365066 0.09396044 
167.00000000 0.01948245 0.02004488 0.04517298 0.14942371 0.32946354 0.34219603 0.09421641 
168.00000000 0.01959182 0.02007585 0.04579112 0.15008865 0.32922970 0.34075175 0.09447110 
169.00000000 0.01970106 0.02010667 0.04641229 0.15074824 0.32898952 0.33931771 0.09472451 
170.00000000 0.01981015 0.02013733 0.04703643 0.15140251 0.32874311 0.33789382 0.09497665 
171.00000000 0.01991909 0.02016785 0.04766350 0.15205146 0.32849058 0.33647998 0.09522753 
172.00000000 0.02002789 0.02019822 0.04829345 0.15269512 0.32823206 0.33507610 0.09547716 
173.00000000 0.02013654 0.02022845 0.04892622 0.15333352 0.32796764 0.33368209 0.09572555 
174.00000000 0.02024503 0.02025855 0.04956177 0.15396668 0.32769744 0.33229784 0.09597269 
175.00000000 0.02035338 0.02028851 0.05020004 0.15459462 0.32742157 0.33092328 0.09621861 
176.00000000 0.02046156 0.02031836 0.05084099 0.15521736 0.32714013 0.32955830 0.09646330 
177.00000000 0.02056959 0.02034808 0.05148457 0.15583493 0.32685323 0.32820282 0.09670677 
178.00000000 0.02067746 0.02037769 0.05213072 0.15644737 0.32656097 0.32685675 0.09694903 
179.00000000 0.02078517 0.02040719 0.05277940 0.15705469 0.32626345 0.32552001 0.09719009 
180.00000000 0.02089272 0.02043658 0.05343056 0.15765692 0.32596078 0.32419249 0.09742995 
181.00000000 0.02100010 0.02046586 0.05408415 0.15825410 0.32565305 0.32287413 0.09766861 
182.00000000 0.02110731 0.02049505 0.05474012 0.15884624 0.32534036 0.32156483 0.09790608 
183.00000000 0.02121436 0.02052415 0.05539842 0.15943339 0.32502280 0.32026450 0.09814238 
184.00000000 0.02132123 0.02055315 0.05605901 0.16001557 0.32470048 0.31897307 0.09837749 
185.00000000 0.02142794 0.02058207 0.05672184 0.16059281 0.32437348 0.31769045 0.09861143 
186.00000000 0.02153446 0.02061090 0.05738685 0.16116514 0.32404189 0.31641655 0.09884421 
187.00000000 0.02164082 0.02063965 0.05805401 0.16173259 0.32370581 0.31515130 0.09907582 
188.00000000 0.02174699 0.02066833 0.05872326 0.16229520 0.32336533 0.31389462 0.09930627 
189.00000000 0.02185299 0.02069693 0.05939456 0.16285300 0.32302053 0.31264641 0.09953557 
190.00000000 0.02195881 0.02072547 0.06006786 0.16340602 0.32267151 0.31140662 0.09976372 
191.00000000 0.02206445 0.02075393 0.06074312 0.16395429 0.32231834 0.31017514 0.09999073 
192.00000000 0.02216990 0.02078234 0.06142029 0.16449785 0.32196111 0.30895192 0.10021660 
193.00000000 0.02227517 0.02081068 0.06209932 0.16503673 0.32159991 0.30773686 0.10044133 
194.00000000 0.02238026 0.02083896 0.06278017 0.16557096 0.32123482 0.30652990 0.10066493 
195.00000000 0.02248516 0.02086720 0.06346280 0.16610057 0.32086592 0.30533095 0.10088740 
196.00000000 0.02258987 0.02089538 0.06414715 0.16662561 0.32049329 0.30413994 0.10110875 
197.00000000 0.02269440 0.02092351 0.06483319 0.16714610 0.32011701 0.30295681 0.10132898 
198.00000000 0.02279873 0.02095159 0.06552087 0.16766209 0.31973716 0.30178146 0.10154810 
199.00000000 0.02290287 0.02097963 0.06621015 0.16817359 0.31935381 0.30061384 0.10176611 
200.00000000 0.02300682 0.02100763 0.06690098 0.16868066 0.31896704 0.29945386 0.10198300 
201.00000000 0.02311058 0.02103559 0.06759333 0.16918331 0.31857693 0.29830146 0.10219880 
202.00000000 0.02321415 0.02106352 0.06828714 0.16968160 0.31818354 0.29715656 0.10241349 
203.00000000 0.02331752 0.02109141 0.06898238 0.17017554 0.31778696 0.29601910 0.10262709 
204.00000000 0.02342069 0.02111927 0.06967900 0.17066519 0.31738724 0.29488901 0.10283960 
205.00000000 0.02352367 0.02114710 0.07037697 0.17115056 0.31698448 0.29376621 0.10305102 
206.00000000 0.02362644 0.02117490 0.07107624 0.17163170 0.31657872 0.29265064 0.10326135 
207.00000000 0.02372902 0.02120268 0.07177677 0.17210864 0.31617005 0.29154223 0.10347060 
208.00000000 0.02383141 0.02123044 0.07247852 0.17258142 0.31575852 0.29044092 0.10367878 
209.00000000 0.02393359 0.02125817 0.07318145 0.17305007 0.31534422 0.28934663 0.10388588 
210.00000000 0.02403557 0.02128589 0.07388552 0.17351462 0.31492719 0.28825931 0.10409191 
211.00000000 0.02413735 0.02131358 0.07459069 0.17397511 0.31450752 0.28717889 0.10429687 
212.00000000 0.02423892 0.02134127 0.07529692 0.17443158 0.31408525 0.28610530 0.10450077 
213.00000000 0.02434029 0.02136893 0.07600418 0.17488405 0.31366046 0.28503848 0.10470360 
214.00000000 0.02444146 0.02139659 0.07671242 0.17533257 0.31323320 0.28397837 0.10490539 
215.00000000 0.02454243 0.02142424 0.07742161 0.17577716 0.31280354 0.28292490 0.10510611 
216.00000000 0.02464319 0.02145188 0.07813171 0.17621786 0.31237154 0.28187802 0.10530579 
217.00000000 0.02474375 0.02147951 0.07884268 0.17665471 0.31193726 0.28083767 0.10550442 
218.00000000 0.02484410 0.02150713 0.07955448 0.17708774 0.31150075 0.27980378 0.10570201 
219.00000000 0.02494424 0.02153476 0.08026709 0.17751698 0.31106208 0.27877629 0.10589856 
220.00000000 0.02504418 0.02156238 0.08098045 0.17794247 0.31062130 0.27775515 0.10609408 
221.00000000 0.02514390 0.02158999 0.08169455 0.17836424 0.31017846 0.27674030 0.10628856 
222.00000000 0.02524343 0.02161761 0.08240933 0.17878232 0.30973362 0.27573168 0.10648201 
223.00000000 0.02534274 0.02164523 0.08312478 0.17919674 0.30928684 0.27472924 0.10667443 
224.00000000 0.02544184 0.02167286 0.08384084 0.17960755 0.30883818 0.27373291 0.10686583 
225.00000000 0.02554074 0.02170048 0.08455749 0.18001476 0.30838767 0.27274264 0.10705621 
226.00000000 0.02563942 0.02172812 0.08527470 0.18041842 0.30793538 0.27175838 0.10724558 
227.00000000 0.02573790 0.02175576 0.08599242 0.18081856 0.30748135 0.27078008 0.10743393 
228.00000000 0.02583617 0.02178340 0.08671064 0.18121521 0.30702564 0.26980767 0.10762127 
229.00000000 0.02593422 0.02181106 0.08742931 0.18160839 0.30656829 0.26884112 0.10780761 
230.00000000 0.02603207 0.02183872 0.08814840 0.18199816 0.30610936 0.26788035 0.10799294 
231.00000000 0.02612970 0.02186640 0.08886788 0.18238452 0.30564889 0.26692533 0.10817728 
232.00000000 0.02622713 0.02189409 0.08958771 0.18276752 0.30518694 0.26597600 0.10836061 
233.00000000 0.02632434 0.02192179 0.09030788 0.18314719 0.30472354 0.26503231 0.10854296 
234.00000000 0.02642134 0.02194950 0.09102834 0.18352356 0.30425874 0.26409421 0.10872431 
235.00000000 0.02651813 0.02197723 0.09174907 0.18389666 0.30379259 0.26316165 0.10890468 
236.00000000 0.02661470 0.02200498 0.09247003 0.18426651 0.30332513 0.26223458 0.10908406 
237.00000000 0.02671107 0.02203274 0.09319119 0.18463316 0.30285641 0.26131296 0.10926247 
238.00000000 0.02680722 0.02206052 0.09391254 0.18499663 0.30238647 0.26039673 0.10943990 
239.00000000 0.02690316 0.02208831 0.09463403 0.18535695 0.30191535 0.25948585 0.10961635 
240.00000000 0.02699889 0.02211613 0.09535563 0.18571415 0.30144310 0.25858027 0.10979183 
241.00000000 0.02709441 0.02214396 0.09607733 0.18606825 0.30096975 0.25767994 0.10996635 
242.00000000 0.02718971 0.02217182 0.09679908 0.18641930 0.30049535 0.25678483 0.11013990 
243.00000000 0.02728480 0.02219969 0.09752087 0.18676732 0.30001994 0.25589488 0.11031250 
244.00000000 0.02737968 0.02222759 0.09824267 0.18711234 0.29954355 0.25501005 0.11048413 
245.00000000 0.02747435 0.02225550 0.09896444 0.18745438 0.29906622 0.25413030 0.11065481 
246.00000000 0.02756880 0.02228345 0.09968617 0.18779347 0.29858800 0.25325557 0.11082454 
247.00000000 0.02766304 0.02231141 0.10040782 0.18812965 0.29810891 0.25238584 0.11099333 
248.00000000 0.02775707 0.02233940 0.10112938 0.18846294 0.29762900 0.25152105 0.11116117 
249.00000000 0.02785088 0.02236741 0.10185080 0.18879337 0.29714831 0.25066117 0.11132806 
250.00000000 0.02794449 0.02239544 0.10257208 0.18912096 0.29666686 0.24980615 0.11149403 
251.00000000 0.02803788 0.02242351 0.10329317 0.18944575 0.29618470 0.24895595 0.11165905 
252.00000000 0.02813105 0.02245159 0.10401407 0.18976776 0.29570185 0.24811053 0.11182315 
253.00000000 0.02822402 0.02247971 0.10473474 0.19008701 0.29521836 0.24726985 0.11198631 
254.00000000 0.02831677 0.02250785 0.10545516 0.19040354 0.29473425 0.24643387 0.11214856 
255.00000000 0.02840932 0.02253601 0.10617531 0.19071737 0.29424956 0.24560255 0.11230988 
256.00000000 0.02850165 0.02256421 0.10689516 0.19102853 0.29376433 0.24477586 0.11247028 
257.00000000 0.02859377 0.02259243 0.10761469 0.19133704 0.29327857 0.24395375 0.11262976 
258.00000000 0.02868567 0.02262068 0.10833387 0.19164293 0.29279233 0.24313618 0.11278834 
259.00000000 0.02877737 0.02264895 0.10905269 0.19194622 0.29230563 0.24232312 0.11294601 
260.00000000 0.02886885 0.02267726 0.10977113 0.19224694 0.29181851 0.24151454 0.11310277 
261.00000000 0.02896013 0.02270559 0.11048915 0.19254512 0.29133100 0.24071038 0.11325863 
262.00000000 0.02905119 0.02273396 0.11120674 0.19284078 0.29084311 0.23991063 0.11341359 
263.00000000 0.02914204 0.02276235 0.11192389 0.19313394 0.29035489 0.23911524 0.11356765 
264.00000000 0.02923268 0.02279077 0.11264055 0.19342463 0.28986637 0.23832417 0.11372082 
265.00000000 0.02932312 0.02281922 0.11335673 0.19371287 0.28937756 0.23753740 0.11387311 
266.00000000 0.02941334 0.02284771 0.11407238 0.19399869 0.28888850 0.23675489 0.11402450 
267.00000000 0.02950335 0.02287622 0.11478751 0.19428211 0.28839921 0.23597659 0.11417502 
268.00000000 0.02959316 0.02290476 0.11550208 0.19456315 0.28790972 0.23520249 0.11432465 
269.00000000 0.02968275 0.02293333 0.11621608 0.19484184 0.28742006 0.23443254 0.11447341 
270.00000000 0.02977214 0.02296194 0.11692948 0.19511820 0.28693025 0.23366671 0.11462129 
271.00000000 0.02986131 0.02299057 0.11764227 0.19539225 0.28644032 0.23290497 0.11476830 
272.00000000 0.02995028 0.02301923 0.11835443 0.19566402 0.28595029 0.23214729 0.11491445 
273.00000000 0.03003904 0.02304793 0.11906595 0.19593353 0.28546019 0.23139363 0.11505973 
274.00000000 0.03012760 0.02307666 0.11977679 0.19620080 0.28497003 0.23064396 0.11520416 
275.00000000 0.03021595 0.02310541 0.12048695 0.19646585 0.28447985 0.22989826 0.11534772 
276.00000000 0.03030409 0.02313420 0.12119641 0.19672871 0.28398967 0.22915649 0.11549043 
277.00000000 0.03039202 0.02316302 0.12190515 0.19698939 0.28349951 0.22841861 0.11563229 
278.00000000 0.03047975 0.02319187 0.12261315 0.19724792 0.28300939 0.22768461 0.11577330 
279.00000000 0.03056727 0.02322075 0.12332040 0.19750432 0.28251933 0.22695444 0.11591347 
280.00000000 0.03065459 0.02324967 0.12402689 0.19775861 0.28202936 0.22622809 0.11605280 
281.00000000 0.03074170 0.02327861 0.12473258 0.19801081 0.28153950 0.22550551 0.11619129 
282.00000000 0.03082861 0.02330758 0.12543747 0.19826095 0.28104976 0.22478669 0.11632894 
283.00000000 0.03091532 0.02333659 0.12614155 0.19850903 0.28056017 0.22407159 0.11646576 
284.00000000 0.03100182 0.02336563 0.12684479 0.19875509 0.28007075 0.22336018 0.11660175 
285.00000000 0.03108811 0.02339470 0.12754718 0.19899913 0.27958152 0.22265244 0.11673692 
286.00000000 0.03117421 0.02342380 0.12824872 0.19924119 0.27909249 0.22194833 0.11687126 
287.00000000 0.03126010 0.02345293 0.12894937 0.19948129 0.27860369 0.22124784 0.11700478 
288.00000000 0.03134579 0.02348209 0.12964913 0.19971943 0.27811514 0.22055093 0.11713749 
289.00000000 0.03143128 0.02351128 0.13034799 0.19995564 0.27762685 0.21985757 0.11726939 
290.00000000 0.03151657 0.02354050 0.13104592 0.20018994 0.27713884 0.21916775 0.11740047 
291.00000000 0.03160166 0.02356975 0.13174292 0.20042235 0.27665114 0.21848143 0.11753075 
292.00000000 0.03168655 0.02359904 0.13243897 0.20065289 0.27616375 0.21779858 0.11766023 
293.00000000 0.03177124 0.02362835 0.13313406 0.20088157 0.27567669 0.21711919 0.11778890 
294.00000000 0.03185572 0.02365769 0.13382818 0.20110842 0.27518998 0.21644322 0.11791678 
295.00000000 0.03194002 0.02368707 0.13452131 0.20133345 0.27470365 0.21577065 0.11804386 
296.00000000 0.03202411 0.02371647 0.13521344 0.20155668 0.27421769 0.21510146 0.11817015 
297.00000000 0.03210800 0.02374591 0.13590456 0.20177812 0.27373214 0.21443561 0.11829566 
298.00000000 0.03219170 0.02377537 0.13659465 0.20199780 0.27324700 0.21377310 0.11842038 
299.00000000 0.03227520 0.02380486 0.13728371 0.20221573 0.27276229 0.21311388 0.11854432 
300.00000000 0.03235851 0.02383438 0.13797172 0.20243194 0.27227803 0.21245794 0.11866747 
301.00000000 0.03244162 0.02386393 0.13865867 0.20264642 0.27179423 0.21180526 0.11878986 
302.00000000 0.03252454 0.02389351 0.13934455 0.20285922 0.27131090 0.21115580 0.11891147 
303.00000000 0.03260726 0.02392312 0.14002935 0.20307033 0.27082807 0.21050956 0.11903231 
304.00000000 0.03268979 0.02395276 0.14071306 0.20327978 0.27034573 0.20986649 0.11915239 
305.00000000 0.03277212 0.02398243 0.14139566 0.20348758 0.26986392 0.20922659 0.11927170 
306.00000000 0.03285426 0.02401212 0.14207715 0.20369375 0.26938263 0.20858983 0.11939025 
307.00000000 0.03293621 0.02404184 0.14275751 0.20389831 0.26890189 0.20795618 0.11950805 
308.00000000 0.03301797 0.02407159 0.14343674 0.20410127 0.26842171 0.20732563 0.11962509 
309.00000000 0.03309953 0.02410137 0.14411483 0.20430264 0.26794209 0.20669815 0.11974138 
310.00000000 0.03318091 0.02413117 0.14479176 0.20450245 0.26746306 0.20607372 0.11985693 
311.00000000 0.03326209 0.02416100 0.14546752 0.20470071 0.26698462 0.20545232 0.11997173 
312.00000000 0.03334309 0.02419086 0.14614212 0.20489743 0.26650679 0.20483392 0.12008578 
313.00000000 0.03342390 0.02422075 0.14681553 0.20509262 0.26602958 0.20421852 0.12019910 
314.00000000 0.03350452 0.02425066 0.14748775 0.20528631 0.26555300 0.20360608 0.12031169 
315.00000000 0.03358495 0.02428060 0.14815877 0.20547851 0.26507706 0.20299658 0.12042354 
316.00000000 0.03366519 0.02431056 0.14882858 0.20566923 0.26460177 0.20239001 0.12053466 
317.00000000 0.03374525 0.02434055 0.14949717 0.20585848 0.26412714 0.20178634 0.12064506 
318.00000000 0.03382512 0.02437056 0.15016454 0.20604629 0.26365319 0.20118556 0.12075473 
319.00000000 0.03390481 0.02440060 0.15083068 0.20623266 0.26317992 0.20058765 0.12086368 
320.00000000 0.03398431 0.02443067 0.15149557 0.20641761 0.26270734 0.19999257 0.12097192 
321.00000000 0.03406363 0.02446075 0.15215921 0.20660116 0.26223547 0.19940033 0.12107944 
322.00000000 0.03414277 0.02449087 0.15282160 0.20678331 0.26176432 0.19881089 0.12118625 
323.00000000 0.03422172 0.02452100 0.15348272 0.20696408 0.26129389 0.19822424 0.12129235 
324.00000000 0.03430049 0.02455116 0.15414257 0.20714349 0.26082419 0.19764035 0.12139775 
325.00000000 0.03437907 0.02458135 0.15480114 0.20732154 0.26035524 0.19705922 0.12150245 
326.00000000 0.03445748 0.02461156 0.15545842 0.20749825 0.25988703 0.19648082 0.12160644 
327.00000000 0.03453571 0.02464179 0.15611441 0.20767363 0.25941959 0.19590513 0.12170975 
328.00000000 0.03461375 0.02467204 0.15676911 0.20784770 0.25895292 0.19533213 0.12181235 
329.00000000 0.03469162 0.02470231 0.15742249 0.20802047 0.25848702 0.19476181 0.12191427 
330.00000000 0.03476931 0.02473261 0.15807456 0.20819195 0.25802191 0.19419415 0.12201550 
331.00000000 0.03484682 0.02476293 0.15872532 0.20836215 0.25755760 0.19362914 0.12211605 
332.00000000 0.03492415 0.02479327 0.15937475 0.20853109 0.25709409 0.19306674 0.12221592 
333.00000000 0.03500130 0.02482363 0.16002284 0.20869877 0.25663139 0.19250696 0.12231510 
334.00000000 0.03507828 0.02485401 0.16066961 0.20886522 0.25616950 0.19194976 0.12241362 
335.00000000 0.03515509 0.02488441 0.16131503 0.20903044 0.25570845 0.19139513 0.12251146 
336.00000000 0.03523172 0.02491484 0.16195910 0.20919444 0.25524822 0.19084306 0.12260863 
337.00000000 0.03530817 0.02494528 0.16260181 0.20935724 0.25478883 0.19029353 0.12270513 
338.00000000 0.03538445 0.02497574 0.16324317 0.20951884 0.25433029 0.18974652 0.12280097 
339.00000000 0.03546056 0.02500622 0.16388317 0.20967926 0.25387261 0.18920202 0.12289616 
340.00000000 0.03553650 0.02503672 0.16452180 0.20983851 0.25341578 0.18866001 0.12299068 
341.00000000 0.03561226 0.02506724 0.16515905 0.20999660 0.25295982 0.18812047 0.12308455 
342.00000000 0.03568786 0.02509778 0.16579492 0.21015355 0.25250474 0.18758339 0.12317777 
343.00000000 0.03576328 0.02512833 0.16642942 0.21030935 0.25205053 0.18704875 0.12327034 
344.00000000 0.03583853 0.02515891 0.16706252 0.21046403 0.25159721 0.18651654 0.12336226 
345.00000000 0.03591362 0.02518950 0.16769423 0.21061759 0.25114478 0.18598674 0.12345354 
346.00000000 0.03598853 0.02522011 0.16832455 0.21077005 0.25069325 0.18545933 0.12354418 
347.00000000 0.03606328 0.02525073 0.16895347 0.21092141 0.25024262 0.18493431 0.12363419 
348.00000000 0.03613786 0.02528137 0.16958098 0.21107169 0.24979290 0.18441165 0.12372356 
349.00000000 0.03621227 0.02531203 0.17020709 0.21122090 0.24934409 0.18389134 0.12381229 
350.00000000 0.03628652 0.02534270 0.17083178 0.21136903 0.24889620 0.18337336 0.12390040 
351.00000000 0.03636060 0.02537339 0.17145506 0.21151612 0.24844923 0.18285771 0.12398789 
352.00000000 0.03643452 0.02540409 0.17207692 0.21166216 0.24800320 0.18234437 0.12407475 
353.00000000 0.03650827 0.02543481 0.17269735 0.21180717 0.24755810 0.18183331 0.12416099 
354.00000000 0.03658186 0.02546554 0.17331636 0.21195115 0.24711393 0.18132454 0.12424662 
355.00000000 0.03665528 0.02549629 0.17393394 0.21209411 0.24667071 0.18081803 0.12433163 
356.00000000 0.03672855 0.02552705 0.17455009 0.21223608 0.24622844 0.18031377 0.12441603 
357.00000000 0.03680165 0.02555783 0.17516481 0.21237704 0.24578712 0.17981174 0.12449982 
358.00000000 0.03687459 0.02558861 0.17577808 0.21251702 0.24534675 0.17931194 0.12458300 
359.00000000 0.03694737 0.02561941 0.17638992 0.21265601 0.24490735 0.17881434 0.12466558 
360.00000000 0.03702000 0.02565023 0.17700031 0.21279404 0.24446891 0.17831894 0.12474757 
361.00000000 0.03709246 0.02568105 0.17760926 0.21293111 0.24403144 0.17782573 0.12482895 
362.00000000 0.03716476 0.02571189 0.17821675 0.21306723 0.24359494 0.17733468 0.12490974 
363.00000000 0.03723691 0.02574274 0.17882280 0.21320241 0.24315942 0.17684578 0.12498994 
364.00000000 0.03730890 0.02577360 0.17942739 0.21333665 0.24272487 0.17635903 0.12506955 
365.00000000 0.03738073 0.02580447 0.18003053 0.21346997 0.24229131 0.17587441 0.12514857 
366.00000000 0.03745241 0.02583535 0.18063221 0.21360237 0.24185873 0.17539191 0.12522702 
367.00000000 0.03752393 0.02586625 0.18123243 0.21373387 0.24142715 0.17491150 0.12530488 
368.00000000 0.03759530 0.02589715 0.18183119 0.21386446 0.24099656 0.17443319 0.12538216 
369.00000000 0.03766651 0.02592806 0.18242848 0.21399416 0.24056696 0.17395696 0.12545886 
370.00000000 0.03773757 0.02595898 0.18302431 0.21412298 0.24013836 0.17348280 0.12553500 
371.00000000 0.03780848 0.02598991 0.18361867 0.21425092 0.23971076 0.17301069 0.12561056 
372.00000000 0.03787923 0.02602085 0.18421157 0.21437800 0.23928417 0.17254062 0.12568556 
373.00000000 0.03794983 0.02605180 0.18480299 0.21450422 0.23885858 0.17207258 0.12576000 
374.00000000 0.03802029 0.02608276 0.18539294 0.21462958 0.23843401 0.17160656 0.12583387 
375.00000000 0.03809059 0.02611372 0.18598142 0.21475410 0.23801044 0.17114254 0.12590718 
376.00000000 0.03816074 0.02614469 0.18656843 0.21487778 0.23758789 0.17068052 0.12597994 
377.00000000 0.03823074 0.02617567 0.18715396 0.21500064 0.23716636 0.17022048 0.12605214 
378.00000000 0.03830060 0.02620666 0.18773801 0.21512267 0.23674585 0.16976242 0.12612380 
379.00000000 0.03837031 0.02623765 0.18832058 0.21524389 0.23632635 0.16930631 0.12619490 
380.00000000 0.03843987 0.02626865 0.18890168 0.21536430 0.23590788 0.16885215 0.12626546 
381.00000000 0.03850928 0.02629966 0.18948130 0.21548392 0.23549044 0.16839993 0.12633548 
382.00000000 0.03857855 0.02633067 0.19005944 0.21560274 0.23507402 0.16794964 0.12640496 
383.00000000 0.03864767 0.02636168 0.19063609 0.21572077 0.23465863 0.16750126 0.12647390 
384.00000000 0.03871665 0.02639270 0.19121127 0.21583803 0.23424427 0.16705478 0.12654230 
385.00000000 0.03878548 0.02642373 0.19178496 0.21595451 0.23383095 0.16661019 0.12661018 
386.00000000 0.03885417 0.02645476 0.19235717 0.21607023 0.23341866 0.16616749 0.12667752 
387.00000000 0.03892272 0.02648579 0.19292790 0.21618519 0.23300740 0.16572666 0.12674434 
388.00000000 0.03899112 0.02651683 0.19349714 0.21629940 0.23259718 0.16528769 0.12681063 
389.00000000 0.03905939 0.02654787 0.19406490 0.21641287 0.23218800 0.16485058 0.12687640 
390.00000000 0.03912751 0.02657892 0.19463117 0.21652560 0.23177986 0.16441530 0.12694165 
391.00000000 0.03919549 0.02660996 0.19519596 0.21663759 0.23137276 0.16398185 0.12700639 
392.00000000 0.03926333 0.02664102 0.19575927 0.21674886 0.23096670 0.16355022 0.12707061 
393.00000000 0.03933103 0.02667207 0.19632109 0.21685942 0.23056168 0.16312040 0.12713432 
394.00000000 0.03939860 0.02670312 0.19688143 0.21696926 0.23015771 0.16269237 0.12719752 
395.00000000 0.03946602 0.02673418 0.19744028 0.21707839 0.22975478 0.16226614 0.12726021 
396.00000000 0.03953331 0.02676524 0.19799765 0.21718682 0.22935290 0.16184169 0.12732240 
397.00000000 0.03960046 0.02679630 0.19855353 0.21729456 0.22895206 0.16141900 0.12738409 
398.00000000 0.03966748 0.02682736 0.19910793 0.21740161 0.22855228 0.16099807 0.12744528 
399.00000000 0.03973436 0.02685842 0.19966084 0.21750797 0.22815354 0.16057890 0.12750597 
400.00000000 0.03980110 0.02688948 0.20021227 0.21761366 0.22775584 0.16016146 0.12756617 
401.00000000 0.03986771 0.02692054 0.20076222 0.21771868 0.22735920 0.15974575 0.12762588 
402.00000000 0.03993419 0.02695160 0.20131069 0.21782304 0.22696361 0.15933177 0.12768510 
403.00000000 0.04000053 0.02698266 0.20185767 0.21792673 0.22656907 0.15891950 0.12774384 
404.00000000 0.04006674 0.02701372 0.20240317 0.21802977 0.22617558 0.15850892 0.12780209 
405.00000000 0.04013282 0.02704478 0.20294720 0.21813217 0.22578314 0.15810004 0.12785986 
406.00000000 0.04019876 0.02707584 0.20348974 0.21823392 0.22539175 0.15769285 0.12791715 
407.00000000 0.04026458 0.02710690 0.20403080 0.21833503 0.22500141 0.15728733 0.12797396 
408.00000000 0.04033026 0.02713795 0.20457038 0.21843551 0.22461213 0.15688347 0.12803030 
409.00000000 0.04039582 0.02716900 0.20510848 0.21853536 0.22422389 0.15648127 0.12808617 
410.00000000 0.04046124 0.02720005 0.20564511 0.21863460 0.22383671 0.15608072 0.12814157 
411.00000000 0.04052654 0.02723110 0.20618026 0.21873321 0.22345058 0.15568181 0.12819650 
412.00000000 0.04059171 0.02726214 0.20671394 0.21883122 0.22306550 0.15528453 0.12825097 
413.00000000 0.04065675 0.02729318 0.20724614 0.21892862 0.22268148 0.15488887 0.12830497 
414.00000000 0.04072166 0.02732422 0.20777686 0.21902542 0.22229850 0.15449482 0.12835852 
415.00000000 0.04078644 0.02735525 0.20830612 0.21912162 0.22191658 0.15410238 0.12841161 
416.00000000 0.04085110 0.02738628 0.20883390 0.21921723 0.22153571 0.15371153 0.12846424 
417.00000000 0.04091564 0.02741730 0.20936021 0.21931226 0.22115589 0.15332227 0.12851643 
418.00000000 0.04098005 0.02744833 0.20988506 0.21940670 0.22077712 0.15293459 0.12856816 
419.00000000 0.04104433 0.02747934 0.21040844 0.21950057 0.22039940 0.15254847 0.12861944 
420.00000000 0.04110850 0.02751035 0.21093035 0.21959386 0.22002273 0.15216392 0.12867028 
421.00000000 0.04117254 0.02754136 0.21145079 0.21968659 0.21964711 0.15178093 0.12872068 
422.00000000 0.04123645 0.02757236 0.21196977 0.21977876 0.21927254 0.15139948 0.12877064 
423.00000000 0.04130024 0.02760335 0.21248729 0.21987037 0.21889902 0.15101957 0.12882015 
424.00000000 0.04136392 0.02763434 0.21300335 0.21996142 0.21852655 0.15064119 0.12886923 
425.00000000 0.04142747 0.02766532 0.21351795 0.22005193 0.21815512 0.15026433 0.12891788 
426.00000000 0.04149090 0.02769629 0.21403109 0.22014189 0.21778474 0.14988898 0.12896610 
427.00000000 0.04155421 0.02772726 0.21454278 0.22023131 0.21741541 0.14951514 0.12901389 
428.00000000 0.04161740 0.02775822 0.21505301 0.22032020 0.21704712 0.14914280 0.12906125 
429.00000000 0.04168047 0.02778918 0.21556179 0.22040855 0.21667988 0.14877195 0.12910818 
430.00000000 0.04174342 0.02782012 0.21606911 0.22049638 0.21631368 0.14840259 0.12915469 
431.00000000 0.04180626 0.02785106 0.21657499 0.22058368 0.21594852 0.14803470 0.12920079 
432.00000000 0.04186897 0.02788199 0.21707942 0.22067047 0.21558441 0.14766827 0.12924646 
433.00000000 0.04193157 0.02791291 0.21758240 0.22075674 0.21522134 0.14730331 0.12929172 
434.00000000 0.04199406 0.02794383 0.21808394 0.22084250 0.21485931 0.14693980 0.12933657 
435.00000000 0.04205643 0.02797473 0.21858403 0.22092775 0.21449831 0.14657774 0.12938100 
436.00000000 0.04211868 0.02800563 0.21908269 0.22101250 0.21413836 0.14621711 0.12942503 
437.00000000 0.04218082 0.02803652 0.21957990 0.22109675 0.21377944 0.14585792 0.12946865 
438.00000000 0.04224284 0.02806739 0.22007568 0.22118051 0.21342156 0.14550015 0.12951186 
439.00000000 0.04230475 0.02809826 0.22057003 0.22126377 0.21306472 0.14514379 0.12955467 
