0.00000000 0.00000000 -0.00000000 -0.00000000 -0.00000000 -0.00000000 1.00000000 -0.00000000 
1.00000000 0.00000666 0.00000494 0.00000327 0.00001027 0.00023332 0.99968563 0.00005591 
2.00000000 0.00002661 0.00001976 0.00001308 0.00004120 0.00093260 0.99874335 0.00022341 
3.00000000 0.00005978 0.00004443 0.00002942 0.00009322 0.00209568 0.99717564 0.00050183 
4.00000000 0.00010605 0.00007894 0.00005228 0.00016701 0.00371901 0.99498666 0.00089005 
5.00000000 0.00016525 0.00012325 0.00008164 0.00026351 0.00579765 0.99218214 0.00138654 
6.00000000 0.00023718 0.00017732 0.00011750 0.00038394 0.00832536 0.98876937 0.00198933 
7.00000000 0.00032158 0.00024109 0.00015982 0.00052974 0.01129462 0.98475708 0.00269607 
8.00000000 0.00041815 0.00031450 0.00020859 0.00070262 0.01469670 0.98015541 0.00350404 
9.00000000 0.00052656 0.00039749 0.00026378 0.00090449 0.01852173 0.97497580 0.00441014 
10.00000000 0.00064644 0.00048999 0.00032537 0.00113749 0.02275879 0.96923095 0.00541097 
11.00000000 0.00077738 0.00059193 0.00039333 0.00140395 0.02739590 0.96293470 0.00650281 
12.00000000 0.00091893 0.00070322 0.00046763 0.00170638 0.03242015 0.95610203 0.00768166 
13.00000000 0.00107062 0.00082379 0.00054825 0.00204745 0.03781773 0.94874893 0.00894323 
14.00000000 0.00123195 0.00095356 0.00063515 0.00242996 0.04357397 0.94089239 0.01028302 
15.00000000 0.00140238 0.00109245 0.00072829 0.00285686 0.04967344 0.93255029 0.01169629 
16.00000000 0.00158134 0.00124037 0.00082763 0.00333117 0.05609996 0.92374141 0.01317812 
17.00000000 0.00176826 0.00139725 0.00093312 0.00385600 0.06283668 0.91448529 0.01472339 
18.00000000 0.00196253 0.00156301 0.00104471 0.00443452 0.06986617 0.90480221 0.01632686 
19.00000000 0.00216350 0.00173756 0.00116234 0.00506991 0.07717044 0.89471307 0.01798317 
20.00000000 0.00237053 0.00192085 0.00128596 0.00576537 0.08473106 0.88423938 0.01968685 
21.00000000 0.00258296 0.00211278 0.00141548 0.00652409 0.09252919 0.87340312 0.02143238 
22.00000000 0.00280011 0.00231330 0.00155084 0.00734918 0.10054568 0.86222670 0.02321419 
23.00000000 0.00302128 0.00252233 0.00169196 0.00824372 0.10876114 0.85073285 0.02502672 
24.00000000 0.00324577 0.00273983 0.00183873 0.00921067 0.11715598 0.83894462 0.02686439 
25.00000000 0.00347289 0.00296571 0.00199108 0.01025290 0.12571050 0.82688523 0.02872169 
26.00000000 0.00370191 0.00319994 0.00214888 0.01137312 0.13440493 0.81457806 0.03059314 
27.00000000 0.00393214 0.00344246 0.00231204 0.01257389 0.14321951 0.80204659 0.03247336 
28.00000000 0.00416284 0.00369322 0.00248042 0.01385759 0.15213452 0.78931434 0.03435707 
29.00000000 0.00439332 0.00395217 0.00265390 0.01522638 0.16113033 0.77640480 0.03623910 
30.00000000 0.00462287 0.00421926 0.00283232 0.01668222 0.17018750 0.76334140 0.03811442 
31.00000000 0.00485079 0.00449446 0.00301554 0.01822681 0.17928678 0.75014746 0.03997817 
32.00000000 0.00507639 0.00477772 0.00320338 0.01986160 0.18840918 0.73684610 0.04182564 
33.00000000 0.00529899 0.00506899 0.00339569 0.02158774 0.19753604 0.72346021 0.04365234 
34.00000000 0.00551794 0.00536823 0.00359227 0.02340612 0.20664910 0.71001236 0.04545398 
35.00000000 0.00573259 0.00567539 0.00379294 0.02531729 0.21573051 0.69652477 0.04722650 
36.00000000 0.00594232 0.00599042 0.00399750 0.02732150 0.22476292 0.68301924 0.04896610 
37.00000000 0.00614652 0.00631327 0.00420574 0.02941867 0.23372951 0.66951709 0.05066920 
38.00000000 0.00634463 0.00664386 0.00441746 0.03160836 0.24261404 0.65603912 0.05233253 
39.00000000 0.00653609 0.00698212 0.00463245 0.03388981 0.25140087 0.64260559 0.05395307 
40.00000000 0.00672039 0.00732799 0.00485049 0.03626189 0.26007500 0.62923617 0.05552807 
41.00000000 0.00689704 0.00768135 0.00507136 0.03872313 0.26862210 0.61594992 0.05705510 
42.00000000 0.00706558 0.00804212 0.00529484 0.04127168 0.27702850 0.60276530 0.05853198 
43.00000000 0.00722560 0.00841017 0.00552070 0.04390536 0.28528122 0.58970012 0.05995683 
44.00000000 0.00737672 0.00878537 0.00574872 0.04662162 0.29336796 0.57677155 0.06132806 
45.00000000 0.00751858 0.00916758 0.00597867 0.04941756 0.30127716 0.56399611 0.06264434 
46.00000000 0.00765088 0.00955662 0.00621034 0.05228994 0.30899794 0.55138963 0.06390465 
47.00000000 0.00777335 0.00995231 0.00644349 0.05523518 0.31652016 0.53896728 0.06510822 
48.00000000 0.00788578 0.01035445 0.00667793 0.05824936 0.32383444 0.52674349 0.06625456 
49.00000000 0.00798796 0.01076281 0.00691342 0.06132826 0.33093213 0.51473195 0.06734346 
50.00000000 0.00807977 0.01117714 0.00714979 0.06446735 0.33780536 0.50294563 0.06837497 
51.00000000 0.00816112 0.01159716 0.00738682 0.06766181 0.34444701 0.49139669 0.06934940 
52.00000000 0.00823195 0.01202259 0.00762433 0.07090654 0.35085075 0.48009653 0.07026731 
53.00000000 0.00829227 0.01245310 0.00786217 0.07419620 0.35701104 0.46905572 0.07112951 
54.00000000 0.00834212 0.01288835 0.00810016 0.07752521 0.36292307 0.45828408 0.07193703 
55.00000000 0.00838160 0.01332796 0.00833815 0.08088777 0.36858279 0.44779060 0.07269112 
56.00000000 0.00841086 0.01377155 0.00857603 0.08427791 0.37398687 0.43758354 0.07339324 
57.00000000 0.00843008 0.01421868 0.00881367 0.08768946 0.37913269 0.42767038 0.07404504 
58.00000000 0.00843950 0.01466892 0.00905097 0.09111613 0.38401827 0.41805790 0.07464832 
59.00000000 0.00843939 0.01512178 0.00928784 0.09455150 0.38864229 0.40875214 0.07520505 
60.00000000 0.00843008 0.01557677 0.00952424 0.09798905 0.39300402 0.39975850 0.07571734 
61.00000000 0.00841193 0.01603338 0.00976009 0.10142218 0.39710332 0.39108169 0.07618741 
62.00000000 0.00838535 0.01649105 0.00999539 0.10484427 0.40094058 0.38272577 0.07661759 
63.00000000 0.00835079 0.01694922 0.01023011 0.10824866 0.40451676 0.37469418 0.07701029 
64.00000000 0.00830873 0.01740730 0.01046426 0.11162872 0.40783328 0.36698970 0.07736800 
65.00000000 0.00825970 0.01786469 0.01069788 0.11497784 0.41089209 0.35961451 0.07769329 
66.00000000 0.00820427 0.01832075 0.01093102 0.11828948 0.41369559 0.35257015 0.07798875 
67.00000000 0.00814302 0.01877485 0.01116373 0.12155722 0.41624664 0.34585754 0.07825700 
68.00000000 0.00807659 0.01922632 0.01139612 0.12477473 0.41854851 0.33947703 0.07850071 
69.00000000 0.00800563 0.01967451 0.01162829 0.12793584 0.42060488 0.33342834 0.07872251 
70.00000000 0.00793085 0.02011873 0.01186036 0.13103456 0.42241979 0.32771066 0.07892505 
71.00000000 0.00785294 0.02055828 0.01209248 0.13406510 0.42399761 0.32232265 0.07911094 
72.00000000 0.00777265 0.02099249 0.01232482 0.13702187 0.42534300 0.31726244 0.07928273 
73.00000000 0.00769074 0.02142064 0.01255756 0.13989955 0.42646086 0.31252772 0.07944294 
74.00000000 0.00760797 0.02184204 0.01279088 0.14269305 0.42735634 0.30811573 0.07959399 
75.00000000 0.00752513 0.02225600 0.01302502 0.14539758 0.42803472 0.30402331 0.07973825 
76.00000000 0.00744303 0.02266181 0.01326018 0.14800863 0.42850148 0.30024692 0.07987795 
77.00000000 0.00736247 0.02305878 0.01349663 0.15052203 0.42876218 0.29678265 0.08001526 
78.00000000 0.00728426 0.02344624 0.01373460 0.15293392 0.42882251 0.29362629 0.08015219 
79.00000000 0.00720921 0.02382352 0.01397437 0.15524078 0.42868822 0.29077325 0.08029066 
80.00000000 0.00713814 0.02418995 0.01421621 0.15743946 0.42836512 0.28821868 0.08043244 
81.00000000 0.00707186 0.02454490 0.01446041 0.15952717 0.42785910 0.28595739 0.08057918 
82.00000000 0.00701117 0.02488775 0.01470727 0.16150151 0.42717605 0.28398388 0.08073237 
83.00000000 0.00695687 0.02521790 0.01495708 0.16336045 0.42632190 0.28229241 0.08089338 
84.00000000 0.00690973 0.02553476 0.01521016 0.16510239 0.42530260 0.28087693 0.08106342 
85.00000000 0.00687054 0.02583780 0.01546682 0.16672608 0.42412406 0.27973115 0.08124355 
86.00000000 0.00684003 0.02612649 0.01572737 0.16823070 0.42279220 0.27884854 0.08143467 
87.00000000 0.00681894 0.02640034 0.01599213 0.16961581 0.42131287 0.27822236 0.08163756 
88.00000000 0.00680796 0.02665890 0.01626141 0.17088135 0.41969187 0.27784569 0.08185281 
89.00000000 0.00680778 0.02690173 0.01653553 0.17202767 0.41793494 0.27771145 0.08208089 
90.00000000 0.00681905 0.02712846 0.01681481 0.17305547 0.41604770 0.27781241 0.08232210 
91.00000000 0.00684238 0.02733874 0.01709956 0.17396582 0.41403569 0.27814122 0.08257660 
92.00000000 0.00687835 0.02753225 0.01739007 0.17476014 0.41190435 0.27869044 0.08284440 
93.00000000 0.00692751 0.02770872 0.01768666 0.17544022 0.40965898 0.27945251 0.08312539 
94.00000000 0.00699036 0.02786794 0.01798962 0.17600814 0.40730482 0.28041980 0.08341931 
95.00000000 0.00706738 0.02800970 0.01829924 0.17646634 0.40484696 0.28158461 0.08372578 
96.00000000 0.00715898 0.02813389 0.01861578 0.17681751 0.40229043 0.28293912 0.08404429 
97.00000000 0.00726555 0.02824038 0.01893954 0.17706469 0.39964013 0.28447548 0.08437422 
98.00000000 0.00738743 0.02832914 0.01927076 0.17721114 0.39690091 0.28618575 0.08471487 
99.00000000 0.00752491 0.02840016 0.01960970 0.17726041 0.39407751 0.28806190 0.08506541 
100.00000000 0.00767822 0.02845347 0.01995659 0.17721627 0.39117460 0.29009589 0.08542495 
101.00000000 0.00784758 0.02848918 0.02031167 0.17708270 0.38819678 0.29227960 0.08579250 
102.00000000 0.00803311 0.02850739 0.02067514 0.17686389 0.38514857 0.29460487 0.08616702 
103.00000000 0.00823493 0.02850830 0.02104720 0.17656418 0.38203444 0.29706354 0.08654740 
104.00000000 0.00845308 0.02849213 0.02142804 0.17618806 0.37885875 0.29964742 0.08693250 
105.00000000 0.00868756 0.02845915 0.02181783 0.17574014 0.37562585 0.30234834 0.08732112 
106.00000000 0.00893831 0.02840966 0.02221673 0.17522514 0.37233998 0.30515814 0.08771205 
107.00000000 0.00920523 0.02834402 0.02262487 0.17464781 0.36900536 0.30806866 0.08810404 
108.00000000 0.00948817 0.02826262 0.02304238 0.17401301 0.36562616 0.31107181 0.08849585 
109.00000000 0.00978692 0.02816591 0.02346936 0.17332557 0.36220651 0.31415950 0.08888623 
110.00000000 0.01010123 0.02805435 0.02390593 0.17259036 0.35875051 0.31732368 0.08927394 
111.00000000 0.01043080 0.02792846 0.02435215 0.17181222 0.35526226 0.32055636 0.08965776 
112.00000000 0.01077528 0.02778878 0.02480809 0.17099597 0.35174584 0.32384955 0.09003648 
113.00000000 0.01113428 0.02763591 0.02527380 0.17014638 0.34820535 0.32719534 0.09040895 
114.00000000 0.01150736 0.02747045 0.02574932 0.16926813 0.34464487 0.33058582 0.09077405 
115.00000000 0.01189404 0.02729306 0.02623468 0.16836583 0.34106852 0.33401316 0.09113071 
116.00000000 0.01229380 0.02710442 0.02672987 0.16744399 0.33748044 0.33746956 0.09147792 
117.00000000 0.01270609 0.02690523 0.02723490 0.16650700 0.33388476 0.34094730 0.09181473 
118.00000000 0.01313029 0.02669623 0.02774975 0.16555910 0.33028566 0.34443871 0.09214027 
119.00000000 0.01356578 0.02647817 0.02827437 0.16460439 0.32668733 0.34793622 0.09245375 
120.00000000 0.01401189 0.02625183 0.02880873 0.16364680 0.32309398 0.35143232 0.09275444 
121.00000000 0.01446792 0.02601801 0.02935277 0.16269010 0.31950985 0.35491963 0.09304173 
122.00000000 0.01493314 0.02577752 0.02990640 0.16173783 0.31593918 0.35839085 0.09331507 
123.00000000 0.01540680 0.02553120 0.03046955 0.16079338 0.31238626 0.36183879 0.09357402 
124.00000000 0.01588811 0.02527989 0.03104211 0.15985989 0.30885537 0.36525640 0.09381823 
125.00000000 0.01637627 0.02502444 0.03162397 0.15894032 0.30535084 0.36863673 0.09404743 
126.00000000 0.01687045 0.02476571 0.03221501 0.15803740 0.30187700 0.37197294 0.09426148 
127.00000000 0.01736983 0.02450457 0.03281510 0.15715365 0.29843819 0.37525837 0.09446031 
128.00000000 0.01787354 0.02424189 0.03342409 0.15629135 0.29503877 0.37848643 0.09464394 
129.00000000 0.01838071 0.02397854 0.03404184 0.15545258 0.29168310 0.38165072 0.09481251 
130.00000000 0.01889049 0.02371540 0.03466819 0.15463921 0.28837554 0.38474495 0.09496623 
131.00000000 0.01940197 0.02345333 0.03530298 0.15385287 0.28512043 0.38776299 0.09510542 
132.00000000 0.01991429 0.02319321 0.03594603 0.15309500 0.28192210 0.39069889 0.09523048 
133.00000000 0.02042656 0.02293590 0.03659716 0.15236682 0.27878484 0.39354683 0.09534189 
134.00000000 0.02093790 0.02268223 0.03725619 0.15166935 0.27571290 0.39630120 0.09544023 
135.00000000 0.02144743 0.02243306 0.03792293 0.15100341 0.27271047 0.39895656 0.09552615 
136.00000000 0.02195429 0.02218921 0.03859718 0.15036962 0.26978169 0.40150765 0.09560037 
137.00000000 0.02245761 0.02195148 0.03927873 0.14976843 0.26693063 0.40394942 0.09566369 
138.00000000 0.02295657 0.02172068 0.03996738 0.14920010 0.26416126 0.40627705 0.09571696 
139.00000000 0.02345032 0.02149758 0.04066291 0.14866472 0.26147747 0.40848589 0.09576111 
140.00000000 0.02393805 0.02128293 0.04136509 0.14816224 0.25888303 0.41057155 0.09579711 
141.00000000 0.02441898 0.02107747 0.04207369 0.14769245 0.25638162 0.41252983 0.09582597 
142.00000000 0.02489233 0.02088189 0.04278850 0.14725500 0.25397676 0.41435678 0.09584874 
143.00000000 0.02535735 0.02069689 0.04350928 0.14684942 0.25167187 0.41604868 0.09586652 
144.00000000 0.02581333 0.02052311 0.04423579 0.14647513 0.24947018 0.41760205 0.09588041 
145.00000000 0.02625957 0.02036118 0.04496780 0.14613145 0.24737479 0.41901367 0.09589154 
146.00000000 0.02669542 0.02021171 0.04570508 0.14581761 0.24538861 0.42028053 0.09590105 
147.00000000 0.02712024 0.02007524 0.04644739 0.14553275 0.24351435 0.42139992 0.09591010 
148.00000000 0.02753345 0.01995231 0.04719452 0.14527597 0.24175456 0.42236937 0.09591983 
149.00000000 0.02793449 0.01984341 0.04794621 0.14504629 0.24011154 0.42318668 0.09593138 
150.00000000 0.02832283 0.01974902 0.04870226 0.14484270 0.23858741 0.42384990 0.09594587 
151.00000000 0.02869799 0.01966955 0.04946243 0.14466416 0.23718405 0.42435739 0.09596443 
152.00000000 0.02905954 0.01960539 0.05022648 0.14450962 0.23590310 0.42470775 0.09598813 
153.00000000 0.02940706 0.01955689 0.05099416 0.14437798 0.23474600 0.42489988 0.09601803 
154.00000000 0.02974020 0.01952435 0.05176521 0.14426820 0.23371392 0.42493297 0.09605515 
155.00000000 0.03005862 0.01950805 0.05253941 0.14417920 0.23280780 0.42480646 0.09610046 
156.00000000 0.03036207 0.01950821 0.05331650 0.14410995 0.23202830 0.42452008 0.09615490 
157.00000000 0.03065029 0.01952501 0.05409625 0.14405943 0.23137584 0.42407385 0.09621934 
158.00000000 0.03092309 0.01955862 0.05487843 0.14402665 0.23085058 0.42346805 0.09629459 
159.00000000 0.03118034 0.01960912 0.05566280 0.14401068 0.23045240 0.42270325 0.09638141 
160.00000000 0.03142193 0.01967659 0.05644916 0.14401062 0.23018092 0.42178030 0.09648049 
161.00000000 0.03164779 0.01976104 0.05723728 0.14402562 0.23003550 0.42070032 0.09659245 
162.00000000 0.03185791 0.01986246 0.05802696 0.14405489 0.23001522 0.41946470 0.09671785 
163.00000000 0.03205232 0.01998079 0.05881800 0.14409771 0.23011891 0.41807510 0.09685717 
164.00000000 0.03223109 0.02011591 0.05961020 0.14415341 0.23034512 0.41653345 0.09701082 
165.00000000 0.03239434 0.02026769 0.06040337 0.14422137 0.23069215 0.41484195 0.09717913 
166.00000000 0.03254221 0.02043594 0.06119735 0.14430107 0.23115803 0.41300305 0.09736235 
167.00000000 0.03267490 0.02062043 0.06199196 0.14439204 0.23174057 0.41101944 0.09756066 
168.00000000 0.03279265 0.02082091 0.06278703 0.14449388 0.23243730 0.40889407 0.09777417 
169.00000000 0.03289572 0.02103706 0.06358242 0.14460624 0.23324554 0.40663013 0.09800289 
170.00000000 0.03298444 0.02126854 0.06437798 0.14472887 0.23416234 0.40423105 0.09824678 
171.00000000 0.03305914 0.02151498 0.06517357 0.14486156 0.23518458 0.40170046 0.09850572 
172.00000000 0.03312021 0.02177595 0.06596907 0.14500417 0.23630889 0.39904222 0.09877950 
173.00000000 0.03316806 0.02205101 0.06676437 0.14515662 0.23753169 0.39626040 0.09906785 
174.00000000 0.03320313 0.02233967 0.06755935 0.14531889 0.23884924 0.39335928 0.09937044 
175.00000000 0.03322591 0.02264141 0.06835392 0.14549100 0.24025759 0.39034330 0.09968687 
176.00000000 0.03323690 0.02295569 0.06914798 0.14567303 0.24175263 0.38721711 0.10001666 
177.00000000 0.03323663 0.02328192 0.06994146 0.14586511 0.24333009 0.38398550 0.10035929 
178.00000000 0.03322564 0.02361951 0.07073429 0.14606741 0.24498555 0.38065343 0.10071417 
179.00000000 0.03320453 0.02396781 0.07152639 0.14628011 0.24671446 0.37722602 0.10108067 
180.00000000 0.03317388 0.02432618 0.07231773 0.14650345 0.24851216 0.37370851 0.10145810 
181.00000000 0.03313431 0.02469393 0.07310825 0.14673769 0.25037385 0.37010625 0.10184573 
182.00000000 0.03308645 0.02507035 0.07389792 0.14698309 0.25229467 0.36642473 0.10224278 
183.00000000 0.03303096 0.02545474 0.07468671 0.14723994 0.25426967 0.36266952 0.10264845 
184.00000000 0.03296848 0.02584635 0.07547460 0.14750855 0.25629383 0.35884629 0.10306190 
185.00000000 0.03289969 0.02624444 0.07626157 0.14778920 0.25836209 0.35496076 0.10348225 
186.00000000 0.03282526 0.02664823 0.07704763 0.14808220 0.26046934 0.35101873 0.10390862 
187.00000000 0.03274588 0.02705696 0.07783276 0.14838783 0.26261045 0.34702604 0.10434009 
188.00000000 0.03266222 0.02746984 0.07861697 0.14870637 0.26478029 0.34298858 0.10477574 
189.00000000 0.03257499 0.02788607 0.07940028 0.14903808 0.26697371 0.33891224 0.10521464 
190.00000000 0.03248485 0.02830488 0.08018270 0.14938319 0.26918561 0.33480293 0.10565584 
191.00000000 0.03239251 0.02872545 0.08096426 0.14974191 0.27141089 0.33066656 0.10609841 
192.00000000 0.03229863 0.02914700 0.08174499 0.15011442 0.27364451 0.32650903 0.10654142 
193.00000000 0.03220390 0.02956873 0.08252490 0.15050087 0.27588148 0.32233619 0.10698393 
194.00000000 0.03210897 0.02998985 0.08330404 0.15090134 0.27811688 0.31815388 0.10742504 
195.00000000 0.03201449 0.03040958 0.08408245 0.15131590 0.28034586 0.31396786 0.10786385 
196.00000000 0.03192112 0.03082715 0.08486015 0.15174458 0.28256368 0.30978384 0.10829947 
197.00000000 0.03182948 0.03124180 0.08563719 0.15218732 0.28476567 0.30560747 0.10873106 
198.00000000 0.03174018 0.03165277 0.08641362 0.15264406 0.28694730 0.30144427 0.10915779 
199.00000000 0.03165382 0.03205934 0.08718947 0.15311465 0.28910415 0.29729972 0.10957885 
200.00000000 0.03157098 0.03246078 0.08796478 0.15359892 0.29123191 0.29317914 0.10999350 
201.00000000 0.03149221 0.03285640 0.08873959 0.15409661 0.29332644 0.28908778 0.11040099 
202.00000000 0.03141805 0.03324551 0.08951395 0.15460742 0.29538372 0.28503072 0.11080064 
203.00000000 0.03134901 0.03362746 0.09028789 0.15513102 0.29739988 0.28101293 0.11119179 
204.00000000 0.03128559 0.03400163 0.09106146 0.15566698 0.29937124 0.27703925 0.11157385 
205.00000000 0.03122826 0.03436739 0.09183467 0.15621485 0.30129425 0.27311433 0.11194625 
206.00000000 0.03117744 0.03472417 0.09260757 0.15677412 0.30316554 0.26924268 0.11230847 
207.00000000 0.03113357 0.03507141 0.09338018 0.15734422 0.30498192 0.26542866 0.11266004 
208.00000000 0.03109702 0.03540860 0.09415252 0.15792453 0.30674037 0.26167642 0.11300054 
209.00000000 0.03106816 0.03573523 0.09492462 0.15851438 0.30843806 0.25798997 0.11332959 
210.00000000 0.03104732 0.03605083 0.09569649 0.15911307 0.31007232 0.25437310 0.11364686 
211.00000000 0.03103480 0.03635499 0.09646814 0.15971984 0.31164070 0.25082944 0.11395208 
212.00000000 0.03103089 0.03664730 0.09723958 0.16033389 0.31314091 0.24736241 0.11424502 
213.00000000 0.03103583 0.03692739 0.09801081 0.16095439 0.31457085 0.24397524 0.11452549 
214.00000000 0.03104983 0.03719492 0.09878182 0.16158047 0.31592863 0.24067096 0.11479337 
215.00000000 0.03107309 0.03744961 0.09955261 0.16221123 0.31721253 0.23745238 0.11504856 
216.00000000 0.03110577 0.03769118 0.10032316 0.16284574 0.31842100 0.23432213 0.11529102 
217.00000000 0.03114799 0.03791940 0.10109345 0.16348306 0.31955272 0.23128262 0.11552076 
218.00000000 0.03119988 0.03813407 0.10186346 0.16412220 0.32060651 0.22833606 0.11573782 
219.00000000 0.03126150 0.03833504 0.10263315 0.16476219 0.32158139 0.22548445 0.11594229 
220.00000000 0.03133289 0.03852216 0.10340249 0.16540202 0.32247657 0.22272957 0.11613430 
221.00000000 0.03141410 0.03869536 0.10417143 0.16604068 0.32329141 0.22007301 0.11631402 
222.00000000 0.03150510 0.03885455 0.10493993 0.16667717 0.32402546 0.21751614 0.11648164 
223.00000000 0.03160588 0.03899972 0.10570794 0.16731047 0.32467843 0.21506014 0.11663741 
224.00000000 0.03171638 0.03913087 0.10647540 0.16793958 0.32525021 0.21270598 0.11678159 
225.00000000 0.03183652 0.03924802 0.10724225 0.16856349 0.32574082 0.21045443 0.11691448 
226.00000000 0.03196620 0.03935123 0.10800842 0.16918123 0.32615045 0.20830606 0.11703640 
227.00000000 0.03210531 0.03944061 0.10877385 0.16979183 0.32647945 0.20626125 0.11714770 
228.00000000 0.03225370 0.03951626 0.10953847 0.17039432 0.32672830 0.20432020 0.11724875 
229.00000000 0.03241120 0.03957835 0.11030219 0.17098780 0.32689763 0.20248290 0.11733995 
230.00000000 0.03257763 0.03962703 0.11106494 0.17157135 0.32698819 0.20074917 0.11742169 
231.00000000 0.03275281 0.03966251 0.11182663 0.17214411 0.32700086 0.19911867 0.11749441 
232.00000000 0.03293650 0.03968500 0.11258719 0.17270525 0.32693666 0.19759085 0.11755853 
233.00000000 0.03312849 0.03969476 0.11334654 0.17325396 0.32679671 0.19616503 0.11761451 
234.00000000 0.03332852 0.03969205 0.11410457 0.17378950 0.32658223 0.19484035 0.11766278 
235.00000000 0.03353634 0.03967715 0.11486121 0.17431114 0.32629457 0.19361579 0.11770381 
236.00000000 0.03375167 0.03965036 0.11561637 0.17481820 0.32593516 0.19249019 0.11773805 
237.00000000 0.03397424 0.03961201 0.11636996 0.17531008 0.32550552 0.19146223 0.11776596 
238.00000000 0.03420376 0.03956242 0.11712190 0.17578618 0.32500727 0.19053047 0.11778799 
239.00000000 0.03443992 0.03950196 0.11787210 0.17624598 0.32444210 0.18969333 0.11780460 
240.00000000 0.03468243 0.03943098 0.11862047 0.17668902 0.32381177 0.18894910 0.11781624 
241.00000000 0.03493096 0.03934985 0.11936694 0.17711486 0.32311812 0.18829594 0.11782333 
242.00000000 0.03518520 0.03925896 0.12011141 0.17752315 0.32236305 0.18773193 0.11782630 
243.00000000 0.03544484 0.03915870 0.12085382 0.17791356 0.32154850 0.18725500 0.11782558 
244.00000000 0.03570954 0.03904947 0.12159409 0.17828585 0.32067647 0.18686301 0.11782156 
245.00000000 0.03597898 0.03893167 0.12233215 0.17863982 0.31974903 0.18655372 0.11781463 
246.00000000 0.03625284 0.03880572 0.12306792 0.17897533 0.31876825 0.18632479 0.11780516 
247.00000000 0.03653078 0.03867203 0.12380134 0.17929228 0.31773627 0.18617380 0.11779350 
248.00000000 0.03681249 0.03853101 0.12453236 0.17959066 0.31665523 0.18609827 0.11777999 
249.00000000 0.03709763 0.03838309 0.12526091 0.17987047 0.31552731 0.18609563 0.11776496 
250.00000000 0.03738589 0.03822867 0.12598694 0.18013181 0.31435473 0.18616327 0.11774869 
251.00000000 0.03767695 0.03806818 0.12671041 0.18037482 0.31313969 0.18629849 0.11773146 
252.00000000 0.03797049 0.03790204 0.12743128 0.18059967 0.31188442 0.18649858 0.11771353 
253.00000000 0.03826621 0.03773064 0.12814950 0.18080660 0.31059116 0.18676074 0.11769514 
254.00000000 0.03856379 0.03755442 0.12886504 0.18099592 0.30926216 0.18708217 0.11767651 
255.00000000 0.03886295 0.03737376 0.12957789 0.18116795 0.30789964 0.18746000 0.11765781 
256.00000000 0.03916339 0.03718906 0.13028801 0.18132308 0.30650586 0.18789136 0.11763924 
257.00000000 0.03946482 0.03700073 0.13099539 0.18146175 0.30508303 0.18837334 0.11762093 
258.00000000 0.03976697 0.03680915 0.13170003 0.18158443 0.30363339 0.18890302 0.11760302 
259.00000000 0.04006956 0.03661470 0.13240190 0.18169164 0.30215913 0.18947746 0.11758561 
260.00000000 0.04037234 0.03641775 0.13310102 0.18178392 0.30066246 0.19009370 0.11756881 
261.00000000 0.04067505 0.03621867 0.13379739 0.18186188 0.29914553 0.19074880 0.11755268 
262.00000000 0.04097743 0.03601782 0.13449102 0.18192614 0.29761052 0.19143980 0.11753727 
263.00000000 0.04127926 0.03581555 0.13518192 0.18197736 0.29605954 0.19216375 0.11752262 
264.00000000 0.04158030 0.03561220 0.13587011 0.18201622 0.29449469 0.19291772 0.11750875 
265.00000000 0.04188034 0.03540810 0.13655561 0.18204344 0.29291806 0.19369878 0.11749566 
266.00000000 0.04217915 0.03520358 0.13723847 0.18205976 0.29133169 0.19450400 0.11748335 
267.00000000 0.04247654 0.03499894 0.13791869 0.18206594 0.28973760 0.19533051 0.11747178 
268.00000000 0.04277231 0.03479450 0.13859633 0.18206275 0.28813776 0.19617543 0.11746092 
269.00000000 0.04306627 0.03459056 0.13927142 0.18205099 0.28653413 0.19703592 0.11745072 
270.00000000 0.04335824 0.03438739 0.13994401 0.18203145 0.28492862 0.19790917 0.11744112 
271.00000000 0.04364806 0.03418527 0.14061413 0.18200497 0.28332310 0.19879239 0.11743207 
272.00000000 0.04393555 0.03398449 0.14128185 0.18197236 0.28171942 0.19968285 0.11742348 
273.00000000 0.04422057 0.03378528 0.14194721 0.18193445 0.28011938 0.20057783 0.11741527 
274.00000000 0.04450297 0.03358792 0.14261027 0.18189207 0.27852472 0.20147468 0.11740737 
275.00000000 0.04478260 0.03339263 0.14327108 0.18184604 0.27693719 0.20237078 0.11739967 
276.00000000 0.04505934 0.03319966 0.14392971 0.18179719 0.27535844 0.20326355 0.11739210 
277.00000000 0.04533306 0.03300923 0.14458620 0.18174634 0.27379013 0.20415046 0.11738457 
278.00000000 0.04560364 0.03282155 0.14524063 0.18169430 0.27223384 0.20502906 0.11737698 
279.00000000 0.04587096 0.03263685 0.14589305 0.18164186 0.27069113 0.20589691 0.11736924 
280.00000000 0.04613493 0.03245531 0.14654353 0.18158981 0.26916350 0.20675165 0.11736127 
281.00000000 0.04639543 0.03227713 0.14719213 0.18153891 0.26765242 0.20759099 0.11735299 
282.00000000 0.04665238 0.03210251 0.14783891 0.18148991 0.26615931 0.20841266 0.11734431 
283.00000000 0.04690568 0.03193162 0.14848394 0.18144354 0.26468555 0.20921449 0.11733518 
284.00000000 0.04715525 0.03176463 0.14912728 0.18140051 0.26323245 0.20999436 0.11732552 
285.00000000 0.04740101 0.03160171 0.14976900 0.18136148 0.26180132 0.21075019 0.11731528 
286.00000000 0.04764289 0.03144301 0.15040915 0.18132712 0.26039339 0.21148002 0.11730441 
287.00000000 0.04788081 0.03128870 0.15104780 0.18129805 0.25900986 0.21218191 0.11729288 
288.00000000 0.04811471 0.03113891 0.15168501 0.18127486 0.25765187 0.21285400 0.11728065 
289.00000000 0.04834452 0.03099379 0.15232084 0.18125811 0.25632052 0.21349451 0.11726771 
290.00000000 0.04857018 0.03085346 0.15295535 0.18124834 0.25501687 0.21410174 0.11725405 
291.00000000 0.04879165 0.03071806 0.15358859 0.18124603 0.25374194 0.21467405 0.11723968 
292.00000000 0.04900886 0.03058771 0.15422062 0.18125166 0.25249667 0.21520986 0.11722461 
293.00000000 0.04922178 0.03046252 0.15485150 0.18126563 0.25128200 0.21570770 0.11720888 
294.00000000 0.04943035 0.03034259 0.15548129 0.18128834 0.25009877 0.21616615 0.11719252 
295.00000000 0.04963453 0.03022804 0.15611002 0.18132013 0.24894782 0.21658387 0.11717559 
296.00000000 0.04983428 0.03011896 0.15673776 0.18136132 0.24782990 0.21695962 0.11715816 
297.00000000 0.05002958 0.03001543 0.15736455 0.18141217 0.24674576 0.21729223 0.11714030 
298.00000000 0.05022037 0.02991755 0.15799043 0.18147292 0.24569605 0.21758058 0.11712210 
299.00000000 0.05040664 0.02982538 0.15861547 0.18154376 0.24468140 0.21782368 0.11710367 
300.00000000 0.05058836 0.02973901 0.15923969 0.18162485 0.24370239 0.21802059 0.11708512 
301.00000000 0.05076550 0.02965849 0.15986314 0.18171630 0.24275953 0.21817047 0.11706657 
302.00000000 0.05093804 0.02958389 0.16048587 0.18181819 0.24185332 0.21827253 0.11704816 
303.00000000 0.05110596 0.02951525 0.16110791 0.18193057 0.24098416 0.21832612 0.11703004 
304.00000000 0.05126925 0.02945263 0.16172930 0.18205343 0.24015243 0.21833062 0.11701235 
305.00000000 0.05142789 0.02939606 0.16235008 0.18218674 0.23935846 0.21828552 0.11699526 
306.00000000 0.05158187 0.02934557 0.16297028 0.18233044 0.23860250 0.21819040 0.11697894 
307.00000000 0.05173120 0.02930119 0.16358994 0.18248441 0.23788479 0.21804490 0.11696357 
308.00000000 0.05187586 0.02926293 0.16420910 0.18264854 0.23720548 0.21784876 0.11694932 
309.00000000 0.05201586 0.02923081 0.16482779 0.18282265 0.23656469 0.21760182 0.11693639 
310.00000000 0.05215121 0.02920482 0.16544603 0.18300653 0.23596247 0.21730396 0.11692497 
311.00000000 0.05228190 0.02918497 0.16606387 0.18319998 0.23539883 0.21695520 0.11691526 
312.00000000 0.05240796 0.02917124 0.16668133 0.18340273 0.23487372 0.21655559 0.11690744 
313.00000000 0.05252939 0.02916361 0.16729844 0.18361450 0.23438705 0.21610530 0.11690172 
314.00000000 0.05264623 0.02916204 0.16791523 0.18383500 0.23393865 0.21560456 0.11689830 
315.00000000 0.05275848 0.02916652 0.16853173 0.18406389 0.23352831 0.21505369 0.11689737 
316.00000000 0.05286620 0.02917698 0.16914798 0.18430083 0.23315578 0.21445310 0.11689913 
317.00000000 0.05296940 0.02919339 0.16976399 0.18454547 0.23282073 0.21380326 0.11690376 
318.00000000 0.05306812 0.02921567 0.17037981 0.18479741 0.23252280 0.21310473 0.11691146 
319.00000000 0.05316241 0.02924376 0.17099545 0.18505626 0.23226155 0.21235815 0.11692241 
320.00000000 0.05325232 0.02927758 0.17161094 0.18532163 0.23203651 0.21156423 0.11693678 
321.00000000 0.05333790 0.02931706 0.17222632 0.18559309 0.23184715 0.21072374 0.11695474 
322.00000000 0.05341921 0.02936208 0.17284161 0.18587022 0.23169288 0.20983755 0.11697645 
323.00000000 0.05349630 0.02941256 0.17345685 0.18615259 0.23157307 0.20890658 0.11700205 
324.00000000 0.05356926 0.02946838 0.17407205 0.18643976 0.23148702 0.20793184 0.11703170 
325.00000000 0.05363815 0.02952943 0.17468726 0.18673129 0.23143399 0.20691437 0.11706550 
326.00000000 0.05370305 0.02959558 0.17530249 0.18702675 0.23141320 0.20585532 0.11710360 
327.00000000 0.05376405 0.02966669 0.17591779 0.18732571 0.23142381 0.20475587 0.11714607 
328.00000000 0.05382124 0.02974263 0.17653317 0.18762773 0.23146493 0.20361727 0.11719302 
329.00000000 0.05387472 0.02982325 0.17714867 0.18793237 0.23153563 0.20244082 0.11724453 
330.00000000 0.05392457 0.02990839 0.17776432 0.18823923 0.23163492 0.20122791 0.11730065 
331.00000000 0.05397092 0.02999789 0.17838015 0.18854789 0.23176179 0.19997992 0.11736142 
332.00000000 0.05401388 0.03009158 0.17899619 0.18885795 0.23191516 0.19869835 0.11742689 
333.00000000 0.05405355 0.03018928 0.17961247 0.18916901 0.23209393 0.19738469 0.11749707 
334.00000000 0.05409006 0.03029082 0.18022903 0.18948070 0.23229695 0.19604050 0.11757195 
335.00000000 0.05412355 0.03039599 0.18084588 0.18979266 0.23252303 0.19466738 0.11765151 
336.00000000 0.05415414 0.03050461 0.18146307 0.19010453 0.23277095 0.19326697 0.11773573 
337.00000000 0.05418197 0.03061648 0.18208062 0.19041598 0.23303947 0.19184093 0.11782456 
338.00000000 0.05420718 0.03073139 0.18269857 0.19072669 0.23332729 0.19039097 0.11791791 
339.00000000 0.05422992 0.03084914 0.18331695 0.19103637 0.23363309 0.18891881 0.11801572 
340.00000000 0.05425034 0.03096950 0.18393578 0.19134474 0.23395555 0.18742621 0.11811788 
341.00000000 0.05426859 0.03109226 0.18455510 0.19165153 0.23429329 0.18591495 0.11822428 
342.00000000 0.05428484 0.03121720 0.18517494 0.19195650 0.23464492 0.18438682 0.11833478 
343.00000000 0.05429924 0.03134410 0.18579533 0.19225943 0.23500904 0.18284363 0.11844923 
344.00000000 0.05431197 0.03147272 0.18641629 0.19256011 0.23538423 0.18128720 0.11856749 
345.00000000 0.05432318 0.03160283 0.18703786 0.19285836 0.23576906 0.17971935 0.11868936 
346.00000000 0.05433306 0.03173421 0.18766006 0.19315401 0.23616207 0.17814192 0.11881466 
347.00000000 0.05434178 0.03186662 0.18828293 0.19344693 0.23656181 0.17655674 0.11894319 
348.00000000 0.05434951 0.03199982 0.18890649 0.19373698 0.23696683 0.17496565 0.11907472 
349.00000000 0.05435643 0.03213359 0.18953077 0.19402405 0.23737566 0.17337045 0.11920905 
350.00000000 0.05436272 0.03226768 0.19015579 0.19430806 0.23778686 0.17177298 0.11934591 
351.00000000 0.05436857 0.03240185 0.19078158 0.19458893 0.23819896 0.17017503 0.11948508 
352.00000000 0.05437416 0.03253588 0.19140816 0.19486660 0.23861052 0.16857839 0.11962629 
353.00000000 0.05437966 0.03266953 0.19203557 0.19514104 0.23902011 0.16698482 0.11976927 
354.00000000 0.05438526 0.03280257 0.19266381 0.19541222 0.23942631 0.16539607 0.11991376 
355.00000000 0.05439115 0.03293477 0.19329292 0.19568012 0.23982771 0.16381385 0.12005948 
356.00000000 0.05439750 0.03306590 0.19392291 0.19594475 0.24022294 0.16223986 0.12020614 
357.00000000 0.05440450 0.03319574 0.19455381 0.19620613 0.24061062 0.16067575 0.12035346 
358.00000000 0.05441232 0.03332406 0.19518563 0.19646426 0.24098943 0.15912315 0.12050114 
359.00000000 0.05442115 0.03345066 0.19581840 0.19671920 0.24135806 0.15758364 0.12064889 
360.00000000 0.05443117 0.03357530 0.19645213 0.19697097 0.24171523 0.15605877 0.12079643 
361.00000000 0.05444253 0.03369780 0.19708683 0.19721964 0.24205972 0.15455004 0.12094345 
362.00000000 0.05445542 0.03381793 0.19772253 0.19746524 0.24239030 0.15305890 0.12108966 
363.00000000 0.05447000 0.03393551 0.19835924 0.19770785 0.24270583 0.15158678 0.12123477 
364.00000000 0.05448644 0.03405034 0.19899698 0.19794753 0.24300518 0.15013503 0.12137850 
365.00000000 0.05450490 0.03416224 0.19963575 0.19818434 0.24328726 0.14870495 0.12152056 
366.00000000 0.05452552 0.03427101 0.20027557 0.19841834 0.24355106 0.14729782 0.12166067 
367.00000000 0.05454847 0.03437650 0.20091645 0.19864962 0.24379558 0.14591481 0.12179857 
368.00000000 0.05457389 0.03447852 0.20155840 0.19887822 0.24401990 0.14455709 0.12193397 
369.00000000 0.05460192 0.03457693 0.20220143 0.19910422 0.24422313 0.14322573 0.12206664 
370.00000000 0.05463270 0.03467156 0.20284556 0.19932768 0.24440444 0.14192176 0.12219630 
371.00000000 0.05466635 0.03476228 0.20349078 0.19954866 0.24456307 0.14064613 0.12232273 
372.00000000 0.05470300 0.03484894 0.20413710 0.19976720 0.24469829 0.13939977 0.12244570 
373.00000000 0.05474277 0.03493142 0.20478455 0.19998336 0.24480945 0.13818348 0.12256497 
374.00000000 0.05478576 0.03500959 0.20543311 0.20019717 0.24489595 0.13699807 0.12268035 
375.00000000 0.05483209 0.03508335 0.20608279 0.20040868 0.24495724 0.13584422 0.12279164 
376.00000000 0.05488185 0.03515259 0.20673361 0.20061790 0.24499284 0.13472259 0.12289864 
377.00000000 0.05493512 0.03521721 0.20738556 0.20082485 0.24500233 0.13363375 0.12300118 
378.00000000 0.05499199 0.03527713 0.20803866 0.20102955 0.24498535 0.13257821 0.12309910 
379.00000000 0.05505253 0.03533228 0.20869289 0.20123200 0.24494160 0.13155642 0.12319226 
380.00000000 0.05511682 0.03538259 0.20934828 0.20143219 0.24487083 0.13056877 0.12328052 
381.00000000 0.05518490 0.03542799 0.21000481 0.20163010 0.24477287 0.12961556 0.12336376 
382.00000000 0.05525684 0.03546844 0.21066250 0.20182571 0.24464759 0.12869705 0.12344187 
383.00000000 0.05533267 0.03550390 0.21132134 0.20201898 0.24449493 0.12781341 0.12351476 
384.00000000 0.05541242 0.03553434 0.21198134 0.20220988 0.24431489 0.12696478 0.12358234 
385.00000000 0.05549613 0.03555974 0.21264250 0.20239835 0.24410751 0.12615121 0.12364455 
386.00000000 0.05558381 0.03558009 0.21330482 0.20258432 0.24387291 0.12537269 0.12370134 
387.00000000 0.05567548 0.03559538 0.21396831 0.20276774 0.24361126 0.12462917 0.12375267 
388.00000000 0.05577112 0.03560562 0.21463295 0.20294853 0.24332276 0.12392051 0.12379851 
389.00000000 0.05587075 0.03561083 0.21529877 0.20312660 0.24300769 0.12324653 0.12383884 
390.00000000 0.05597433 0.03561104 0.21596574 0.20330187 0.24266636 0.12260699 0.12387366 
391.00000000 0.05608186 0.03560627 0.21663389 0.20347424 0.24229916 0.12200159 0.12390299 
392.00000000 0.05619329 0.03559657 0.21730320 0.20364362 0.24190649 0.12142998 0.12392685 
393.00000000 0.05630859 0.03558199 0.21797368 0.20380990 0.24148882 0.12089175 0.12394527 
394.00000000 0.05642772 0.03556260 0.21864533 0.20397298 0.24104665 0.12038644 0.12395829 
395.00000000 0.05655061 0.03553845 0.21931814 0.20413274 0.24058053 0.11991356 0.12396597 
396.00000000 0.05667721 0.03550963 0.21999212 0.20428908 0.24009103 0.11947255 0.12396838 
397.00000000 0.05680744 0.03547622 0.22066727 0.20444188 0.23957879 0.11906280 0.12396559 
398.00000000 0.05694124 0.03543832 0.22134359 0.20459103 0.23904446 0.11868368 0.12395767 
399.00000000 0.05707851 0.03539602 0.22202108 0.20473643 0.23848873 0.11833451 0.12394472 
400.00000000 0.05721917 0.03534942 0.22269973 0.20487796 0.23791231 0.11801456 0.12392685 
401.00000000 0.05736312 0.03529865 0.22337955 0.20501552 0.23731595 0.11772307 0.12390414 
402.00000000 0.05751025 0.03524382 0.22406054 0.20514900 0.23670042 0.11745924 0.12387672 
403.00000000 0.05766046 0.03518507 0.22474268 0.20527832 0.23606651 0.11722226 0.12384470 
404.00000000 0.05781364 0.03512251 0.22542600 0.20540337 0.23541503 0.11701125 0.12380820 
405.00000000 0.05796965 0.03505630 0.22611047 0.20552407 0.23474682 0.11682534 0.12376735 
406.00000000 0.05812839 0.03498657 0.22679610 0.20564034 0.23406272 0.11666361 0.12372227 
407.00000000 0.05828971 0.03491348 0.22748289 0.20575211 0.23336358 0.11652513 0.12367311 
408.00000000 0.05845348 0.03483718 0.22817083 0.20585933 0.23265028 0.11640893 0.12361998 
409.00000000 0.05861956 0.03475783 0.22885992 0.20596193 0.23192370 0.11631405 0.12356303 
410.00000000 0.05878780 0.03467558 0.22955016 0.20605987 0.23118471 0.11623948 0.12350240 
411.00000000 0.05895807 0.03459061 0.23024154 0.20615312 0.23043421 0.11618422 0.12343823 
412.00000000 0.05913021 0.03450309 0.23093406 0.20624167 0.22967308 0.11614725 0.12337065 
413.00000000 0.05930407 0.03441318 0.23162771 0.20632549 0.22890222 0.11612754 0.12329980 
414.00000000 0.05947948 0.03432107 0.23232249 0.20640459 0.22812251 0.11612404 0.12322582 
415.00000000 0.05965630 0.03422693 0.23301839 0.20647898 0.22733483 0.11613571 0.12314885 
416.00000000 0.05983436 0.03413095 0.23371541 0.20654869 0.22654007 0.11616150 0.12306902 
417.00000000 0.06001350 0.03403329 0.23441354 0.20661376 0.22573908 0.11620036 0.12298647 
418.00000000 0.06019355 0.03393415 0.23511277 0.20667423 0.22493274 0.11625123 0.12290133 
419.00000000 0.06037436 0.03383371 0.23581309 0.20673017 0.22412189 0.11631307 0.12281372 
420.00000000 0.06055576 0.03373214 0.23651449 0.20678165 0.22330736 0.11638483 0.12272377 
421.00000000 0.06073758 0.03362965 0.23721696 0.20682877 0.22248998 0.11646547 0.12263160 
422.00000000 0.06091966 0.03352639 0.23792049 0.20687161 0.22167056 0.11655395 0.12253734 
423.00000000 0.06110183 0.03342257 0.23862508 0.20691030 0.22084989 0.11664926 0.12244109 
424.00000000 0.06128393 0.03331836 0.23933070 0.20694495 0.22002874 0.11675037 0.12234296 
425.00000000 0.06146579 0.03321394 0.24003734 0.20697569 0.21920787 0.11685628 0.12224308 
426.00000000 0.06164727 0.03310950 0.24074500 0.20700268 0.21838801 0.11696601 0.12214153 
427.00000000 0.06182819 0.03300519 0.24145365 0.20702607 0.21756989 0.11707859 0.12203843 
428.00000000 0.06200840 0.03290121 0.24216328 0.20704601 0.21675419 0.11719305 0.12193386 
429.00000000 0.06218774 0.03279772 0.24287387 0.20706269 0.21594160 0.11730847 0.12182791 
430.00000000 0.06236606 0.03269489 0.24358540 0.20707629 0.21513276 0.11742391 0.12172069 
431.00000000 0.06254322 0.03259288 0.24429786 0.20708699 0.21432831 0.11753848 0.12161226 
432.00000000 0.06271906 0.03249186 0.24501123 0.20709499 0.21352884 0.11765131 0.12150271 
433.00000000 0.06289344 0.03239198 0.24572548 0.20710050 0.21273495 0.11776153 0.12139212 
434.00000000 0.06306622 0.03229340 0.24644060 0.20710371 0.21194718 0.11786832 0.12128056 
435.00000000 0.06323727 0.03219626 0.24715656 0.20710485 0.21116609 0.11797086 0.12116810 
436.00000000 0.06340645 0.03210072 0.24787334 0.20710413 0.21039218 0.11806838 0.12105481 
437.00000000 0.06357364 0.03200690 0.24859091 0.20710177 0.20962593 0.11816010 0.12094075 
438.00000000 0.06373871 0.03191496 0.24930925 0.20709798 0.20886782 0.11824531 0.12082597 
439.00000000 0.06390155 0.03182500 0.25002834 0.20709300 0.20811827 0.11832330 0.12071055 
