0.00000000 0.00009100 0.00824756 0.00398765 0.00044719 0.21730518 0.00593771 0.76398371 
1.00000000 0.00009100 0.00824756 0.00398765 0.00044720 0.21730518 0.00593771 0.76398370 
2.00000000 0.00009101 0.00824766 0.00398769 0.00044730 0.21730610 0.00593772 0.76398252 
3.00000000 0.00009105 0.00824816 0.00398786 0.00044775 0.21731056 0.00593780 0.76397683 
4.00000000 0.00009117 0.00824950 0.00398832 0.00044898 0.21732262 0.00593799 0.76396143 
5.00000000 0.00009141 0.00825225 0.00398927 0.00045155 0.21734733 0.00593840 0.76392979 
6.00000000 0.00009184 0.00825709 0.00399092 0.00045615 0.21739024 0.00593911 0.76387465 
7.00000000 0.00009254 0.00826467 0.00399351 0.00046360 0.21745682 0.00594025 0.76378862 
8.00000000 0.00009359 0.00827569 0.00399724 0.00047478 0.21755204 0.00594191 0.76366475 
9.00000000 0.00009509 0.00829077 0.00400231 0.00049065 0.21768003 0.00594420 0.76349695 
10.00000000 0.00009712 0.00831049 0.00400888 0.00051224 0.21784385 0.00594723 0.76328019 
11.00000000 0.00009980 0.00833534 0.00401709 0.00054060 0.21804554 0.00595110 0.76301053 
12.00000000 0.00010322 0.00836581 0.00402704 0.00057682 0.21828625 0.00595589 0.76268497 
13.00000000 0.00010751 0.00840231 0.00403883 0.00062202 0.21856655 0.00596169 0.76230109 
14.00000000 0.00011277 0.00844529 0.00405255 0.00067733 0.21888676 0.00596859 0.76185671 
15.00000000 0.00011914 0.00849521 0.00406828 0.00074391 0.21924733 0.00597669 0.76134944 
16.00000000 0.00012673 0.00855257 0.00408612 0.00082296 0.21964917 0.00598608 0.76077637 
17.00000000 0.00013569 0.00861794 0.00410620 0.00091568 0.22009378 0.00599687 0.76013384 
18.00000000 0.00014614 0.00869193 0.00412866 0.00102330 0.22058338 0.00600918 0.75941741 
19.00000000 0.00015824 0.00877522 0.00415364 0.00114708 0.22112079 0.00602312 0.75862191 
20.00000000 0.00017214 0.00886850 0.00418131 0.00128827 0.22170920 0.00603885 0.75774173 
21.00000000 0.00018799 0.00897250 0.00421183 0.00144814 0.22235190 0.00605647 0.75677116 
22.00000000 0.00020595 0.00908790 0.00424534 0.00162795 0.22305194 0.00607614 0.75570478 
23.00000000 0.00022619 0.00921537 0.00428197 0.00182892 0.22381176 0.00609798 0.75453783 
24.00000000 0.00024886 0.00935551 0.00432181 0.00205226 0.22463300 0.00612209 0.75326645 
25.00000000 0.00027415 0.00950889 0.00436494 0.00229915 0.22551632 0.00614861 0.75188794 
26.00000000 0.00030222 0.00967601 0.00441139 0.00257069 0.22646142 0.00617761 0.75040065 
27.00000000 0.00033324 0.00985734 0.00446117 0.00286794 0.22746716 0.00620919 0.74880397 
28.00000000 0.00036740 0.01005329 0.00451426 0.00319191 0.22853173 0.00624343 0.74709799 
29.00000000 0.00040485 0.01026430 0.00457063 0.00354353 0.22965303 0.00628039 0.74528326 
30.00000000 0.00044579 0.01049077 0.00463026 0.00392369 0.23082892 0.00632016 0.74336042 
31.00000000 0.00049038 0.01073313 0.00469312 0.00433321 0.23205747 0.00636279 0.74132990 
32.00000000 0.00053881 0.01099181 0.00475919 0.00477286 0.23333725 0.00640837 0.73919172 
33.00000000 0.00059125 0.01126728 0.00482843 0.00524336 0.23466730 0.00645697 0.73694542 
34.00000000 0.00064787 0.01155997 0.00490084 0.00574538 0.23604723 0.00650868 0.73459004 
35.00000000 0.00070886 0.01187036 0.00497640 0.00627953 0.23747697 0.00656359 0.73212430 
36.00000000 0.00077438 0.01219887 0.00505510 0.00684637 0.23895667 0.00662179 0.72954682 
37.00000000 0.00084460 0.01254593 0.00513690 0.00744642 0.24048636 0.00668336 0.72685642 
38.00000000 0.00091971 0.01291194 0.00522178 0.00808010 0.24206574 0.00674839 0.72405234 
39.00000000 0.00099985 0.01329726 0.00530965 0.00874780 0.24369396 0.00681695 0.72113452 
40.00000000 0.00108521 0.01370223 0.00540046 0.00944981 0.24536948 0.00688910 0.71810372 
41.00000000 0.00117594 0.01412714 0.00549410 0.01018635 0.24709005 0.00696489 0.71496154 
42.00000000 0.00127219 0.01457229 0.00559045 0.01095755 0.24885277 0.00704435 0.71171039 
43.00000000 0.00137414 0.01503793 0.00568940 0.01176347 0.25065420 0.00712752 0.70835334 
44.00000000 0.00148192 0.01552432 0.00579082 0.01260407 0.25249062 0.00721439 0.70489386 
45.00000000 0.00159569 0.01603168 0.00589456 0.01347923 0.25435820 0.00730500 0.70133564 
46.00000000 0.00171558 0.01656023 0.00600050 0.01438878 0.25625327 0.00739933 0.69768231 
47.00000000 0.00184172 0.01711017 0.00610850 0.01533244 0.25817242 0.00749741 0.69393734 
48.00000000 0.00197425 0.01768165 0.00621843 0.01630990 0.26011269 0.00759923 0.69010385 
49.00000000 0.00211328 0.01827483 0.00633016 0.01732076 0.26207148 0.00770482 0.68618468 
50.00000000 0.00225891 0.01888979 0.00644356 0.01836458 0.26404657 0.00781419 0.68218240 
51.00000000 0.00241125 0.01952661 0.00655851 0.01944088 0.26603598 0.00792735 0.67809942 
52.00000000 0.00257038 0.02018532 0.00667487 0.02054911 0.26803778 0.00804433 0.67393821 
53.00000000 0.00273638 0.02086592 0.00679250 0.02168869 0.27004997 0.00816513 0.66970141 
54.00000000 0.00290932 0.02156836 0.00691128 0.02285898 0.27207030 0.00828976 0.66539200 
55.00000000 0.00308926 0.02229261 0.00703105 0.02405930 0.27409620 0.00841822 0.66101336 
56.00000000 0.00327625 0.02303858 0.00715168 0.02528891 0.27612473 0.00855048 0.65656937 
57.00000000 0.00347032 0.02380619 0.00727302 0.02654704 0.27815261 0.00868651 0.65206430 
58.00000000 0.00367151 0.02459534 0.00739495 0.02783284 0.28017628 0.00882628 0.64750281 
59.00000000 0.00387982 0.02540591 0.00751731 0.02914543 0.28219204 0.00896972 0.64288977 
60.00000000 0.00409528 0.02623773 0.00764000 0.03048387 0.28419619 0.00911677 0.63823017 
61.00000000 0.00431786 0.02709065 0.00776288 0.03184719 0.28618511 0.00926737 0.63352894 
62.00000000 0.00454756 0.02796443 0.00788585 0.03323436 0.28815544 0.00942144 0.62879092 
63.00000000 0.00478436 0.02885882 0.00800878 0.03464434 0.29010405 0.00957892 0.62402073 
64.00000000 0.00502820 0.02977351 0.00813157 0.03607606 0.29202815 0.00973974 0.61922277 
65.00000000 0.00527904 0.03070813 0.00825411 0.03752841 0.29392519 0.00990383 0.61440129 
66.00000000 0.00553682 0.03166228 0.00837631 0.03900028 0.29579282 0.01007113 0.60956036 
67.00000000 0.00580146 0.03263550 0.00849805 0.04049056 0.29762886 0.01024157 0.60470400 
68.00000000 0.00607288 0.03362730 0.00861924 0.04199813 0.29943113 0.01041509 0.59983623 
69.00000000 0.00635097 0.03463715 0.00873979 0.04352184 0.30119748 0.01059162 0.59496115 
70.00000000 0.00663563 0.03566450 0.00885961 0.04506059 0.30292568 0.01077107 0.59008292 
71.00000000 0.00692673 0.03670878 0.00897864 0.04661323 0.30461345 0.01095336 0.58520581 
72.00000000 0.00722415 0.03776939 0.00909681 0.04817864 0.30625847 0.01113838 0.58033416 
73.00000000 0.00752775 0.03884572 0.00921407 0.04975569 0.30785841 0.01132601 0.57547234 
74.00000000 0.00783737 0.03993715 0.00933039 0.05134324 0.30941101 0.01151614 0.57062469 
75.00000000 0.00815286 0.04104303 0.00944573 0.05294016 0.31091413 0.01170864 0.56579546 
76.00000000 0.00847405 0.04216266 0.00956009 0.05454531 0.31236576 0.01190336 0.56098878 
77.00000000 0.00880077 0.04329534 0.00967345 0.05615757 0.31376410 0.01210016 0.55620862 
78.00000000 0.00913285 0.04444032 0.00978581 0.05777579 0.31510753 0.01229890 0.55145880 
79.00000000 0.00947008 0.04559684 0.00989718 0.05939886 0.31639460 0.01249945 0.54674299 
80.00000000 0.00981230 0.04676408 0.01000757 0.06102568 0.31762399 0.01270165 0.54206473 
81.00000000 0.01015930 0.04794121 0.01011697 0.06265513 0.31879450 0.01290539 0.53742750 
82.00000000 0.01051089 0.04912739 0.01022541 0.06428617 0.31990497 0.01311051 0.53283466 
83.00000000 0.01086688 0.05032172 0.01033291 0.06591772 0.32095434 0.01331690 0.52828954 
84.00000000 0.01122704 0.05152333 0.01043948 0.06754878 0.32194155 0.01352442 0.52379540 
85.00000000 0.01159120 0.05273131 0.01054517 0.06917834 0.32286565 0.01373292 0.51935542 
86.00000000 0.01195913 0.05394475 0.01065002 0.07080544 0.32372576 0.01394227 0.51497264 
87.00000000 0.01233064 0.05516273 0.01075409 0.07242914 0.32452117 0.01415231 0.51064993 
88.00000000 0.01270552 0.05638432 0.01085744 0.07404853 0.32525134 0.01436288 0.50638997 
89.00000000 0.01308356 0.05760860 0.01096014 0.07566273 0.32591595 0.01457383 0.50219519 
90.00000000 0.01346458 0.05883462 0.01106229 0.07727088 0.32651488 0.01478498 0.49806778 
91.00000000 0.01384836 0.06006145 0.01116396 0.07887214 0.32704824 0.01499615 0.49400970 
92.00000000 0.01423471 0.06128814 0.01126527 0.08046569 0.32751633 0.01520717 0.49002270 
93.00000000 0.01462344 0.06251374 0.01136631 0.08205075 0.32791954 0.01541787 0.48610835 
94.00000000 0.01501437 0.06373735 0.01146718 0.08362653 0.32825834 0.01562807 0.48226816 
95.00000000 0.01540732 0.06495803 0.01156799 0.08519229 0.32853323 0.01583760 0.47850353 
96.00000000 0.01580211 0.06617490 0.01166885 0.08674729 0.32874467 0.01604632 0.47481587 
97.00000000 0.01619858 0.06738707 0.01176986 0.08829083 0.32889307 0.01625406 0.47120655 
98.00000000 0.01659657 0.06859368 0.01187114 0.08982223 0.32897879 0.01646067 0.46767693 
99.00000000 0.01699593 0.06979391 0.01197279 0.09134084 0.32900220 0.01666600 0.46422833 
100.00000000 0.01739652 0.07098693 0.01207495 0.09284605 0.32896371 0.01686992 0.46086193 
101.00000000 0.01779821 0.07217196 0.01217772 0.09433726 0.32886385 0.01707227 0.45757873 
102.00000000 0.01820087 0.07334821 0.01228123 0.09581392 0.32870333 0.01727292 0.45437952 
103.00000000 0.01860438 0.07451493 0.01238561 0.09727550 0.32848308 0.01747172 0.45126478 
104.00000000 0.01900865 0.07567138 0.01249098 0.09872150 0.32820430 0.01766851 0.44823467 
105.00000000 0.01941358 0.07681684 0.01259746 0.10015145 0.32786846 0.01786316 0.44528905 
106.00000000 0.01981908 0.07795060 0.01270518 0.10156491 0.32747723 0.01805551 0.44242748 
107.00000000 0.02022508 0.07907202 0.01281425 0.10296146 0.32703246 0.01824542 0.43964932 
108.00000000 0.02063150 0.08018044 0.01292481 0.10434068 0.32653609 0.01843275 0.43695374 
109.00000000 0.02103829 0.08127530 0.01303695 0.10570221 0.32599005 0.01861735 0.43433985 
110.00000000 0.02144539 0.08235603 0.01315081 0.10704566 0.32539622 0.01879912 0.43180677 
111.00000000 0.02185278 0.08342214 0.01326649 0.10837070 0.32475634 0.01897792 0.42935364 
112.00000000 0.02226041 0.08447317 0.01338410 0.10967699 0.32407200 0.01915365 0.42697967 
113.00000000 0.02266826 0.08550873 0.01350376 0.11096422 0.32334468 0.01932621 0.42468414 
114.00000000 0.02307633 0.08652844 0.01362557 0.11223211 0.32257572 0.01949550 0.42246633 
115.00000000 0.02348461 0.08753198 0.01374965 0.11348036 0.32176645 0.01966144 0.42032552 
116.00000000 0.02389309 0.08851907 0.01387609 0.11470875 0.32091822 0.01982394 0.41826084 
117.00000000 0.02430180 0.08948946 0.01400501 0.11591703 0.32003250 0.01998292 0.41627128 
118.00000000 0.02471075 0.09044293 0.01413647 0.11710501 0.31911095 0.02013832 0.41435556 
119.00000000 0.02511997 0.09137931 0.01427058 0.11827251 0.31815541 0.02029006 0.41251216 
120.00000000 0.02552948 0.09229843 0.01440741 0.11941937 0.31716795 0.02043808 0.41073928 
121.00000000 0.02593934 0.09320018 0.01454702 0.12054546 0.31615083 0.02058230 0.40903487 
122.00000000 0.02634959 0.09408449 0.01468947 0.12165064 0.31510644 0.02072268 0.40739670 
123.00000000 0.02676027 0.09495131 0.01483480 0.12273484 0.31403720 0.02085915 0.40582242 
124.00000000 0.02717145 0.09580066 0.01498307 0.12379796 0.31294553 0.02099168 0.40430965 
125.00000000 0.02758318 0.09663255 0.01513431 0.12483994 0.31183376 0.02112022 0.40285603 
126.00000000 0.02799551 0.09744709 0.01528856 0.12586072 0.31070404 0.02124476 0.40145932 
127.00000000 0.02840853 0.09824437 0.01544584 0.12686027 0.30955836 0.02136526 0.40011736 
128.00000000 0.02882229 0.09902455 0.01560619 0.12783855 0.30839853 0.02148173 0.39882816 
129.00000000 0.02923687 0.09978781 0.01576963 0.12879556 0.30722618 0.02159415 0.39758979 
130.00000000 0.02965233 0.10053435 0.01593619 0.12973130 0.30604288 0.02170255 0.39640040 
131.00000000 0.03006876 0.10126441 0.01610587 0.13064579 0.30485012 0.02180692 0.39525813 
132.00000000 0.03048621 0.10197825 0.01627869 0.13153907 0.30364943 0.02190730 0.39416105 
133.00000000 0.03090478 0.10267614 0.01645465 0.13241119 0.30244242 0.02200371 0.39310713 
134.00000000 0.03132453 0.10335839 0.01663372 0.13326223 0.30123079 0.02209617 0.39209418 
135.00000000 0.03174554 0.10402533 0.01681591 0.13409227 0.30001636 0.02218472 0.39111987 
136.00000000 0.03216789 0.10467730 0.01700116 0.13490144 0.29880107 0.02226941 0.39018174 
137.00000000 0.03259164 0.10531469 0.01718945 0.13568987 0.29758688 0.02235026 0.38927721 
138.00000000 0.03301687 0.10593788 0.01738071 0.13645769 0.29637581 0.02242734 0.38840369 
139.00000000 0.03344366 0.10654729 0.01757490 0.13720507 0.29516980 0.02250070 0.38755858 
140.00000000 0.03387207 0.10714334 0.01777195 0.13793220 0.29397072 0.02257039 0.38673933 
141.00000000 0.03430217 0.10772645 0.01797180 0.13863925 0.29278030 0.02263650 0.38594352 
142.00000000 0.03473403 0.10829707 0.01817438 0.13932644 0.29160012 0.02269910 0.38516886 
143.00000000 0.03516771 0.10885563 0.01837963 0.13999397 0.29043162 0.02275826 0.38441318 
144.00000000 0.03560327 0.10940258 0.01858746 0.14064209 0.28927609 0.02281409 0.38367442 
145.00000000 0.03604078 0.10993834 0.01879781 0.14127104 0.28813473 0.02286666 0.38295064 
146.00000000 0.03648028 0.11046336 0.01901060 0.14188107 0.28700867 0.02291610 0.38223992 
147.00000000 0.03692184 0.11097807 0.01922574 0.14247245 0.28589901 0.02296249 0.38154040 
148.00000000 0.03736550 0.11148291 0.01944314 0.14304547 0.28480684 0.02300596 0.38085018 
149.00000000 0.03781132 0.11197832 0.01966272 0.14360042 0.28373326 0.02304660 0.38016735 
150.00000000 0.03825935 0.11246475 0.01988436 0.14413763 0.28267939 0.02308454 0.37948998 
151.00000000 0.03870962 0.11294263 0.02010797 0.14465741 0.28164633 0.02311989 0.37881614 
152.00000000 0.03916217 0.11341266 0.02033339 0.14516012 0.28063644 0.02315275 0.37814247 
153.00000000 0.03961705 0.11387525 0.02056051 0.14564610 0.27965046 0.02318325 0.37746737 
154.00000000 0.04007429 0.11433083 0.02078923 0.14611574 0.27868910 0.02321152 0.37678929 
155.00000000 0.04053393 0.11477979 0.02101943 0.14656940 0.27775299 0.02323770 0.37610675 
156.00000000 0.04099600 0.11522254 0.02125100 0.14700747 0.27684273 0.02326193 0.37541833 
157.00000000 0.04146053 0.11565946 0.02148382 0.14743034 0.27595885 0.02328433 0.37472266 
158.00000000 0.04192755 0.11609094 0.02171778 0.14783841 0.27510182 0.02330507 0.37401843 
159.00000000 0.04239708 0.11651734 0.02195277 0.14823207 0.27427207 0.02332427 0.37330440 
160.00000000 0.04286915 0.11693901 0.02218866 0.14861173 0.27346996 0.02334209 0.37257939 
161.00000000 0.04334379 0.11735630 0.02242535 0.14897780 0.27269582 0.02335866 0.37184228 
162.00000000 0.04382101 0.11776954 0.02266271 0.14933070 0.27194989 0.02337414 0.37109200 
163.00000000 0.04430083 0.11817905 0.02290063 0.14967085 0.27123241 0.02338868 0.37032756 
164.00000000 0.04478328 0.11858512 0.02313899 0.14999865 0.27054352 0.02340241 0.36954802 
165.00000000 0.04526838 0.11898806 0.02337769 0.15031454 0.26988333 0.02341549 0.36875250 
166.00000000 0.04575614 0.11938814 0.02361661 0.15061894 0.26925192 0.02342806 0.36794019 
167.00000000 0.04624657 0.11978563 0.02385565 0.15091228 0.26864929 0.02344026 0.36711031 
168.00000000 0.04673971 0.12018077 0.02409469 0.15119498 0.26807542 0.02345225 0.36626219 
169.00000000 0.04723556 0.12057381 0.02433362 0.15146747 0.26753021 0.02346416 0.36539517 
170.00000000 0.04773414 0.12096496 0.02457236 0.15173018 0.26701356 0.02347613 0.36450867 
171.00000000 0.04823546 0.12135445 0.02481079 0.15198353 0.26652529 0.02348831 0.36360218 
172.00000000 0.04873954 0.12174246 0.02504881 0.15222795 0.26606520 0.02350083 0.36267521 
173.00000000 0.04924640 0.12212920 0.02528634 0.15246386 0.26563303 0.02351382 0.36172735 
174.00000000 0.04975605 0.12251482 0.02552329 0.15269170 0.26522849 0.02352741 0.36075825 
175.00000000 0.05026850 0.12289950 0.02575956 0.15291187 0.26485126 0.02354174 0.35976758 
176.00000000 0.05078378 0.12328337 0.02599507 0.15312480 0.26450096 0.02355692 0.35875510 
177.00000000 0.05130189 0.12366660 0.02622975 0.15333090 0.26417721 0.02357307 0.35772058 
178.00000000 0.05182285 0.12404930 0.02646351 0.15353058 0.26387956 0.02359032 0.35666387 
179.00000000 0.05234667 0.12443159 0.02669629 0.15372426 0.26360755 0.02360877 0.35558486 
180.00000000 0.05287338 0.12481359 0.02692802 0.15391233 0.26336068 0.02362853 0.35448348 
181.00000000 0.05340298 0.12519539 0.02715863 0.15409518 0.26313842 0.02364971 0.35335969 
182.00000000 0.05393549 0.12557708 0.02738807 0.15427323 0.26294021 0.02367240 0.35221353 
183.00000000 0.05447092 0.12595876 0.02761629 0.15444684 0.26276546 0.02369669 0.35104505 
184.00000000 0.05500929 0.12634049 0.02784322 0.15461641 0.26261357 0.02372267 0.34985436 
185.00000000 0.05555061 0.12672235 0.02806884 0.15478230 0.26248390 0.02375042 0.34864159 
186.00000000 0.05609489 0.12710439 0.02829309 0.15494489 0.26237579 0.02378002 0.34740692 
187.00000000 0.05664215 0.12748668 0.02851595 0.15510454 0.26228857 0.02381154 0.34615057 
188.00000000 0.05719241 0.12786925 0.02873738 0.15526160 0.26222153 0.02384504 0.34487278 
189.00000000 0.05774567 0.12825216 0.02895736 0.15541642 0.26217395 0.02388058 0.34357385 
190.00000000 0.05830194 0.12863545 0.02917587 0.15556934 0.26214511 0.02391822 0.34225407 
191.00000000 0.05886124 0.12901914 0.02939288 0.15572068 0.26213426 0.02395799 0.34091380 
192.00000000 0.05942358 0.12940326 0.02960839 0.15587078 0.26214063 0.02399993 0.33955342 
193.00000000 0.05998897 0.12978785 0.02982240 0.15601994 0.26216344 0.02404409 0.33817331 
194.00000000 0.06055742 0.13017293 0.03003489 0.15616846 0.26220192 0.02409047 0.33677391 
195.00000000 0.06112894 0.13055850 0.03024586 0.15631664 0.26225526 0.02413912 0.33535568 
196.00000000 0.06170353 0.13094459 0.03045534 0.15646477 0.26232266 0.02419003 0.33391909 
197.00000000 0.06228120 0.13133121 0.03066332 0.15661312 0.26240331 0.02424321 0.33246464 
198.00000000 0.06286196 0.13171836 0.03086982 0.15676195 0.26249639 0.02429867 0.33099285 
199.00000000 0.06344581 0.13210607 0.03107486 0.15691152 0.26260109 0.02435639 0.32950426 
200.00000000 0.06403276 0.13249432 0.03127846 0.15706207 0.26271657 0.02441637 0.32799944 
201.00000000 0.06462281 0.13288313 0.03148065 0.15721384 0.26284201 0.02447859 0.32647897 
202.00000000 0.06521596 0.13327249 0.03168146 0.15736704 0.26297659 0.02454302 0.32494344 
203.00000000 0.06581222 0.13366240 0.03188092 0.15752188 0.26311948 0.02460963 0.32339346 
204.00000000 0.06641158 0.13405287 0.03207907 0.15767857 0.26326985 0.02467839 0.32182967 
205.00000000 0.06701404 0.13444389 0.03227594 0.15783729 0.26342689 0.02474925 0.32025269 
206.00000000 0.06761961 0.13483544 0.03247159 0.15799822 0.26358977 0.02482217 0.31866320 
207.00000000 0.06822827 0.13522753 0.03266606 0.15816153 0.26375770 0.02489708 0.31706183 
208.00000000 0.06884002 0.13562015 0.03285939 0.15832735 0.26392986 0.02497394 0.31544928 
209.00000000 0.06945487 0.13601329 0.03305164 0.15849585 0.26410546 0.02505268 0.31382622 
210.00000000 0.07007279 0.13640693 0.03324286 0.15866714 0.26428370 0.02513323 0.31219335 
211.00000000 0.07069378 0.13680106 0.03343311 0.15884134 0.26446382 0.02521552 0.31055137 
212.00000000 0.07131784 0.13719567 0.03362244 0.15901856 0.26464505 0.02529947 0.30890097 
213.00000000 0.07194495 0.13759075 0.03381092 0.15919888 0.26482663 0.02538500 0.30724288 
214.00000000 0.07257511 0.13798627 0.03399860 0.15938240 0.26500780 0.02547202 0.30557780 
215.00000000 0.07320829 0.13838222 0.03418555 0.15956917 0.26518786 0.02556045 0.30390646 
216.00000000 0.07384450 0.13877858 0.03437183 0.15975926 0.26536606 0.02565020 0.30222957 
217.00000000 0.07448370 0.13917533 0.03455751 0.15995270 0.26554173 0.02574116 0.30054787 
218.00000000 0.07512590 0.13957244 0.03474265 0.16014954 0.26571416 0.02583324 0.29886207 
219.00000000 0.07577107 0.13996989 0.03492732 0.16034979 0.26588269 0.02592634 0.29717291 
220.00000000 0.07641919 0.14036766 0.03511159 0.16055346 0.26604666 0.02602035 0.29548110 
221.00000000 0.07707024 0.14076571 0.03529552 0.16076054 0.26620544 0.02611518 0.29378737 
222.00000000 0.07772422 0.14116402 0.03547917 0.16097103 0.26635841 0.02621071 0.29209243 
223.00000000 0.07838109 0.14156255 0.03566263 0.16118490 0.26650498 0.02630684 0.29039701 
224.00000000 0.07904084 0.14196127 0.03584595 0.16140212 0.26664455 0.02640346 0.28870182 
225.00000000 0.07970344 0.14236016 0.03602919 0.16162262 0.26677658 0.02650045 0.28700756 
226.00000000 0.08036888 0.14275916 0.03621244 0.16184637 0.26690053 0.02659770 0.28531494 
227.00000000 0.08103712 0.14315824 0.03639574 0.16207328 0.26701587 0.02669511 0.28362465 
228.00000000 0.08170814 0.14355736 0.03657917 0.16230328 0.26712211 0.02679256 0.28193739 
229.00000000 0.08238192 0.14395647 0.03676279 0.16253629 0.26721877 0.02688994 0.28025383 
230.00000000 0.08305843 0.14435554 0.03694666 0.16277219 0.26730540 0.02698713 0.27857465 
231.00000000 0.08373765 0.14475451 0.03713084 0.16301089 0.26738157 0.02708403 0.27690051 
232.00000000 0.08441954 0.14515334 0.03731540 0.16325227 0.26744686 0.02718053 0.27523206 
233.00000000 0.08510407 0.14555197 0.03750038 0.16349621 0.26750089 0.02727651 0.27356996 
234.00000000 0.08579122 0.14595036 0.03768585 0.16374256 0.26754330 0.02737188 0.27191482 
235.00000000 0.08648096 0.14634845 0.03787186 0.16399119 0.26757375 0.02746652 0.27026728 
236.00000000 0.08717325 0.14674618 0.03805846 0.16424195 0.26759191 0.02756032 0.26862794 
237.00000000 0.08786805 0.14714350 0.03824570 0.16449467 0.26759750 0.02765319 0.26699739 
238.00000000 0.08856534 0.14754034 0.03843364 0.16474921 0.26759023 0.02774502 0.26537622 
239.00000000 0.08926508 0.14793665 0.03862231 0.16500538 0.26756987 0.02783571 0.26376499 
240.00000000 0.08996724 0.14833237 0.03881177 0.16526302 0.26753618 0.02792517 0.26216425 
241.00000000 0.09067177 0.14872742 0.03900205 0.16552194 0.26748898 0.02801330 0.26057454 
242.00000000 0.09137865 0.14912175 0.03919320 0.16578195 0.26742806 0.02810002 0.25899638 
243.00000000 0.09208782 0.14951528 0.03938524 0.16604287 0.26735329 0.02818522 0.25743027 
244.00000000 0.09279926 0.14990796 0.03957823 0.16630449 0.26726453 0.02826883 0.25587671 
245.00000000 0.09351291 0.15029971 0.03977218 0.16656662 0.26716167 0.02835075 0.25433615 
246.00000000 0.09422875 0.15069046 0.03996713 0.16682906 0.26704462 0.02843092 0.25280906 
247.00000000 0.09494672 0.15108014 0.04016311 0.16709159 0.26691332 0.02850925 0.25129586 
248.00000000 0.09566679 0.15146869 0.04036014 0.16735402 0.26676773 0.02858567 0.24979696 
249.00000000 0.09638891 0.15185602 0.04055824 0.16761614 0.26660781 0.02866011 0.24831277 
250.00000000 0.09711303 0.15224207 0.04075743 0.16787773 0.26643359 0.02873249 0.24684366 
251.00000000 0.09783911 0.15262677 0.04095774 0.16813857 0.26624506 0.02880276 0.24538999 
252.00000000 0.09856711 0.15301004 0.04115917 0.16839847 0.26604229 0.02887086 0.24395208 
253.00000000 0.09929696 0.15339181 0.04136173 0.16865720 0.26582533 0.02893672 0.24253025 
254.00000000 0.10002864 0.15377200 0.04156544 0.16891455 0.26559426 0.02900029 0.24112481 
255.00000000 0.10076208 0.15415056 0.04177031 0.16917031 0.26534920 0.02906153 0.23973602 
256.00000000 0.10149724 0.15452739 0.04197634 0.16942428 0.26509025 0.02912038 0.23836413 
257.00000000 0.10223406 0.15490244 0.04218352 0.16967624 0.26481756 0.02917680 0.23700937 
258.00000000 0.10297251 0.15527563 0.04239187 0.16992599 0.26453130 0.02923075 0.23567196 
259.00000000 0.10371251 0.15564689 0.04260138 0.17017331 0.26423163 0.02928219 0.23435209 
260.00000000 0.10445404 0.15601615 0.04281204 0.17041802 0.26391874 0.02933110 0.23304990 
261.00000000 0.10519702 0.15638335 0.04302384 0.17065992 0.26359286 0.02937744 0.23176556 
262.00000000 0.10594142 0.15674841 0.04323679 0.17089880 0.26325420 0.02942119 0.23049919 
263.00000000 0.10668717 0.15711128 0.04345086 0.17113449 0.26290301 0.02946232 0.22925088 
264.00000000 0.10743423 0.15747188 0.04366604 0.17136679 0.26253954 0.02950081 0.22802071 
265.00000000 0.10818255 0.15783015 0.04388233 0.17159552 0.26216406 0.02953665 0.22680874 
266.00000000 0.10893206 0.15818604 0.04409969 0.17182051 0.26177686 0.02956983 0.22561501 
267.00000000 0.10968272 0.15853948 0.04431812 0.17204159 0.26137824 0.02960033 0.22443952 
268.00000000 0.11043448 0.15889042 0.04453758 0.17225858 0.26096849 0.02962815 0.22328228 
269.00000000 0.11118729 0.15923881 0.04475807 0.17247134 0.26054795 0.02965330 0.22214325 
270.00000000 0.11194109 0.15958457 0.04497954 0.17267971 0.26011693 0.02967576 0.22102239 
271.00000000 0.11269583 0.15992768 0.04520199 0.17288354 0.25967580 0.02969554 0.21991962 
272.00000000 0.11345147 0.16026808 0.04542538 0.17308269 0.25922488 0.02971266 0.21883485 
273.00000000 0.11420795 0.16060572 0.04564968 0.17327702 0.25876455 0.02972711 0.21776797 
274.00000000 0.11496523 0.16094055 0.04587486 0.17346642 0.25829517 0.02973891 0.21671886 
275.00000000 0.11572325 0.16127255 0.04610089 0.17365075 0.25781711 0.02974808 0.21568736 
276.00000000 0.11648198 0.16160166 0.04632774 0.17382991 0.25733076 0.02975464 0.21467331 
277.00000000 0.11724136 0.16192786 0.04655537 0.17400378 0.25683650 0.02975861 0.21367652 
278.00000000 0.11800136 0.16225111 0.04678375 0.17417227 0.25633472 0.02976001 0.21269678 
279.00000000 0.11876192 0.16257138 0.04701284 0.17433530 0.25582582 0.02975886 0.21173387 
280.00000000 0.11952301 0.16288865 0.04724261 0.17449276 0.25531021 0.02975521 0.21078755 
281.00000000 0.12028459 0.16320289 0.04747302 0.17464459 0.25478827 0.02974907 0.20985757 
282.00000000 0.12104661 0.16351408 0.04770403 0.17479072 0.25426042 0.02974049 0.20894365 
283.00000000 0.12180904 0.16382220 0.04793559 0.17493109 0.25372707 0.02972950 0.20804551 
284.00000000 0.12257185 0.16412723 0.04816768 0.17506563 0.25318862 0.02971614 0.20716284 
285.00000000 0.12333499 0.16442918 0.04840025 0.17519431 0.25264549 0.02970045 0.20629533 
286.00000000 0.12409844 0.16472802 0.04863326 0.17531708 0.25209807 0.02968248 0.20544265 
287.00000000 0.12486217 0.16502375 0.04886666 0.17543392 0.25154677 0.02966227 0.20460446 
288.00000000 0.12562613 0.16531638 0.04910043 0.17554478 0.25099201 0.02963986 0.20378041 
289.00000000 0.12639032 0.16560590 0.04933450 0.17564967 0.25043418 0.02961531 0.20297012 
290.00000000 0.12715470 0.16589231 0.04956885 0.17574856 0.24987368 0.02958868 0.20217322 
291.00000000 0.12791924 0.16617563 0.04980343 0.17584145 0.24931091 0.02956000 0.20138933 
292.00000000 0.12868393 0.16645587 0.05003819 0.17592835 0.24874626 0.02952935 0.20061805 
293.00000000 0.12944875 0.16673303 0.05027310 0.17600926 0.24818011 0.02949676 0.19985898 
294.00000000 0.13021366 0.16700714 0.05050811 0.17608421 0.24761286 0.02946231 0.19911170 
295.00000000 0.13097867 0.16727822 0.05074318 0.17615320 0.24704487 0.02942605 0.19837581 
296.00000000 0.13174375 0.16754628 0.05097826 0.17621628 0.24647651 0.02938805 0.19765087 
297.00000000 0.13250889 0.16781136 0.05121332 0.17627347 0.24590816 0.02934835 0.19693645 
298.00000000 0.13327408 0.16807348 0.05144831 0.17632482 0.24534016 0.02930704 0.19623212 
299.00000000 0.13403930 0.16833267 0.05168318 0.17637036 0.24477286 0.02926416 0.19553745 
300.00000000 0.13480456 0.16858897 0.05191790 0.17641017 0.24420660 0.02921980 0.19485199 
301.00000000 0.13556983 0.16884242 0.05215243 0.17644428 0.24364172 0.02917400 0.19417531 
302.00000000 0.13633513 0.16909305 0.05238672 0.17647277 0.24307854 0.02912685 0.19350694 
303.00000000 0.13710044 0.16934091 0.05262073 0.17649570 0.24251736 0.02907840 0.19284646 
304.00000000 0.13786576 0.16958603 0.05285442 0.17651314 0.24195850 0.02902873 0.19219342 
305.00000000 0.13863109 0.16982847 0.05308776 0.17652517 0.24140225 0.02897790 0.19154737 
306.00000000 0.13939643 0.17006826 0.05332069 0.17653188 0.24084889 0.02892598 0.19090787 
307.00000000 0.14016178 0.17030547 0.05355319 0.17653333 0.24029869 0.02887305 0.19027447 
308.00000000 0.14092716 0.17054014 0.05378522 0.17652964 0.23975192 0.02881916 0.18964676 
309.00000000 0.14169255 0.17077233 0.05401672 0.17652088 0.23920883 0.02876440 0.18902428 
310.00000000 0.14245797 0.17100209 0.05424768 0.17650716 0.23866966 0.02870882 0.18840662 
311.00000000 0.14322342 0.17122947 0.05447805 0.17648857 0.23813464 0.02865251 0.18779334 
312.00000000 0.14398892 0.17145454 0.05470780 0.17646522 0.23760398 0.02859552 0.18718403 
313.00000000 0.14475446 0.17167734 0.05493689 0.17643721 0.23707789 0.02853793 0.18657829 
314.00000000 0.14552007 0.17189795 0.05516528 0.17640465 0.23655656 0.02847980 0.18597569 
315.00000000 0.14628574 0.17211641 0.05539294 0.17636766 0.23604019 0.02842121 0.18537585 
316.00000000 0.14705149 0.17233280 0.05561985 0.17632634 0.23552893 0.02836221 0.18477838 
317.00000000 0.14781733 0.17254716 0.05584596 0.17628082 0.23502294 0.02830288 0.18418290 
318.00000000 0.14858328 0.17275957 0.05607125 0.17623120 0.23452238 0.02824328 0.18358904 
319.00000000 0.14934934 0.17297008 0.05629568 0.17617762 0.23402738 0.02818348 0.18299642 
320.00000000 0.15011554 0.17317875 0.05651922 0.17612018 0.23353806 0.02812353 0.18240471 
321.00000000 0.15088187 0.17338566 0.05674186 0.17605902 0.23305453 0.02806351 0.18181357 
322.00000000 0.15164837 0.17359084 0.05696355 0.17599425 0.23257688 0.02800346 0.18122265 
323.00000000 0.15241503 0.17379437 0.05718428 0.17592599 0.23210522 0.02794346 0.18063165 
324.00000000 0.15318188 0.17399631 0.05740401 0.17585438 0.23163960 0.02788357 0.18004025 
325.00000000 0.15394892 0.17419672 0.05762272 0.17577954 0.23118011 0.02782383 0.17944816 
326.00000000 0.15471619 0.17439565 0.05784039 0.17570160 0.23072678 0.02776430 0.17885510 
327.00000000 0.15548368 0.17459315 0.05805699 0.17562068 0.23027966 0.02770504 0.17826080 
328.00000000 0.15625141 0.17478930 0.05827251 0.17553690 0.22983878 0.02764611 0.17766499 
329.00000000 0.15701940 0.17498414 0.05848692 0.17545040 0.22940417 0.02758754 0.17706744 
330.00000000 0.15778766 0.17517772 0.05870020 0.17536130 0.22897582 0.02752940 0.17646791 
331.00000000 0.15855620 0.17537010 0.05891233 0.17526972 0.22855373 0.02747173 0.17586618 
332.00000000 0.15932505 0.17556132 0.05912330 0.17517580 0.22813791 0.02741457 0.17526205 
333.00000000 0.16009420 0.17575145 0.05933310 0.17507965 0.22772831 0.02735797 0.17465533 
334.00000000 0.16086369 0.17594051 0.05954169 0.17498139 0.22732491 0.02730196 0.17404584 
335.00000000 0.16163351 0.17612857 0.05974908 0.17488116 0.22692767 0.02724660 0.17343340 
336.00000000 0.16240369 0.17631565 0.05995525 0.17477907 0.22653654 0.02719192 0.17281788 
337.00000000 0.16317423 0.17650181 0.06016018 0.17467525 0.22615146 0.02713794 0.17219914 
338.00000000 0.16394514 0.17668708 0.06036387 0.17456980 0.22577235 0.02708471 0.17157704 
339.00000000 0.16471645 0.17687150 0.06056630 0.17446285 0.22539915 0.02703226 0.17095148 
340.00000000 0.16548815 0.17705511 0.06076748 0.17435452 0.22503176 0.02698062 0.17032237 
341.00000000 0.16626026 0.17723793 0.06096739 0.17424491 0.22467009 0.02692981 0.16968961 
342.00000000 0.16703280 0.17742000 0.06116602 0.17413415 0.22431405 0.02687986 0.16905313 
343.00000000 0.16780576 0.17760135 0.06136338 0.17402233 0.22396352 0.02683078 0.16841289 
344.00000000 0.16857916 0.17778199 0.06155945 0.17390958 0.22361838 0.02678261 0.16776882 
345.00000000 0.16935300 0.17796197 0.06175424 0.17379598 0.22327853 0.02673537 0.16712091 
346.00000000 0.17012731 0.17814129 0.06194775 0.17368165 0.22294383 0.02668905 0.16646912 
347.00000000 0.17090207 0.17831998 0.06213998 0.17356669 0.22261414 0.02664369 0.16581345 
348.00000000 0.17167730 0.17849805 0.06233093 0.17345120 0.22228933 0.02659929 0.16515390 
349.00000000 0.17245301 0.17867552 0.06252060 0.17333527 0.22196925 0.02655586 0.16449049 
350.00000000 0.17322920 0.17885241 0.06270899 0.17321899 0.22165376 0.02651341 0.16382324 
351.00000000 0.17400587 0.17902872 0.06289612 0.17310246 0.22134269 0.02647194 0.16315219 
352.00000000 0.17478303 0.17920445 0.06308199 0.17298577 0.22103590 0.02643147 0.16247739 
353.00000000 0.17556069 0.17937963 0.06326660 0.17286899 0.22073322 0.02639198 0.16179889 
354.00000000 0.17633885 0.17955425 0.06344998 0.17275221 0.22043448 0.02635348 0.16111676 
355.00000000 0.17711750 0.17972831 0.06363211 0.17263551 0.22013952 0.02631596 0.16043108 
356.00000000 0.17789666 0.17990182 0.06381303 0.17251897 0.21984817 0.02627942 0.15974193 
357.00000000 0.17867632 0.18007477 0.06399274 0.17240266 0.21956024 0.02624386 0.15904941 
358.00000000 0.17945649 0.18024716 0.06417125 0.17228664 0.21927557 0.02620926 0.15835363 
359.00000000 0.18023716 0.18041899 0.06434858 0.17217098 0.21899397 0.02617562 0.15765470 
360.00000000 0.18101833 0.18059025 0.06452474 0.17205576 0.21871528 0.02614291 0.15695273 
361.00000000 0.18180001 0.18076093 0.06469976 0.17194102 0.21843929 0.02611114 0.15624785 
362.00000000 0.18258219 0.18093103 0.06487365 0.17182682 0.21816584 0.02608027 0.15554020 
363.00000000 0.18336487 0.18110052 0.06504643 0.17171322 0.21789474 0.02605030 0.15482992 
364.00000000 0.18414805 0.18126941 0.06521812 0.17160026 0.21762581 0.02602120 0.15411716 
365.00000000 0.18493172 0.18143767 0.06538874 0.17148800 0.21735886 0.02599295 0.15340206 
366.00000000 0.18571589 0.18160530 0.06555831 0.17137647 0.21709372 0.02596553 0.15268479 
367.00000000 0.18650054 0.18177227 0.06572685 0.17126571 0.21683019 0.02593892 0.15196551 
368.00000000 0.18728567 0.18193858 0.06589440 0.17115577 0.21656811 0.02591310 0.15124438 
369.00000000 0.18807129 0.18210420 0.06606096 0.17104666 0.21630728 0.02588802 0.15052159 
370.00000000 0.18885737 0.18226911 0.06622658 0.17093844 0.21604753 0.02586367 0.14979730 
371.00000000 0.18964393 0.18243330 0.06639127 0.17083111 0.21578868 0.02584002 0.14907169 
372.00000000 0.19043094 0.18259676 0.06655506 0.17072470 0.21553055 0.02581704 0.14834495 
373.00000000 0.19121841 0.18275945 0.06671798 0.17061923 0.21527298 0.02579469 0.14761726 
374.00000000 0.19200632 0.18292135 0.06688006 0.17051471 0.21501579 0.02577295 0.14688881 
375.00000000 0.19279468 0.18308246 0.06704132 0.17041117 0.21475881 0.02575177 0.14615979 
376.00000000 0.19358347 0.18324274 0.06720179 0.17030860 0.21450187 0.02573113 0.14543039 
377.00000000 0.19437268 0.18340218 0.06736150 0.17020702 0.21424482 0.02571099 0.14470080 
378.00000000 0.19516231 0.18356076 0.06752049 0.17010643 0.21398749 0.02569132 0.14397121 
379.00000000 0.19595235 0.18371844 0.06767878 0.17000682 0.21372972 0.02567207 0.14324182 
380.00000000 0.19674278 0.18387522 0.06783640 0.16990819 0.21347137 0.02565321 0.14251283 
381.00000000 0.19753361 0.18403107 0.06799338 0.16981055 0.21321228 0.02563471 0.14178441 
382.00000000 0.19832482 0.18418597 0.06814975 0.16971387 0.21295230 0.02561652 0.14105677 
383.00000000 0.19911640 0.18433989 0.06830555 0.16961814 0.21269130 0.02559861 0.14033010 
384.00000000 0.19990835 0.18449282 0.06846081 0.16952336 0.21242913 0.02558093 0.13960460 
385.00000000 0.20070065 0.18464474 0.06861555 0.16942950 0.21216567 0.02556346 0.13888044 
386.00000000 0.20149330 0.18479562 0.06876981 0.16933654 0.21190078 0.02554614 0.13815781 
387.00000000 0.20228628 0.18494545 0.06892362 0.16924445 0.21163433 0.02552895 0.13743692 
388.00000000 0.20307959 0.18509421 0.06907700 0.16915323 0.21136622 0.02551183 0.13671792 
389.00000000 0.20387321 0.18524187 0.06923000 0.16906282 0.21109632 0.02549476 0.13600102 
390.00000000 0.20466715 0.18538841 0.06938263 0.16897321 0.21082453 0.02547768 0.13528638 
391.00000000 0.20546138 0.18553383 0.06953493 0.16888436 0.21055073 0.02546057 0.13457419 
392.00000000 0.20625590 0.18567809 0.06968694 0.16879624 0.21027483 0.02544339 0.13386461 
393.00000000 0.20705071 0.18582119 0.06983867 0.16870881 0.20999673 0.02542609 0.13315781 
394.00000000 0.20784578 0.18596310 0.06999016 0.16862202 0.20971634 0.02540864 0.13245396 
395.00000000 0.20864112 0.18610381 0.07014143 0.16853585 0.20943357 0.02539099 0.13175323 
396.00000000 0.20943672 0.18624331 0.07029252 0.16845024 0.20914835 0.02537313 0.13105575 
397.00000000 0.21023256 0.18638157 0.07044345 0.16836515 0.20886059 0.02535499 0.13036170 
398.00000000 0.21102863 0.18651858 0.07059424 0.16828053 0.20857024 0.02533656 0.12967122 
399.00000000 0.21182494 0.18665433 0.07074493 0.16819634 0.20827722 0.02531779 0.12898445 
400.00000000 0.21262148 0.18678880 0.07089553 0.16811253 0.20798147 0.02529865 0.12830153 
401.00000000 0.21341823 0.18692198 0.07104608 0.16802904 0.20768295 0.02527911 0.12762260 
402.00000000 0.21421519 0.18705386 0.07119660 0.16794583 0.20738160 0.02525913 0.12694779 
403.00000000 0.21501235 0.18718442 0.07134710 0.16786284 0.20707737 0.02523869 0.12627723 
404.00000000 0.21580971 0.18731366 0.07149761 0.16778002 0.20677024 0.02521774 0.12561102 
405.00000000 0.21660726 0.18744156 0.07164815 0.16769731 0.20646016 0.02519627 0.12494929 
406.00000000 0.21740499 0.18756811 0.07179875 0.16761466 0.20614711 0.02517424 0.12429214 
407.00000000 0.21820291 0.18769330 0.07194941 0.16753201 0.20583106 0.02515162 0.12363969 
408.00000000 0.21900100 0.18781713 0.07210016 0.16744931 0.20551200 0.02512839 0.12299202 
409.00000000 0.21979925 0.18793957 0.07225102 0.16736649 0.20518991 0.02510452 0.12234924 
410.00000000 0.22059768 0.18806063 0.07240199 0.16728350 0.20486479 0.02508000 0.12171142 
411.00000000 0.22139627 0.18818029 0.07255310 0.16720028 0.20453663 0.02505478 0.12107865 
412.00000000 0.22219502 0.18829856 0.07270436 0.16711678 0.20420543 0.02502886 0.12045100 
413.00000000 0.22299392 0.18841541 0.07285578 0.16703293 0.20387120 0.02500222 0.11982855 
414.00000000 0.22379297 0.18853085 0.07300737 0.16694868 0.20353395 0.02497483 0.11921136 
415.00000000 0.22459218 0.18864486 0.07315914 0.16686396 0.20319370 0.02494667 0.11859949 
416.00000000 0.22539153 0.18875745 0.07331110 0.16677873 0.20285046 0.02491774 0.11799299 
417.00000000 0.22619103 0.18886860 0.07346326 0.16669293 0.20250426 0.02488801 0.11739190 
418.00000000 0.22699068 0.18897831 0.07361562 0.16660649 0.20215513 0.02485748 0.11679628 
419.00000000 0.22779047 0.18908658 0.07376819 0.16651937 0.20180310 0.02482613 0.11620616 
420.00000000 0.22859040 0.18919341 0.07392098 0.16643150 0.20144821 0.02479394 0.11562157 
421.00000000 0.22939048 0.18929878 0.07407398 0.16634283 0.20109049 0.02476092 0.11504253 
422.00000000 0.23019069 0.18940269 0.07422720 0.16625331 0.20073000 0.02472705 0.11446906 
423.00000000 0.23099105 0.18950515 0.07438064 0.16616288 0.20036677 0.02469233 0.11390118 
424.00000000 0.23179155 0.18960615 0.07453429 0.16607149 0.20000087 0.02465675 0.11333889 
425.00000000 0.23259220 0.18970568 0.07468816 0.16597910 0.19963234 0.02462032 0.11278221 
426.00000000 0.23339298 0.18980375 0.07484224 0.16588564 0.19926124 0.02458302 0.11223112 
427.00000000 0.23419391 0.18990035 0.07499653 0.16579108 0.19888764 0.02454485 0.11168563 
428.00000000 0.23499499 0.18999548 0.07515103 0.16569536 0.19851160 0.02450583 0.11114571 
429.00000000 0.23579621 0.19008915 0.07530572 0.16559844 0.19813318 0.02446595 0.11061136 
430.00000000 0.23659757 0.19018134 0.07546060 0.16550027 0.19775246 0.02442521 0.11008255 
431.00000000 0.23739909 0.19027206 0.07561565 0.16540080 0.19736951 0.02438363 0.10955926 
432.00000000 0.23820075 0.19036131 0.07577088 0.16530001 0.19698440 0.02434120 0.10904145 
433.00000000 0.23900257 0.19044909 0.07592627 0.16519784 0.19659721 0.02429793 0.10852909 
434.00000000 0.23980453 0.19053540 0.07608181 0.16509426 0.19620802 0.02425384 0.10802214 
435.00000000 0.24060665 0.19062024 0.07623748 0.16498924 0.19581691 0.02420894 0.10752055 
436.00000000 0.24140893 0.19070361 0.07639327 0.16488272 0.19542396 0.02416323 0.10702429 
437.00000000 0.24221136 0.19078551 0.07654917 0.16477469 0.19502926 0.02411672 0.10653328 
438.00000000 0.24301395 0.19086595 0.07670516 0.16466511 0.19463290 0.02406944 0.10604749 
439.00000000 0.24381670 0.19094492 0.07686123 0.16455395 0.19423495 0.02402140 0.10556684 
