0.00000000 0.00000000 -0.00000000 -0.00000000 -0.00000000 -0.00000000 1.00000000 -0.00000000 
1.00000000 0.00000666 0.00000494 0.00000327 0.00001027 0.00023330 0.99968567 0.00005590 
2.00000000 0.00002660 0.00001975 0.00001307 0.00004119 0.00093235 0.99874369 0.00022335 
3.00000000 0.00005975 0.00004441 0.00002940 0.00009318 0.00209458 0.99717712 0.00050157 
4.00000000 0.00010596 0.00007887 0.00005223 0.00016687 0.00371578 0.99499101 0.00088928 
5.00000000 0.00016504 0.00012309 0.00008154 0.00026317 0.00579007 0.99219235 0.00138474 
6.00000000 0.00023675 0.00017699 0.00011729 0.00038323 0.00831004 0.98879002 0.00198569 
7.00000000 0.00032080 0.00024049 0.00015944 0.00052842 0.01126674 0.98479466 0.00268946 
8.00000000 0.00041684 0.00031348 0.00020795 0.00070036 0.01464980 0.98021862 0.00349295 
9.00000000 0.00052449 0.00039588 0.00026277 0.00090084 0.01844753 0.97507583 0.00439266 
10.00000000 0.00064332 0.00048754 0.00032386 0.00113186 0.02264693 0.96938175 0.00538472 
11.00000000 0.00077288 0.00058836 0.00039116 0.00139559 0.02723386 0.96315321 0.00646494 
12.00000000 0.00091266 0.00069819 0.00046460 0.00169435 0.03219303 0.95640834 0.00762882 
13.00000000 0.00106213 0.00081689 0.00054414 0.00203059 0.03750816 0.94916651 0.00887158 
14.00000000 0.00122073 0.00094431 0.00062970 0.00240687 0.04316203 0.94144818 0.01018818 
15.00000000 0.00138785 0.00108030 0.00072123 0.00282583 0.04913656 0.93327482 0.01157342 
16.00000000 0.00156290 0.00122469 0.00081864 0.00329020 0.05541289 0.92466883 0.01302186 
17.00000000 0.00174523 0.00137732 0.00092186 0.00380270 0.06197152 0.91565340 0.01452795 
18.00000000 0.00193420 0.00153803 0.00103082 0.00436611 0.06879234 0.90625246 0.01608604 
19.00000000 0.00212913 0.00170664 0.00114544 0.00498316 0.07585478 0.89649047 0.01769039 
20.00000000 0.00232936 0.00188297 0.00126563 0.00565655 0.08313786 0.88639241 0.01933522 
21.00000000 0.00253419 0.00206685 0.00139132 0.00638892 0.09062036 0.87598359 0.02101477 
22.00000000 0.00274296 0.00225811 0.00152241 0.00718280 0.09828084 0.86528958 0.02272330 
23.00000000 0.00295496 0.00245655 0.00165882 0.00804063 0.10609780 0.85433609 0.02445515 
24.00000000 0.00316954 0.00266200 0.00180046 0.00896470 0.11404973 0.84314884 0.02620473 
25.00000000 0.00338601 0.00287427 0.00194725 0.00995711 0.12211522 0.83175352 0.02796662 
26.00000000 0.00360372 0.00309317 0.00209910 0.01101982 0.13027301 0.82017566 0.02973552 
27.00000000 0.00382202 0.00331851 0.00225590 0.01215456 0.13850212 0.80844055 0.03150633 
28.00000000 0.00404030 0.00355010 0.00241758 0.01336284 0.14678185 0.79657318 0.03327415 
29.00000000 0.00425794 0.00378774 0.00258403 0.01464593 0.15509193 0.78459814 0.03503430 
30.00000000 0.00447436 0.00403122 0.00275515 0.01600483 0.16341250 0.77253958 0.03678235 
31.00000000 0.00468901 0.00428034 0.00293086 0.01744030 0.17172428 0.76042108 0.03851413 
32.00000000 0.00490136 0.00453489 0.00311104 0.01895277 0.18000853 0.74826565 0.04022575 
33.00000000 0.00511091 0.00479465 0.00329561 0.02054241 0.18824720 0.73609559 0.04191364 
34.00000000 0.00531719 0.00505938 0.00348446 0.02220907 0.19642293 0.72393244 0.04357451 
35.00000000 0.00551979 0.00532887 0.00367750 0.02395229 0.20451916 0.71179696 0.04520543 
36.00000000 0.00571832 0.00560286 0.00387463 0.02577129 0.21252013 0.69970900 0.04680377 
37.00000000 0.00591242 0.00588110 0.00407578 0.02766498 0.22041096 0.68768749 0.04836726 
38.00000000 0.00610180 0.00616333 0.00428085 0.02963196 0.22817765 0.67575041 0.04989399 
39.00000000 0.00628619 0.00644928 0.00448977 0.03167050 0.23580716 0.66391474 0.05138237 
40.00000000 0.00646537 0.00673866 0.00470245 0.03377857 0.24328734 0.65219646 0.05283116 
41.00000000 0.00663916 0.00703118 0.00491883 0.03595386 0.25060701 0.64061052 0.05423945 
42.00000000 0.00680744 0.00732652 0.00513884 0.03819375 0.25775592 0.62917087 0.05560666 
43.00000000 0.00697010 0.00762438 0.00536243 0.04049534 0.26472477 0.61789046 0.05693252 
44.00000000 0.00712711 0.00792442 0.00558953 0.04285549 0.27150518 0.60678122 0.05821706 
45.00000000 0.00727846 0.00822629 0.00582010 0.04527078 0.27808966 0.59585411 0.05946060 
46.00000000 0.00742418 0.00852965 0.00605410 0.04773757 0.28447167 0.58511908 0.06066374 
47.00000000 0.00756435 0.00883413 0.00629149 0.05025202 0.29064554 0.57458513 0.06182734 
48.00000000 0.00769909 0.00913935 0.00653224 0.05281006 0.29660650 0.56426026 0.06295250 
49.00000000 0.00782854 0.00944493 0.00677633 0.05540747 0.30235063 0.55415152 0.06404057 
50.00000000 0.00795289 0.00975049 0.00702375 0.05803988 0.30787491 0.54426497 0.06509311 
51.00000000 0.00807237 0.01005561 0.00727450 0.06070279 0.31317713 0.53460574 0.06611187 
52.00000000 0.00818724 0.01035990 0.00752858 0.06339158 0.31825591 0.52517801 0.06709879 
53.00000000 0.00829777 0.01066295 0.00778601 0.06610157 0.32311065 0.51598505 0.06805599 
54.00000000 0.00840429 0.01096436 0.00804680 0.06882803 0.32774153 0.50702928 0.06898572 
55.00000000 0.00850712 0.01126372 0.00831098 0.07156621 0.33214939 0.49831224 0.06989034 
56.00000000 0.00860664 0.01156062 0.00857858 0.07431134 0.33633576 0.48983473 0.07077232 
57.00000000 0.00870322 0.01185467 0.00884966 0.07705869 0.34030276 0.48159679 0.07163420 
58.00000000 0.00879726 0.01214547 0.00912425 0.07980359 0.34405305 0.47359780 0.07247858 
59.00000000 0.00888915 0.01243264 0.00940241 0.08254141 0.34758980 0.46583651 0.07330808 
60.00000000 0.00897932 0.01271580 0.00968419 0.08526765 0.35091662 0.45831109 0.07412533 
61.00000000 0.00906819 0.01299459 0.00996967 0.08797790 0.35403752 0.45101918 0.07493295 
62.00000000 0.00915617 0.01326867 0.01025890 0.09066789 0.35695688 0.44395796 0.07573353 
63.00000000 0.00924368 0.01353771 0.01055195 0.09333353 0.35967939 0.43712411 0.07652963 
64.00000000 0.00933115 0.01380140 0.01084890 0.09597086 0.36221004 0.43051392 0.07732373 
65.00000000 0.00941897 0.01405946 0.01114982 0.09857614 0.36455408 0.42412326 0.07811826 
66.00000000 0.00950756 0.01431163 0.01145479 0.10114583 0.36671697 0.41794763 0.07891558 
67.00000000 0.00959731 0.01455766 0.01176387 0.10367662 0.36870442 0.41198219 0.07971793 
68.00000000 0.00968858 0.01479737 0.01207715 0.10616540 0.37052227 0.40622178 0.08052746 
69.00000000 0.00978174 0.01503056 0.01239469 0.10860934 0.37217650 0.40066096 0.08134622 
70.00000000 0.00987712 0.01525709 0.01271657 0.11100582 0.37367322 0.39529406 0.08217613 
71.00000000 0.00997505 0.01547685 0.01304284 0.11335252 0.37501855 0.39011522 0.08301898 
72.00000000 0.01007581 0.01568977 0.01337356 0.11564732 0.37621868 0.38511843 0.08387643 
73.00000000 0.01017968 0.01589579 0.01370881 0.11788841 0.37727975 0.38029759 0.08474998 
74.00000000 0.01028689 0.01609490 0.01404862 0.12007419 0.37820788 0.37564653 0.08564099 
75.00000000 0.01039766 0.01628712 0.01439304 0.12220335 0.37900908 0.37115907 0.08655068 
76.00000000 0.01051217 0.01647250 0.01474212 0.12427479 0.37968927 0.36682907 0.08748008 
77.00000000 0.01063057 0.01665114 0.01509588 0.12628768 0.38025424 0.36265040 0.08843010 
78.00000000 0.01075297 0.01682314 0.01545436 0.12824140 0.38070965 0.35861702 0.08940146 
79.00000000 0.01087948 0.01698865 0.01581758 0.13013556 0.38106100 0.35472296 0.09039476 
80.00000000 0.01101015 0.01714787 0.01618555 0.13197000 0.38131365 0.35096234 0.09141044 
81.00000000 0.01114500 0.01730098 0.01655829 0.13374475 0.38147279 0.34732939 0.09244880 
82.00000000 0.01128403 0.01744824 0.01693578 0.13546003 0.38154350 0.34381842 0.09351001 
83.00000000 0.01142720 0.01758990 0.01731803 0.13711624 0.38153065 0.34042388 0.09459410 
84.00000000 0.01157447 0.01772626 0.01770502 0.13871395 0.38143899 0.33714033 0.09570099 
85.00000000 0.01172573 0.01785761 0.01809673 0.14025390 0.38127309 0.33396247 0.09683047 
86.00000000 0.01188087 0.01798430 0.01849313 0.14173693 0.38103735 0.33088517 0.09798225 
87.00000000 0.01203976 0.01810666 0.01889419 0.14316404 0.38073601 0.32790344 0.09915590 
88.00000000 0.01220222 0.01822507 0.01929988 0.14453629 0.38037309 0.32501254 0.10035091 
89.00000000 0.01236807 0.01833988 0.01971014 0.14585488 0.37995245 0.32220789 0.10156669 
90.00000000 0.01253710 0.01845149 0.02012494 0.14712105 0.37947770 0.31948519 0.10280253 
91.00000000 0.01270910 0.01856028 0.02054422 0.14833610 0.37895230 0.31684033 0.10405767 
92.00000000 0.01288382 0.01866663 0.02096794 0.14950139 0.37837946 0.31426950 0.10533128 
93.00000000 0.01306100 0.01877093 0.02139603 0.15061831 0.37776221 0.31176909 0.10662243 
94.00000000 0.01324040 0.01887357 0.02182845 0.15168825 0.37710338 0.30933578 0.10793016 
95.00000000 0.01342173 0.01897493 0.02226514 0.15271265 0.37640562 0.30696646 0.10925348 
96.00000000 0.01360471 0.01907538 0.02270604 0.15369292 0.37567140 0.30465824 0.11059131 
97.00000000 0.01378907 0.01917527 0.02315111 0.15463048 0.37490302 0.30240848 0.11194257 
98.00000000 0.01397452 0.01927495 0.02360029 0.15552672 0.37410264 0.30021473 0.11330615 
99.00000000 0.01416079 0.01937477 0.02405352 0.15638303 0.37327224 0.29807473 0.11468092 
100.00000000 0.01434758 0.01947504 0.02451077 0.15720075 0.37241369 0.29598643 0.11606574 
101.00000000 0.01453463 0.01957605 0.02497200 0.15798122 0.37152869 0.29394795 0.11745945 
102.00000000 0.01472168 0.01967809 0.02543715 0.15872572 0.37061883 0.29195764 0.11886090 
103.00000000 0.01490846 0.01978142 0.02590619 0.15943549 0.36968552 0.29001399 0.12026893 
104.00000000 0.01509474 0.01988627 0.02637910 0.16011174 0.36873005 0.28811572 0.12168238 
105.00000000 0.01528028 0.01999286 0.02685585 0.16075565 0.36775354 0.28626172 0.12310009 
106.00000000 0.01546487 0.02010137 0.02733642 0.16136833 0.36675700 0.28445109 0.12452093 
107.00000000 0.01564831 0.02021195 0.02782079 0.16195089 0.36574124 0.28268309 0.12594373 
108.00000000 0.01583041 0.02032475 0.02830896 0.16250438 0.36470696 0.28095717 0.12736738 
109.00000000 0.01601102 0.02043986 0.02880093 0.16302983 0.36365470 0.27927293 0.12879073 
110.00000000 0.01618999 0.02055736 0.02929670 0.16352825 0.36258489 0.27763013 0.13021269 
111.00000000 0.01636720 0.02067730 0.02979627 0.16400062 0.36149780 0.27602867 0.13163215 
112.00000000 0.01654255 0.02079971 0.03029966 0.16444791 0.36039360 0.27446854 0.13304803 
113.00000000 0.01671597 0.02092459 0.03080690 0.16487108 0.35927235 0.27294985 0.13445927 
114.00000000 0.01688740 0.02105191 0.03131799 0.16527110 0.35813399 0.27147279 0.13586483 
115.00000000 0.01705680 0.02118163 0.03183298 0.16564893 0.35697838 0.27003761 0.13726368 
116.00000000 0.01722416 0.02131368 0.03235188 0.16600553 0.35580528 0.26864463 0.13865483 
117.00000000 0.01738951 0.02144798 0.03287473 0.16634189 0.35461436 0.26729423 0.14003730 
118.00000000 0.01755287 0.02158441 0.03340157 0.16665900 0.35340518 0.26598681 0.14141015 
119.00000000 0.01771430 0.02172287 0.03393244 0.16695789 0.35217726 0.26472282 0.14277243 
120.00000000 0.01787388 0.02186319 0.03446736 0.16723958 0.35092999 0.26350275 0.14412324 
121.00000000 0.01803170 0.02200524 0.03500639 0.16750517 0.34966271 0.26232711 0.14546169 
122.00000000 0.01818789 0.02214883 0.03554954 0.16775574 0.34837468 0.26119641 0.14678691 
123.00000000 0.01834257 0.02229378 0.03609687 0.16799244 0.34706509 0.26011121 0.14809804 
124.00000000 0.01849589 0.02243991 0.03664840 0.16821644 0.34573306 0.25907202 0.14939427 
125.00000000 0.01864803 0.02258701 0.03720416 0.16842897 0.34437770 0.25807935 0.15067479 
126.00000000 0.01879916 0.02273487 0.03776416 0.16863125 0.34299803 0.25713371 0.15193881 
127.00000000 0.01894947 0.02288327 0.03832844 0.16882459 0.34159310 0.25623554 0.15318559 
128.00000000 0.01909916 0.02303200 0.03889701 0.16901029 0.34016190 0.25538523 0.15441440 
129.00000000 0.01924845 0.02318084 0.03946987 0.16918970 0.33870346 0.25458311 0.15562456 
130.00000000 0.01939756 0.02332958 0.04004702 0.16936420 0.33721681 0.25382944 0.15681539 
131.00000000 0.01954671 0.02347798 0.04062845 0.16953518 0.33570099 0.25312440 0.15798629 
132.00000000 0.01969614 0.02362585 0.04121417 0.16970403 0.33415509 0.25246806 0.15913666 
133.00000000 0.01984608 0.02377297 0.04180413 0.16987218 0.33257825 0.25186043 0.16026595 
134.00000000 0.01999678 0.02391913 0.04239831 0.17004105 0.33096965 0.25130141 0.16137367 
135.00000000 0.02014847 0.02406415 0.04299668 0.17021203 0.32932854 0.25079080 0.16245935 
136.00000000 0.02030138 0.02420782 0.04359918 0.17038652 0.32765426 0.25032829 0.16352256 
137.00000000 0.02045576 0.02434996 0.04420575 0.17056590 0.32594621 0.24991349 0.16456293 
138.00000000 0.02061183 0.02449039 0.04481634 0.17075151 0.32420390 0.24954589 0.16558014 
139.00000000 0.02076982 0.02462896 0.04543086 0.17094465 0.32242695 0.24922487 0.16657389 
140.00000000 0.02092993 0.02476549 0.04604923 0.17114658 0.32061509 0.24894971 0.16754397 
141.00000000 0.02109238 0.02489984 0.04667136 0.17135851 0.31876817 0.24871955 0.16849019 
142.00000000 0.02125735 0.02503188 0.04729714 0.17158156 0.31688620 0.24853345 0.16941243 
143.00000000 0.02142503 0.02516146 0.04792647 0.17181679 0.31496931 0.24839031 0.17031063 
144.00000000 0.02159559 0.02528848 0.04855922 0.17206517 0.31301781 0.24828895 0.17118478 
145.00000000 0.02176919 0.02541284 0.04919528 0.17232760 0.31103213 0.24822803 0.17203492 
146.00000000 0.02194598 0.02553443 0.04983451 0.17260486 0.30901292 0.24820612 0.17286118 
147.00000000 0.02212608 0.02565318 0.05047678 0.17289762 0.30696094 0.24822167 0.17366372 
148.00000000 0.02230963 0.02576902 0.05112196 0.17320644 0.30487716 0.24827301 0.17444278 
149.00000000 0.02249671 0.02588188 0.05176989 0.17353179 0.30276272 0.24835837 0.17519863 
150.00000000 0.02268742 0.02599172 0.05242044 0.17387398 0.30061892 0.24847587 0.17593164 
151.00000000 0.02288184 0.02609851 0.05307345 0.17423323 0.29844723 0.24862354 0.17664220 
152.00000000 0.02308000 0.02620221 0.05372878 0.17460960 0.29624931 0.24879932 0.17733078 
153.00000000 0.02328194 0.02630280 0.05438628 0.17500306 0.29402698 0.24900106 0.17799788 
154.00000000 0.02348768 0.02640027 0.05504579 0.17541344 0.29178225 0.24922649 0.17864408 
155.00000000 0.02369719 0.02649462 0.05570716 0.17584043 0.28951733 0.24947326 0.17927001 
156.00000000 0.02391046 0.02658586 0.05637025 0.17628360 0.28723459 0.24973891 0.17987633 
157.00000000 0.02412745 0.02667401 0.05703491 0.17674241 0.28493656 0.25002088 0.18046379 
158.00000000 0.02434810 0.02675908 0.05770101 0.17721617 0.28262594 0.25031655 0.18103316 
159.00000000 0.02457234 0.02684113 0.05836840 0.17770410 0.28030556 0.25062323 0.18158524 
160.00000000 0.02480009 0.02692019 0.05903696 0.17820530 0.27797841 0.25093815 0.18212089 
161.00000000 0.02503125 0.02699631 0.05970657 0.17871877 0.27564758 0.25125851 0.18264099 
162.00000000 0.02526572 0.02706956 0.06037711 0.17924340 0.27331627 0.25158147 0.18314646 
163.00000000 0.02550336 0.02714000 0.06104847 0.17977802 0.27098777 0.25190415 0.18363822 
164.00000000 0.02574404 0.02720771 0.06172056 0.18032136 0.26866546 0.25222366 0.18411722 
165.00000000 0.02598762 0.02727277 0.06239328 0.18087208 0.26635276 0.25253708 0.18458442 
166.00000000 0.02623395 0.02733526 0.06306654 0.18142880 0.26405315 0.25284153 0.18504077 
167.00000000 0.02648286 0.02739528 0.06374029 0.18199009 0.26177012 0.25313413 0.18548723 
168.00000000 0.02673419 0.02745293 0.06441446 0.18255447 0.25950719 0.25341201 0.18592475 
169.00000000 0.02698777 0.02750832 0.06508899 0.18312045 0.25726785 0.25367235 0.18635427 
170.00000000 0.02724340 0.02756155 0.06576385 0.18368654 0.25505558 0.25391239 0.18677669 
171.00000000 0.02750091 0.02761274 0.06643900 0.18425123 0.25287379 0.25412940 0.18719292 
172.00000000 0.02776012 0.02766202 0.06711442 0.18481302 0.25072586 0.25432075 0.18760381 
173.00000000 0.02802083 0.02770950 0.06779010 0.18537045 0.24861508 0.25448387 0.18801018 
174.00000000 0.02828285 0.02775531 0.06846604 0.18592209 0.24654463 0.25461628 0.18841280 
175.00000000 0.02854600 0.02779958 0.06914225 0.18646655 0.24451759 0.25471561 0.18881242 
176.00000000 0.02881009 0.02784245 0.06981874 0.18700250 0.24253691 0.25477959 0.18920972 
177.00000000 0.02907492 0.02788405 0.07049554 0.18752868 0.24060542 0.25480607 0.18960531 
178.00000000 0.02934032 0.02792453 0.07117269 0.18804390 0.23872577 0.25479301 0.18999978 
179.00000000 0.02960610 0.02796403 0.07185023 0.18854704 0.23690045 0.25473853 0.19039362 
180.00000000 0.02987209 0.02800267 0.07252820 0.18903710 0.23513178 0.25464086 0.19078729 
181.00000000 0.03013812 0.02804062 0.07320667 0.18951315 0.23342190 0.25449839 0.19118115 
182.00000000 0.03040401 0.02807801 0.07388570 0.18997437 0.23177272 0.25430967 0.19157552 
183.00000000 0.03066961 0.02811498 0.07456536 0.19042006 0.23018598 0.25407337 0.19197063 
184.00000000 0.03093477 0.02815169 0.07524571 0.19084962 0.22866321 0.25378837 0.19236665 
185.00000000 0.03119933 0.02818826 0.07592684 0.19126255 0.22720569 0.25345366 0.19276367 
186.00000000 0.03146315 0.02822484 0.07660883 0.19165849 0.22581451 0.25306844 0.19316174 
187.00000000 0.03172611 0.02826156 0.07729175 0.19203718 0.22449055 0.25263205 0.19356080 
188.00000000 0.03198808 0.02829857 0.07797570 0.19239848 0.22323442 0.25214401 0.19396075 
189.00000000 0.03224894 0.02833599 0.07866075 0.19274236 0.22204656 0.25160400 0.19436141 
190.00000000 0.03250857 0.02837395 0.07934699 0.19306890 0.22092715 0.25101189 0.19476254 
191.00000000 0.03276689 0.02841257 0.08003451 0.19337831 0.21987618 0.25036769 0.19516385 
192.00000000 0.03302378 0.02845197 0.08072340 0.19367088 0.21889340 0.24967159 0.19556498 
193.00000000 0.03327917 0.02849228 0.08141372 0.19394700 0.21797836 0.24892394 0.19596553 
194.00000000 0.03353298 0.02853358 0.08210556 0.19420717 0.21713043 0.24812526 0.19636502 
195.00000000 0.03378514 0.02857600 0.08279899 0.19445197 0.21634873 0.24727621 0.19676296 
196.00000000 0.03403557 0.02861961 0.08349408 0.19468206 0.21563225 0.24637762 0.19715881 
197.00000000 0.03428422 0.02866452 0.08419091 0.19489818 0.21497977 0.24543044 0.19755197 
198.00000000 0.03453104 0.02871080 0.08488952 0.19510113 0.21438989 0.24443579 0.19794183 
199.00000000 0.03477597 0.02875853 0.08558998 0.19529178 0.21386107 0.24339490 0.19832776 
200.00000000 0.03501899 0.02880778 0.08629234 0.19547105 0.21339161 0.24230915 0.19870908 
201.00000000 0.03526004 0.02885861 0.08699663 0.19563988 0.21297968 0.24118002 0.19908513 
202.00000000 0.03549910 0.02891107 0.08770289 0.19579928 0.21262332 0.24000912 0.19945521 
203.00000000 0.03573614 0.02896521 0.08841116 0.19595027 0.21232044 0.23879815 0.19981863 
204.00000000 0.03597114 0.02902106 0.08912144 0.19609388 0.21206887 0.23754892 0.20017469 
205.00000000 0.03620406 0.02907866 0.08983376 0.19623117 0.21186634 0.23626332 0.20052270 
206.00000000 0.03643490 0.02913802 0.09054811 0.19636318 0.21171049 0.23494331 0.20086197 
207.00000000 0.03666362 0.02919917 0.09126450 0.19649097 0.21159892 0.23359095 0.20119185 
208.00000000 0.03689022 0.02926212 0.09198291 0.19661558 0.21152916 0.23220834 0.20151167 
209.00000000 0.03711468 0.02932685 0.09270333 0.19673802 0.21149869 0.23079762 0.20182081 
210.00000000 0.03733698 0.02939338 0.09342572 0.19685928 0.21150497 0.22936099 0.20211868 
211.00000000 0.03755711 0.02946169 0.09415004 0.19698033 0.21154545 0.22790069 0.20240469 
212.00000000 0.03777504 0.02953177 0.09487626 0.19710210 0.21161754 0.22641897 0.20267832 
213.00000000 0.03799077 0.02960359 0.09560432 0.19722547 0.21171870 0.22491810 0.20293905 
214.00000000 0.03820428 0.02967713 0.09633415 0.19735129 0.21184636 0.22340035 0.20318644 
215.00000000 0.03841554 0.02975236 0.09706570 0.19748036 0.21199798 0.22186800 0.20342006 
216.00000000 0.03862453 0.02982924 0.09779887 0.19761341 0.21217108 0.22032332 0.20363954 
217.00000000 0.03883124 0.02990775 0.09853360 0.19775114 0.21236318 0.21876855 0.20384454 
218.00000000 0.03903563 0.02998783 0.09926979 0.19789419 0.21257187 0.21720591 0.20403478 
219.00000000 0.03923769 0.03006945 0.10000734 0.19804313 0.21279478 0.21563759 0.20421003 
220.00000000 0.03943738 0.03015256 0.10074614 0.19819849 0.21302962 0.21406572 0.20437009 
221.00000000 0.03963467 0.03023712 0.10148610 0.19836072 0.21327415 0.21249241 0.20451482 
222.00000000 0.03982954 0.03032309 0.10222708 0.19853025 0.21352620 0.21091970 0.20464413 
223.00000000 0.04002195 0.03041041 0.10296897 0.19870742 0.21378370 0.20934958 0.20475798 
224.00000000 0.04021186 0.03049904 0.10371165 0.19889252 0.21404462 0.20778396 0.20485636 
225.00000000 0.04039924 0.03058893 0.10445498 0.19908580 0.21430706 0.20622468 0.20493931 
226.00000000 0.04058405 0.03068004 0.10519882 0.19928745 0.21456917 0.20467354 0.20500694 
227.00000000 0.04076626 0.03077233 0.10594304 0.19949760 0.21482920 0.20313221 0.20505936 
228.00000000 0.04094583 0.03086575 0.10668749 0.19971635 0.21508551 0.20160233 0.20509675 
229.00000000 0.04112272 0.03096025 0.10743203 0.19994375 0.21533653 0.20008541 0.20511932 
230.00000000 0.04129689 0.03105580 0.10817651 0.20017980 0.21558079 0.19858290 0.20512731 
231.00000000 0.04146831 0.03115237 0.10892078 0.20042447 0.21581691 0.19709617 0.20512101 
232.00000000 0.04163694 0.03124990 0.10966469 0.20067767 0.21604362 0.19562646 0.20510072 
233.00000000 0.04180275 0.03134838 0.11040808 0.20093932 0.21625974 0.19417496 0.20506678 
234.00000000 0.04196572 0.03144775 0.11115080 0.20120927 0.21646415 0.19274274 0.20501955 
235.00000000 0.04212580 0.03154801 0.11189270 0.20148736 0.21665588 0.19133081 0.20495944 
236.00000000 0.04228299 0.03164910 0.11263362 0.20177341 0.21683400 0.18994005 0.20488683 
237.00000000 0.04243727 0.03175101 0.11337341 0.20206719 0.21699770 0.18857127 0.20480215 
238.00000000 0.04258861 0.03185370 0.11411191 0.20236848 0.21714625 0.18722520 0.20470585 
239.00000000 0.04273701 0.03195715 0.11484898 0.20267704 0.21727900 0.18590245 0.20459837 
240.00000000 0.04288246 0.03206133 0.11558447 0.20299260 0.21739539 0.18460357 0.20448017 
241.00000000 0.04302497 0.03216622 0.11631822 0.20331489 0.21749494 0.18332903 0.20435173 
242.00000000 0.04316454 0.03227179 0.11705010 0.20364363 0.21757726 0.18207918 0.20421351 
243.00000000 0.04330119 0.03237801 0.11777996 0.20397851 0.21764202 0.18085434 0.20406597 
244.00000000 0.04343495 0.03248485 0.11850766 0.20431925 0.21768898 0.17965471 0.20390961 
245.00000000 0.04356583 0.03259229 0.11923308 0.20466554 0.21771796 0.17848043 0.20374487 
246.00000000 0.04369388 0.03270030 0.11995608 0.20501706 0.21772886 0.17733159 0.20357223 
247.00000000 0.04381914 0.03280884 0.12067654 0.20537351 0.21772164 0.17620818 0.20339214 
248.00000000 0.04394167 0.03291788 0.12139434 0.20573458 0.21769634 0.17511014 0.20320506 
249.00000000 0.04406152 0.03302738 0.12210936 0.20609993 0.21765304 0.17403736 0.20301142 
250.00000000 0.04417876 0.03313731 0.12282149 0.20646927 0.21759189 0.17298964 0.20281164 
251.00000000 0.04429348 0.03324762 0.12353063 0.20684226 0.21751309 0.17196677 0.20260615 
252.00000000 0.04440574 0.03335827 0.12423669 0.20721859 0.21741691 0.17096845 0.20239535 
253.00000000 0.04451566 0.03346921 0.12493957 0.20759794 0.21730365 0.16999435 0.20217962 
254.00000000 0.04462332 0.03358039 0.12563919 0.20798000 0.21717366 0.16904410 0.20195934 
255.00000000 0.04472884 0.03369175 0.12633547 0.20836444 0.21702736 0.16811728 0.20173486 
256.00000000 0.04483232 0.03380323 0.12702834 0.20875095 0.21686518 0.16721345 0.20150653 
257.00000000 0.04493389 0.03391478 0.12771774 0.20913920 0.21668760 0.16633213 0.20127466 
258.00000000 0.04503368 0.03402632 0.12840361 0.20952887 0.21649515 0.16547280 0.20103957 
259.00000000 0.04513182 0.03413778 0.12908591 0.20991965 0.21628838 0.16463492 0.20080155 
260.00000000 0.04522844 0.03424909 0.12976459 0.21031121 0.21606787 0.16381793 0.20056088 
261.00000000 0.04532369 0.03436017 0.13043962 0.21070323 0.21583422 0.16302127 0.20031781 
262.00000000 0.04541771 0.03447095 0.13111097 0.21109539 0.21558808 0.16224432 0.20007258 
263.00000000 0.04551065 0.03458134 0.13177863 0.21148737 0.21533009 0.16148649 0.19982543 
264.00000000 0.04560268 0.03469126 0.13244258 0.21187884 0.21506095 0.16074714 0.19957656 
265.00000000 0.04569392 0.03480062 0.13310283 0.21226947 0.21478132 0.16002567 0.19932617 
266.00000000 0.04578456 0.03490933 0.13375938 0.21265894 0.21449192 0.15932142 0.19907445 
267.00000000 0.04587473 0.03501731 0.13441223 0.21304693 0.21419346 0.15863377 0.19882157 
268.00000000 0.04596460 0.03512446 0.13506141 0.21343311 0.21388666 0.15796209 0.19856768 
269.00000000 0.04605431 0.03523069 0.13570695 0.21381715 0.21357223 0.15730574 0.19831292 
270.00000000 0.04614403 0.03533591 0.13634888 0.21419874 0.21325091 0.15666409 0.19805744 
271.00000000 0.04623389 0.03544004 0.13698723 0.21457755 0.21292342 0.15603652 0.19780134 
272.00000000 0.04632406 0.03554298 0.13762206 0.21495327 0.21259046 0.15542242 0.19754475 
273.00000000 0.04641466 0.03564465 0.13825341 0.21532557 0.21225275 0.15482118 0.19728777 
274.00000000 0.04650584 0.03574497 0.13888136 0.21569415 0.21191098 0.15423222 0.19703048 
275.00000000 0.04659773 0.03584385 0.13950595 0.21605871 0.21156584 0.15365494 0.19677298 
276.00000000 0.04669045 0.03594122 0.14012727 0.21641893 0.21121799 0.15308880 0.19651534 
277.00000000 0.04678413 0.03603700 0.14074537 0.21677454 0.21086808 0.15253325 0.19625763 
278.00000000 0.04687888 0.03613113 0.14136036 0.21712524 0.21051673 0.15198776 0.19599991 
279.00000000 0.04697480 0.03622353 0.14197230 0.21747076 0.21016455 0.15145181 0.19574224 
280.00000000 0.04707200 0.03631416 0.14258130 0.21781083 0.20981212 0.15092493 0.19548467 
281.00000000 0.04717055 0.03640295 0.14318743 0.21814520 0.20945998 0.15040664 0.19522725 
282.00000000 0.04727054 0.03648987 0.14379079 0.21847362 0.20910865 0.14989650 0.19497002 
283.00000000 0.04737205 0.03657486 0.14439149 0.21879588 0.20875862 0.14939410 0.19471302 
284.00000000 0.04747512 0.03665789 0.14498961 0.21911174 0.20841033 0.14889903 0.19445628 
285.00000000 0.04757983 0.03673893 0.14558527 0.21942102 0.20806421 0.14841092 0.19419983 
286.00000000 0.04768620 0.03681796 0.14617857 0.21972352 0.20772063 0.14792943 0.19394369 
287.00000000 0.04779427 0.03689497 0.14676961 0.22001908 0.20737994 0.14745424 0.19368789 
288.00000000 0.04790407 0.03696995 0.14735850 0.22030755 0.20704244 0.14698504 0.19343244 
289.00000000 0.04801561 0.03704289 0.14794534 0.22058880 0.20670839 0.14652159 0.19317738 
290.00000000 0.04812890 0.03711380 0.14853025 0.22086270 0.20637802 0.14606363 0.19292270 
291.00000000 0.04824393 0.03718270 0.14911332 0.22112917 0.20605152 0.14561095 0.19266841 
292.00000000 0.04836069 0.03724959 0.14969466 0.22138814 0.20572902 0.14516336 0.19241454 
293.00000000 0.04847917 0.03731451 0.15027437 0.22163953 0.20541062 0.14472071 0.19216108 
294.00000000 0.04859932 0.03737749 0.15085257 0.22188332 0.20509640 0.14428285 0.19190805 
295.00000000 0.04872111 0.03743856 0.15142934 0.22211950 0.20478637 0.14384969 0.19165543 
296.00000000 0.04884451 0.03749777 0.15200478 0.22234805 0.20448052 0.14342114 0.19140323 
297.00000000 0.04896945 0.03755516 0.15257900 0.22256901 0.20417880 0.14299713 0.19115146 
298.00000000 0.04909589 0.03761078 0.15315208 0.22278241 0.20388110 0.14257765 0.19090010 
299.00000000 0.04922375 0.03766469 0.15372412 0.22298832 0.20358732 0.14216266 0.19064914 
300.00000000 0.04935297 0.03771696 0.15429519 0.22318681 0.20329727 0.14175220 0.19039859 
301.00000000 0.04948348 0.03776764 0.15486539 0.22337799 0.20301079 0.14134628 0.19014843 
302.00000000 0.04961520 0.03781680 0.15543479 0.22356196 0.20272762 0.14094497 0.18989865 
303.00000000 0.04974804 0.03786451 0.15600348 0.22373886 0.20244754 0.14054833 0.18964924 
304.00000000 0.04988193 0.03791085 0.15657151 0.22390883 0.20217025 0.14015645 0.18940018 
305.00000000 0.05001679 0.03795588 0.15713895 0.22407204 0.20189545 0.13976943 0.18915146 
306.00000000 0.05015251 0.03799968 0.15770587 0.22422867 0.20162281 0.13938740 0.18890306 
307.00000000 0.05028902 0.03804232 0.15827233 0.22437889 0.20135200 0.13901047 0.18865497 
308.00000000 0.05042622 0.03808388 0.15883838 0.22452292 0.20108264 0.13863880 0.18840716 
309.00000000 0.05056403 0.03812444 0.15940406 0.22466097 0.20081435 0.13827253 0.18815962 
310.00000000 0.05070237 0.03816406 0.15996942 0.22479326 0.20054675 0.13791182 0.18791233 
311.00000000 0.05084113 0.03820282 0.16053450 0.22492002 0.20027944 0.13755683 0.18766526 
312.00000000 0.05098025 0.03824079 0.16109933 0.22504150 0.20001201 0.13720772 0.18741841 
313.00000000 0.05111963 0.03827803 0.16166394 0.22515795 0.19974405 0.13686466 0.18717174 
314.00000000 0.05125920 0.03831463 0.16222835 0.22526961 0.19947514 0.13652781 0.18692525 
315.00000000 0.05139888 0.03835063 0.16279259 0.22537675 0.19920489 0.13619733 0.18667892 
316.00000000 0.05153860 0.03838611 0.16335667 0.22547963 0.19893289 0.13587338 0.18643272 
317.00000000 0.05167829 0.03842111 0.16392060 0.22557852 0.19865873 0.13555610 0.18618665 
318.00000000 0.05181789 0.03845571 0.16448438 0.22567367 0.19838202 0.13524563 0.18594070 
319.00000000 0.05195733 0.03848993 0.16504802 0.22576536 0.19810240 0.13494211 0.18569485 
320.00000000 0.05209657 0.03852385 0.16561151 0.22585385 0.19781949 0.13464564 0.18544909 
321.00000000 0.05223554 0.03855750 0.16617484 0.22593941 0.19753296 0.13435632 0.18520342 
322.00000000 0.05237422 0.03859091 0.16673801 0.22602229 0.19724248 0.13407425 0.18495785 
323.00000000 0.05251255 0.03862414 0.16730100 0.22610275 0.19694773 0.13379948 0.18471235 
324.00000000 0.05265050 0.03865721 0.16786380 0.22618104 0.19664844 0.13353206 0.18446695 
325.00000000 0.05278804 0.03869015 0.16842637 0.22625741 0.19634435 0.13327202 0.18422165 
326.00000000 0.05292516 0.03872299 0.16898871 0.22633210 0.19603522 0.13301936 0.18397647 
327.00000000 0.05306182 0.03875575 0.16955077 0.22640533 0.19572087 0.13277406 0.18373140 
328.00000000 0.05319802 0.03878844 0.17011253 0.22647734 0.19540110 0.13253608 0.18348649 
329.00000000 0.05333375 0.03882109 0.17067395 0.22654832 0.19507578 0.13230536 0.18324175 
330.00000000 0.05346900 0.03885371 0.17123501 0.22661849 0.19474479 0.13208179 0.18299721 
331.00000000 0.05360378 0.03888630 0.17179566 0.22668803 0.19440806 0.13186527 0.18275290 
332.00000000 0.05373809 0.03891888 0.17235587 0.22675713 0.19406553 0.13165564 0.18250886 
333.00000000 0.05387194 0.03895143 0.17291560 0.22682595 0.19371720 0.13145274 0.18226513 
334.00000000 0.05400534 0.03898398 0.17347479 0.22689465 0.19336309 0.13125638 0.18202177 
335.00000000 0.05413830 0.03901650 0.17403342 0.22696338 0.19300325 0.13106633 0.18177882 
336.00000000 0.05427086 0.03904900 0.17459144 0.22703226 0.19263776 0.13088234 0.18153633 
337.00000000 0.05440303 0.03908148 0.17514880 0.22710140 0.19226676 0.13070415 0.18129438 
338.00000000 0.05453484 0.03911392 0.17570547 0.22717091 0.19189039 0.13053146 0.18105301 
339.00000000 0.05466631 0.03914632 0.17626138 0.22724088 0.19150883 0.13036396 0.18081231 
340.00000000 0.05479748 0.03917867 0.17681651 0.22731138 0.19112232 0.13020131 0.18057234 
341.00000000 0.05492837 0.03921095 0.17737080 0.22738247 0.19073108 0.13004315 0.18033318 
342.00000000 0.05505902 0.03924315 0.17792421 0.22745419 0.19033541 0.12988911 0.18009490 
343.00000000 0.05518947 0.03927527 0.17847670 0.22752657 0.18993561 0.12973879 0.17985758 
344.00000000 0.05531974 0.03930729 0.17902823 0.22759963 0.18953201 0.12959178 0.17962132 
345.00000000 0.05544987 0.03933919 0.17957875 0.22767336 0.18912496 0.12944767 0.17938619 
346.00000000 0.05557989 0.03937098 0.18012822 0.22774777 0.18871485 0.12930600 0.17915229 
347.00000000 0.05570984 0.03940262 0.18067661 0.22782282 0.18830207 0.12916635 0.17891969 
348.00000000 0.05583974 0.03943412 0.18122387 0.22789848 0.18788704 0.12902826 0.17868849 
349.00000000 0.05596963 0.03946546 0.18176997 0.22797469 0.18747021 0.12889127 0.17845878 
350.00000000 0.05609954 0.03949663 0.18231488 0.22805140 0.18705201 0.12875491 0.17823065 
351.00000000 0.05622949 0.03952762 0.18285855 0.22812853 0.18663292 0.12861872 0.17800417 
352.00000000 0.05635951 0.03955844 0.18340097 0.22820600 0.18621341 0.12848223 0.17777945 
353.00000000 0.05648962 0.03958906 0.18394209 0.22828373 0.18579396 0.12834499 0.17755655 
354.00000000 0.05661984 0.03961949 0.18448190 0.22836160 0.18537506 0.12820653 0.17733558 
355.00000000 0.05675019 0.03964973 0.18502037 0.22843953 0.18495719 0.12806641 0.17711659 
356.00000000 0.05688068 0.03967977 0.18555747 0.22851738 0.18454086 0.12792417 0.17689967 
357.00000000 0.05701132 0.03970962 0.18609318 0.22859505 0.18412655 0.12777939 0.17668489 
358.00000000 0.05714213 0.03973927 0.18662749 0.22867241 0.18371474 0.12763164 0.17647232 
359.00000000 0.05727310 0.03976874 0.18716037 0.22874934 0.18330591 0.12748052 0.17626202 
360.00000000 0.05740424 0.03979803 0.18769181 0.22882570 0.18290054 0.12732563 0.17605405 
361.00000000 0.05753554 0.03982714 0.18822181 0.22890137 0.18249908 0.12716661 0.17584845 
362.00000000 0.05766700 0.03985610 0.18875034 0.22897622 0.18210197 0.12700309 0.17564528 
363.00000000 0.05779862 0.03988491 0.18927739 0.22905013 0.18170965 0.12683473 0.17544457 
364.00000000 0.05793037 0.03991359 0.18980298 0.22912295 0.18132253 0.12666123 0.17524635 
365.00000000 0.05806224 0.03994215 0.19032707 0.22919459 0.18094100 0.12648229 0.17505065 
366.00000000 0.05819421 0.03997062 0.19084968 0.22926491 0.18056543 0.12629765 0.17485750 
367.00000000 0.05832627 0.03999901 0.19137081 0.22933380 0.18019618 0.12610705 0.17466689 
368.00000000 0.05845837 0.04002735 0.19189044 0.22940117 0.17983355 0.12591028 0.17447884 
369.00000000 0.05859051 0.04005566 0.19240859 0.22946690 0.17947787 0.12570714 0.17429333 
370.00000000 0.05872263 0.04008398 0.19292526 0.22953092 0.17912938 0.12549746 0.17411037 
371.00000000 0.05885471 0.04011231 0.19344045 0.22959314 0.17878835 0.12528111 0.17392993 
372.00000000 0.05898672 0.04014070 0.19395416 0.22965349 0.17845499 0.12505796 0.17375198 
373.00000000 0.05911861 0.04016918 0.19446642 0.22971191 0.17812947 0.12482792 0.17357650 
374.00000000 0.05925033 0.04019778 0.19497721 0.22976835 0.17781196 0.12459093 0.17340344 
375.00000000 0.05938186 0.04022652 0.19548656 0.22982276 0.17750257 0.12434696 0.17323276 
376.00000000 0.05951315 0.04025545 0.19599448 0.22987514 0.17720142 0.12409598 0.17306440 
377.00000000 0.05964414 0.04028459 0.19650096 0.22992545 0.17690854 0.12383801 0.17289831 
378.00000000 0.05977479 0.04031399 0.19700604 0.22997370 0.17662399 0.12357309 0.17273441 
379.00000000 0.05990505 0.04034367 0.19750971 0.23001989 0.17634776 0.12330128 0.17257264 
380.00000000 0.06003488 0.04037367 0.19801200 0.23006405 0.17607983 0.12302266 0.17241292 
381.00000000 0.06016423 0.04040403 0.19851290 0.23010620 0.17582013 0.12273733 0.17225517 
382.00000000 0.06029305 0.04043478 0.19901245 0.23014640 0.17556858 0.12244543 0.17209931 
383.00000000 0.06042128 0.04046596 0.19951065 0.23018470 0.17532508 0.12214709 0.17194524 
384.00000000 0.06054889 0.04049760 0.20000751 0.23022115 0.17508947 0.12184249 0.17179288 
385.00000000 0.06067582 0.04052973 0.20050306 0.23025585 0.17486161 0.12153181 0.17164213 
386.00000000 0.06080202 0.04056238 0.20099729 0.23028887 0.17464129 0.12121525 0.17149290 
387.00000000 0.06092746 0.04059559 0.20149023 0.23032031 0.17442830 0.12089302 0.17134508 
388.00000000 0.06105210 0.04062938 0.20198189 0.23035026 0.17422243 0.12056536 0.17119859 
389.00000000 0.06117587 0.04066378 0.20247228 0.23037884 0.17402341 0.12023250 0.17105331 
390.00000000 0.06129876 0.04069881 0.20296142 0.23040617 0.17383097 0.11989470 0.17090916 
391.00000000 0.06142072 0.04073451 0.20344932 0.23043235 0.17364483 0.11955223 0.17076603 
392.00000000 0.06154172 0.04077089 0.20393598 0.23045753 0.17346470 0.11920536 0.17062383 
393.00000000 0.06166172 0.04080796 0.20442142 0.23048181 0.17329025 0.11885437 0.17048247 
394.00000000 0.06178069 0.04084575 0.20490565 0.23050534 0.17312117 0.11849956 0.17034184 
395.00000000 0.06189861 0.04088428 0.20538868 0.23052824 0.17295711 0.11814121 0.17020187 
396.00000000 0.06201545 0.04092354 0.20587053 0.23055064 0.17279775 0.11777962 0.17006247 
397.00000000 0.06213119 0.04096356 0.20635119 0.23057268 0.17264274 0.11741509 0.16992356 
398.00000000 0.06224581 0.04100433 0.20683067 0.23059447 0.17249173 0.11704793 0.16978505 
399.00000000 0.06235931 0.04104585 0.20730899 0.23061616 0.17234436 0.11667845 0.16964688 
400.00000000 0.06247166 0.04108814 0.20778616 0.23063785 0.17220030 0.11630693 0.16950897 
401.00000000 0.06258286 0.04113118 0.20826216 0.23065966 0.17205918 0.11593369 0.16937127 
402.00000000 0.06269290 0.04117497 0.20873702 0.23068171 0.17192065 0.11555903 0.16923371 
403.00000000 0.06280179 0.04121950 0.20921074 0.23070410 0.17178439 0.11518324 0.16909624 
404.00000000 0.06290951 0.04126476 0.20968332 0.23072692 0.17165005 0.11480662 0.16895882 
405.00000000 0.06301609 0.04131073 0.21015476 0.23075028 0.17151729 0.11442945 0.16882140 
406.00000000 0.06312153 0.04135740 0.21062506 0.23077426 0.17138580 0.11405201 0.16868395 
407.00000000 0.06322583 0.04140473 0.21109424 0.23079893 0.17125526 0.11367458 0.16854643 
408.00000000 0.06332901 0.04145272 0.21156228 0.23082435 0.17112537 0.11329743 0.16840883 
409.00000000 0.06343110 0.04150134 0.21202919 0.23085060 0.17099583 0.11292083 0.16827111 
410.00000000 0.06353210 0.04155055 0.21249497 0.23087771 0.17086637 0.11254501 0.16813328 
411.00000000 0.06363204 0.04160032 0.21295962 0.23090574 0.17073672 0.11217023 0.16799532 
412.00000000 0.06373095 0.04165063 0.21342314 0.23093471 0.17060662 0.11179673 0.16785722 
413.00000000 0.06382885 0.04170144 0.21388552 0.23096464 0.17047582 0.11142473 0.16771899 
414.00000000 0.06392578 0.04175272 0.21434676 0.23099557 0.17034410 0.11105444 0.16758064 
415.00000000 0.06402175 0.04180442 0.21480686 0.23102749 0.17021125 0.11068607 0.16744216 
416.00000000 0.06411682 0.04185651 0.21526582 0.23106040 0.17007705 0.11031983 0.16730358 
417.00000000 0.06421100 0.04190894 0.21572362 0.23109430 0.16994133 0.10995589 0.16716492 
418.00000000 0.06430433 0.04196169 0.21618027 0.23112918 0.16980392 0.10959442 0.16702619 
419.00000000 0.06439686 0.04201470 0.21663576 0.23116501 0.16966465 0.10923561 0.16688741 
420.00000000 0.06448863 0.04206794 0.21709008 0.23120177 0.16952337 0.10887959 0.16674861 
421.00000000 0.06457965 0.04212137 0.21754323 0.23123944 0.16937997 0.10852652 0.16660982 
422.00000000 0.06466999 0.04217493 0.21799520 0.23127797 0.16923431 0.10817652 0.16647107 
423.00000000 0.06475968 0.04222860 0.21844598 0.23131734 0.16908630 0.10782971 0.16633238 
424.00000000 0.06484875 0.04228234 0.21889557 0.23135749 0.16893584 0.10748622 0.16619379 
425.00000000 0.06493725 0.04233609 0.21934396 0.23139839 0.16878286 0.10714613 0.16605533 
426.00000000 0.06502521 0.04238983 0.21979113 0.23143998 0.16862728 0.10680954 0.16591703 
427.00000000 0.06511268 0.04244352 0.22023708 0.23148223 0.16846905 0.10647653 0.16577892 
428.00000000 0.06519969 0.04249712 0.22068180 0.23152509 0.16830811 0.10614716 0.16564103 
429.00000000 0.06528628 0.04255059 0.22112529 0.23156850 0.16814445 0.10582151 0.16550339 
430.00000000 0.06537249 0.04260390 0.22156752 0.23161243 0.16797802 0.10549961 0.16536602 
431.00000000 0.06545835 0.04265703 0.22200849 0.23165683 0.16780882 0.10518151 0.16522897 
432.00000000 0.06554390 0.04270994 0.22244820 0.23170165 0.16763683 0.10486724 0.16509224 
433.00000000 0.06562917 0.04276260 0.22288663 0.23174685 0.16746206 0.10455682 0.16495587 
434.00000000 0.06571420 0.04281499 0.22332376 0.23179239 0.16728452 0.10425027 0.16481988 
435.00000000 0.06579900 0.04286708 0.22375960 0.23183824 0.16710422 0.10394758 0.16468428 
436.00000000 0.06588362 0.04291885 0.22419412 0.23188436 0.16692118 0.10364877 0.16454909 
437.00000000 0.06596808 0.04297029 0.22462733 0.23193072 0.16673544 0.10335382 0.16441433 
438.00000000 0.06605240 0.04302138 0.22505920 0.23197728 0.16654703 0.10306271 0.16428001 
439.00000000 0.06613661 0.04307209 0.22548973 0.23202404 0.16635599 0.10277541 0.16414613 
