0.00000000 1.00000000 -0.00000000 -0.00000000 -0.00000000 0.00000000 0.00000000 -0.00000000 
1.00000000 0.99971816 0.00026665 0.00000187 0.00000164 0.00000162 0.00000624 0.00000382 
2.00000000 0.99887831 0.00106120 0.00000755 0.00000650 0.00000645 0.00002480 0.00001519 
3.00000000 0.99748967 0.00237475 0.00001721 0.00001455 0.00001447 0.00005538 0.00003396 
4.00000000 0.99556241 0.00419744 0.00003111 0.00002575 0.00002568 0.00009767 0.00005994 
5.00000000 0.99310760 0.00651843 0.00004954 0.00004007 0.00004010 0.00015132 0.00009293 
6.00000000 0.99013717 0.00932600 0.00007291 0.00005752 0.00005775 0.00021596 0.00013270 
7.00000000 0.98666391 0.01260750 0.00010165 0.00007810 0.00007867 0.00029118 0.00017899 
8.00000000 0.98270139 0.01634949 0.00013627 0.00010184 0.00010292 0.00037656 0.00023153 
9.00000000 0.97826396 0.02053771 0.00017733 0.00012877 0.00013056 0.00047164 0.00029002 
10.00000000 0.97336667 0.02515716 0.00022543 0.00015894 0.00016169 0.00057594 0.00035417 
11.00000000 0.96802527 0.03019211 0.00028122 0.00019240 0.00019638 0.00068898 0.00042363 
12.00000000 0.96225615 0.03562621 0.00034537 0.00022923 0.00023473 0.00081024 0.00049807 
13.00000000 0.95607627 0.04144245 0.00041861 0.00026949 0.00027686 0.00093918 0.00057714 
14.00000000 0.94950318 0.04762330 0.00050165 0.00031326 0.00032288 0.00107526 0.00066047 
15.00000000 0.94255493 0.05415068 0.00059525 0.00036064 0.00037290 0.00121790 0.00074770 
16.00000000 0.93525004 0.06100605 0.00070016 0.00041172 0.00042706 0.00136654 0.00083843 
17.00000000 0.92760743 0.06817048 0.00081715 0.00046659 0.00048548 0.00152058 0.00093230 
18.00000000 0.91964644 0.07562463 0.00094696 0.00052535 0.00054829 0.00167943 0.00102890 
19.00000000 0.91138671 0.08334887 0.00109036 0.00058810 0.00061564 0.00184247 0.00112785 
20.00000000 0.90284819 0.09132330 0.00124806 0.00065495 0.00068764 0.00200909 0.00122877 
21.00000000 0.89405107 0.09952779 0.00142079 0.00072599 0.00076444 0.00217868 0.00133125 
22.00000000 0.88501573 0.10794205 0.00160921 0.00080132 0.00084617 0.00235061 0.00143491 
23.00000000 0.87576272 0.11654566 0.00181398 0.00088104 0.00093295 0.00252427 0.00153938 
24.00000000 0.86631270 0.12531815 0.00203570 0.00096523 0.00102493 0.00269902 0.00164428 
25.00000000 0.85668638 0.13423901 0.00227494 0.00105397 0.00112221 0.00287425 0.00174924 
26.00000000 0.84690454 0.14328774 0.00253222 0.00114734 0.00122493 0.00304935 0.00185390 
27.00000000 0.83698790 0.15244392 0.00280799 0.00124539 0.00133318 0.00322370 0.00195791 
28.00000000 0.82695714 0.16168725 0.00310267 0.00134820 0.00144709 0.00339671 0.00206095 
29.00000000 0.81683285 0.17099756 0.00341659 0.00145578 0.00156675 0.00356778 0.00216268 
30.00000000 0.80663548 0.18035490 0.00375004 0.00156818 0.00169226 0.00373633 0.00226280 
31.00000000 0.79638529 0.18973954 0.00410323 0.00168541 0.00182371 0.00390179 0.00236102 
32.00000000 0.78610235 0.19913203 0.00447630 0.00180746 0.00196117 0.00406362 0.00245707 
33.00000000 0.77580646 0.20851324 0.00486932 0.00193431 0.00210472 0.00422128 0.00255067 
34.00000000 0.76551715 0.21786436 0.00528230 0.00206592 0.00225442 0.00437424 0.00264160 
35.00000000 0.75525362 0.22716701 0.00571517 0.00220224 0.00241032 0.00452202 0.00272963 
36.00000000 0.74503472 0.23640316 0.00616776 0.00234319 0.00257247 0.00466414 0.00281456 
37.00000000 0.73487893 0.24555529 0.00663986 0.00248867 0.00274090 0.00480014 0.00289621 
38.00000000 0.72480430 0.25460630 0.00713118 0.00263855 0.00291564 0.00492961 0.00297442 
39.00000000 0.71482844 0.26353963 0.00764133 0.00279270 0.00309671 0.00505213 0.00304905 
40.00000000 0.70496851 0.27233921 0.00816988 0.00295096 0.00328410 0.00516734 0.00311999 
41.00000000 0.69524116 0.28098954 0.00871632 0.00311312 0.00347782 0.00527490 0.00318714 
42.00000000 0.68566252 0.28947569 0.00928006 0.00327898 0.00367785 0.00537449 0.00325043 
43.00000000 0.67624817 0.29778329 0.00986044 0.00344830 0.00388417 0.00546582 0.00330980 
44.00000000 0.66701317 0.30589862 0.01045676 0.00362083 0.00409674 0.00554866 0.00336523 
45.00000000 0.65797194 0.31380854 0.01106824 0.00379628 0.00431551 0.00562277 0.00341671 
46.00000000 0.64913834 0.32150057 0.01169405 0.00397436 0.00454044 0.00568799 0.00346425 
47.00000000 0.64052561 0.32896286 0.01233330 0.00415473 0.00477144 0.00574416 0.00350789 
48.00000000 0.63214634 0.33618424 0.01298505 0.00433706 0.00500845 0.00579118 0.00354768 
49.00000000 0.62401249 0.34315418 0.01364832 0.00452098 0.00525136 0.00582896 0.00358370 
50.00000000 0.61613537 0.34986284 0.01432209 0.00470610 0.00550009 0.00585747 0.00361604 
51.00000000 0.60852560 0.35630104 0.01500528 0.00489204 0.00575451 0.00587671 0.00364482 
52.00000000 0.60119316 0.36246029 0.01569680 0.00507838 0.00601451 0.00588670 0.00367017 
53.00000000 0.59414731 0.36833280 0.01639553 0.00526469 0.00627993 0.00588752 0.00369222 
54.00000000 0.58739666 0.37391142 0.01710031 0.00545054 0.00655064 0.00587927 0.00371115 
55.00000000 0.58094910 0.37918972 0.01780999 0.00563548 0.00682647 0.00586210 0.00372714 
56.00000000 0.57481184 0.38416193 0.01852337 0.00581907 0.00710725 0.00583618 0.00374036 
57.00000000 0.56899139 0.38882297 0.01923927 0.00600084 0.00739278 0.00580172 0.00375103 
58.00000000 0.56349357 0.39316839 0.01995650 0.00618034 0.00768286 0.00575897 0.00375936 
59.00000000 0.55832349 0.39719445 0.02067386 0.00635712 0.00797728 0.00570821 0.00376557 
60.00000000 0.55348560 0.40089805 0.02139017 0.00653073 0.00827580 0.00564975 0.00376990 
61.00000000 0.54898364 0.40427671 0.02210424 0.00670072 0.00857818 0.00558392 0.00377258 
62.00000000 0.54482066 0.40732863 0.02281492 0.00686667 0.00888416 0.00551111 0.00377385 
63.00000000 0.54099906 0.41005259 0.02352107 0.00702814 0.00919346 0.00543170 0.00377397 
64.00000000 0.53752057 0.41244803 0.02422156 0.00718474 0.00950580 0.00534613 0.00377319 
65.00000000 0.53438623 0.41451495 0.02491531 0.00733607 0.00982085 0.00525483 0.00377175 
66.00000000 0.53159647 0.41625397 0.02560125 0.00748178 0.01013831 0.00515830 0.00376992 
67.00000000 0.52915106 0.41766626 0.02627836 0.00762153 0.01045784 0.00505701 0.00376794 
68.00000000 0.52704914 0.41875357 0.02694567 0.00775500 0.01077908 0.00495148 0.00376606 
69.00000000 0.52528927 0.41951817 0.02760221 0.00788191 0.01110166 0.00484225 0.00376452 
70.00000000 0.52386937 0.41996288 0.02824711 0.00800202 0.01142520 0.00472985 0.00376357 
71.00000000 0.52278679 0.42009102 0.02887950 0.00811510 0.01174931 0.00461485 0.00376343 
72.00000000 0.52203832 0.41990640 0.02949859 0.00822098 0.01207356 0.00449782 0.00376433 
73.00000000 0.52162018 0.41941333 0.03010363 0.00831951 0.01239753 0.00437934 0.00376648 
74.00000000 0.52152807 0.41861655 0.03069392 0.00841062 0.01272077 0.00425998 0.00377009 
75.00000000 0.52175715 0.41752127 0.03126883 0.00849423 0.01304283 0.00414034 0.00377534 
76.00000000 0.52230209 0.41613310 0.03182778 0.00857035 0.01336324 0.00402101 0.00378243 
77.00000000 0.52315707 0.41445807 0.03237024 0.00863900 0.01368152 0.00390258 0.00379151 
78.00000000 0.52431582 0.41250260 0.03289575 0.00870028 0.01399718 0.00378563 0.00380273 
79.00000000 0.52577160 0.41027347 0.03340391 0.00875430 0.01430972 0.00367075 0.00381625 
80.00000000 0.52751727 0.40777782 0.03389436 0.00880125 0.01461862 0.00355851 0.00383217 
81.00000000 0.52954527 0.40502310 0.03436682 0.00884135 0.01492337 0.00344947 0.00385062 
82.00000000 0.53184765 0.40201710 0.03482107 0.00887489 0.01522344 0.00334419 0.00387167 
83.00000000 0.53441611 0.39876789 0.03525692 0.00890216 0.01551832 0.00324320 0.00389540 
84.00000000 0.53724199 0.39528383 0.03567428 0.00892355 0.01580746 0.00314703 0.00392187 
85.00000000 0.54031633 0.39157350 0.03607308 0.00893946 0.01609033 0.00305617 0.00395112 
86.00000000 0.54362984 0.38764577 0.03645332 0.00895035 0.01636642 0.00297113 0.00398318 
87.00000000 0.54717298 0.38350969 0.03681505 0.00895672 0.01663518 0.00289234 0.00401804 
88.00000000 0.55093593 0.37917453 0.03715838 0.00895910 0.01689609 0.00282026 0.00405571 
89.00000000 0.55490865 0.37464975 0.03748346 0.00895807 0.01714865 0.00275529 0.00409614 
90.00000000 0.55908086 0.36994495 0.03779049 0.00895423 0.01739234 0.00269782 0.00413931 
91.00000000 0.56344212 0.36506990 0.03807971 0.00894823 0.01762667 0.00264822 0.00418515 
92.00000000 0.56798178 0.36003451 0.03835142 0.00894075 0.01785115 0.00260679 0.00423359 
93.00000000 0.57268908 0.35484877 0.03860596 0.00893247 0.01806533 0.00257385 0.00428454 
94.00000000 0.57755309 0.34952279 0.03884367 0.00892413 0.01826876 0.00254965 0.00433790 
95.00000000 0.58256280 0.34406676 0.03906498 0.00891646 0.01846100 0.00253444 0.00439356 
96.00000000 0.58770709 0.33849093 0.03927032 0.00891021 0.01864167 0.00252840 0.00445138 
97.00000000 0.59297478 0.33280558 0.03946016 0.00890616 0.01881038 0.00253170 0.00451124 
98.00000000 0.59835466 0.32702105 0.03963500 0.00890507 0.01896678 0.00254447 0.00457298 
99.00000000 0.60383546 0.32114766 0.03979535 0.00890773 0.01911056 0.00256680 0.00463645 
100.00000000 0.60940593 0.31519576 0.03994176 0.00891490 0.01924142 0.00259875 0.00470148 
101.00000000 0.61505480 0.30917566 0.04007479 0.00892737 0.01935913 0.00264035 0.00476790 
102.00000000 0.62077087 0.30309765 0.04019502 0.00894589 0.01946346 0.00269158 0.00483553 
103.00000000 0.62654296 0.29697196 0.04030305 0.00897121 0.01955424 0.00275240 0.00490419 
104.00000000 0.63235995 0.29080878 0.04039947 0.00900406 0.01963133 0.00282271 0.00497370 
105.00000000 0.63821084 0.28461820 0.04048491 0.00904514 0.01969464 0.00290241 0.00504386 
106.00000000 0.64408469 0.27841024 0.04055999 0.00909514 0.01974411 0.00299134 0.00511449 
107.00000000 0.64997070 0.27219481 0.04062532 0.00915471 0.01977975 0.00308931 0.00518540 
108.00000000 0.65585821 0.26598169 0.04068153 0.00922446 0.01980159 0.00319611 0.00525640 
109.00000000 0.66173671 0.25978054 0.04072925 0.00930498 0.01980972 0.00331149 0.00532730 
110.00000000 0.66759583 0.25360089 0.04076910 0.00939680 0.01980428 0.00343516 0.00539793 
111.00000000 0.67342541 0.24745209 0.04080170 0.00950042 0.01978545 0.00356683 0.00546810 
112.00000000 0.67921548 0.24134333 0.04082766 0.00961629 0.01975345 0.00370614 0.00553764 
113.00000000 0.68495626 0.23528364 0.04084758 0.00974480 0.01970859 0.00385274 0.00560639 
114.00000000 0.69063822 0.22928183 0.04086205 0.00988631 0.01965117 0.00400623 0.00567418 
115.00000000 0.69625205 0.22334653 0.04087166 0.01004110 0.01958159 0.00416620 0.00574087 
116.00000000 0.70178868 0.21748614 0.04087698 0.01020940 0.01950026 0.00433222 0.00580631 
117.00000000 0.70723931 0.21170886 0.04087856 0.01039141 0.01940767 0.00450382 0.00587038 
118.00000000 0.71259541 0.20602263 0.04087694 0.01058723 0.01930432 0.00468053 0.00593295 
119.00000000 0.71784872 0.20043516 0.04087265 0.01079692 0.01919079 0.00486186 0.00599390 
120.00000000 0.72299127 0.19495391 0.04086619 0.01102050 0.01906768 0.00504730 0.00605315 
121.00000000 0.72801541 0.18958608 0.04085806 0.01125789 0.01893564 0.00523632 0.00611059 
122.00000000 0.73291376 0.18433860 0.04084873 0.01150898 0.01879536 0.00542840 0.00616617 
123.00000000 0.73767929 0.17921811 0.04083866 0.01177358 0.01864756 0.00562299 0.00621980 
124.00000000 0.74230528 0.17423099 0.04082828 0.01205146 0.01849300 0.00581954 0.00627145 
125.00000000 0.74678532 0.16938331 0.04081802 0.01234232 0.01833248 0.00601749 0.00632107 
126.00000000 0.75111336 0.16468084 0.04080827 0.01264581 0.01816682 0.00621628 0.00636863 
127.00000000 0.75528368 0.16012905 0.04079941 0.01296151 0.01799686 0.00641535 0.00641413 
128.00000000 0.75929091 0.15573311 0.04079181 0.01328897 0.01782349 0.00661414 0.00645756 
129.00000000 0.76313003 0.15149786 0.04078582 0.01362768 0.01764758 0.00681209 0.00649893 
130.00000000 0.76679635 0.14742783 0.04078177 0.01397708 0.01747006 0.00700865 0.00653826 
131.00000000 0.77028557 0.14352721 0.04077996 0.01433656 0.01729184 0.00720326 0.00657560 
132.00000000 0.77359374 0.13979987 0.04078069 0.01470549 0.01711386 0.00739538 0.00661097 
133.00000000 0.77671724 0.13624937 0.04078425 0.01508317 0.01693705 0.00758448 0.00664444 
134.00000000 0.77965285 0.13287890 0.04079088 0.01546890 0.01676236 0.00777005 0.00667607 
135.00000000 0.78239768 0.12969132 0.04080085 0.01586192 0.01659073 0.00795156 0.00670593 
136.00000000 0.78494924 0.12668918 0.04081439 0.01626145 0.01642309 0.00812854 0.00673411 
137.00000000 0.78730536 0.12387467 0.04083172 0.01666670 0.01626036 0.00830050 0.00676069 
138.00000000 0.78946426 0.12124963 0.04085305 0.01707685 0.01610346 0.00846698 0.00678577 
139.00000000 0.79142450 0.11881558 0.04087858 0.01749105 0.01595329 0.00862754 0.00680946 
140.00000000 0.79318500 0.11657369 0.04090849 0.01790847 0.01581071 0.00878177 0.00683186 
141.00000000 0.79474503 0.11452479 0.04094297 0.01832825 0.01567660 0.00892927 0.00685309 
142.00000000 0.79610423 0.11266938 0.04098217 0.01874954 0.01555176 0.00906966 0.00687325 
143.00000000 0.79726256 0.11100763 0.04102627 0.01917147 0.01543700 0.00920260 0.00689248 
144.00000000 0.79822033 0.10953937 0.04107541 0.01959319 0.01533307 0.00932775 0.00691088 
145.00000000 0.79897820 0.10826409 0.04112973 0.02001387 0.01524070 0.00944482 0.00692859 
146.00000000 0.79953713 0.10718098 0.04118938 0.02043268 0.01516057 0.00955353 0.00694573 
147.00000000 0.79989845 0.10628889 0.04125449 0.02084879 0.01509333 0.00965364 0.00696241 
148.00000000 0.80006376 0.10558636 0.04132519 0.02126143 0.01503957 0.00974494 0.00697876 
149.00000000 0.80003500 0.10507164 0.04140160 0.02166981 0.01499983 0.00982723 0.00699489 
150.00000000 0.79981442 0.10474263 0.04148385 0.02207320 0.01497462 0.00990035 0.00701093 
151.00000000 0.79940456 0.10459699 0.04157205 0.02247088 0.01496438 0.00996418 0.00702697 
152.00000000 0.79880823 0.10463203 0.04166631 0.02286218 0.01496950 0.01001861 0.00704314 
153.00000000 0.79802855 0.10484482 0.04176675 0.02324645 0.01499032 0.01006357 0.00705953 
154.00000000 0.79706889 0.10523215 0.04187348 0.02362308 0.01502713 0.01009902 0.00707624 
155.00000000 0.79593291 0.10579051 0.04198661 0.02399152 0.01508015 0.01012494 0.00709336 
156.00000000 0.79462450 0.10651617 0.04210625 0.02435122 0.01514953 0.01014136 0.00711098 
157.00000000 0.79314779 0.10740512 0.04223249 0.02470172 0.01523540 0.01014831 0.00712916 
158.00000000 0.79150716 0.10845314 0.04236545 0.02504257 0.01533780 0.01014588 0.00714800 
159.00000000 0.78970722 0.10965575 0.04250523 0.02537339 0.01545672 0.01013415 0.00716753 
160.00000000 0.78775277 0.11100827 0.04265193 0.02569383 0.01559209 0.01011327 0.00718783 
161.00000000 0.78564883 0.11250581 0.04280565 0.02600361 0.01574379 0.01008338 0.00720893 
162.00000000 0.78340060 0.11414327 0.04296649 0.02630246 0.01591164 0.01004466 0.00723087 
163.00000000 0.78101347 0.11591537 0.04313455 0.02659019 0.01609539 0.00999733 0.00725369 
164.00000000 0.77849299 0.11781666 0.04330991 0.02686666 0.01629476 0.00994161 0.00727741 
165.00000000 0.77584488 0.11984151 0.04349268 0.02713175 0.01650940 0.00987776 0.00730203 
166.00000000 0.77307498 0.12198415 0.04368294 0.02738540 0.01673891 0.00980604 0.00732757 
167.00000000 0.77018930 0.12423868 0.04388078 0.02762762 0.01698285 0.00972676 0.00735402 
168.00000000 0.76719395 0.12659905 0.04408627 0.02785842 0.01724072 0.00964022 0.00738137 
169.00000000 0.76409514 0.12905911 0.04429951 0.02807788 0.01751199 0.00954677 0.00740959 
170.00000000 0.76089920 0.13161261 0.04452056 0.02828613 0.01779607 0.00944675 0.00743868 
171.00000000 0.75761254 0.13425319 0.04474949 0.02848332 0.01809235 0.00934053 0.00746858 
172.00000000 0.75424164 0.13697443 0.04498637 0.02866964 0.01840016 0.00922849 0.00749927 
173.00000000 0.75079305 0.13976985 0.04523124 0.02884533 0.01871882 0.00911102 0.00753069 
174.00000000 0.74727336 0.14263291 0.04548417 0.02901065 0.01904759 0.00898853 0.00756280 
175.00000000 0.74368920 0.14555703 0.04574519 0.02916591 0.01938573 0.00886142 0.00759553 
176.00000000 0.74004723 0.14853560 0.04601433 0.02931142 0.01973247 0.00873013 0.00762883 
177.00000000 0.73635412 0.15156200 0.04629163 0.02944755 0.02008699 0.00859508 0.00766262 
178.00000000 0.73261657 0.15462963 0.04657709 0.02957467 0.02044849 0.00845670 0.00769685 
179.00000000 0.72884122 0.15773186 0.04687073 0.02969318 0.02081614 0.00831544 0.00773143 
180.00000000 0.72503474 0.16086212 0.04717254 0.02980351 0.02118908 0.00817173 0.00776629 
181.00000000 0.72120375 0.16401385 0.04748250 0.02990608 0.02156646 0.00802602 0.00780135 
182.00000000 0.71735481 0.16718055 0.04780060 0.03000135 0.02194742 0.00787874 0.00783653 
183.00000000 0.71349445 0.17035579 0.04812678 0.03008978 0.02233110 0.00773034 0.00787176 
184.00000000 0.70962914 0.17353318 0.04846101 0.03017184 0.02271664 0.00758124 0.00790695 
185.00000000 0.70576527 0.17670644 0.04880321 0.03024800 0.02310317 0.00743188 0.00794202 
186.00000000 0.70190912 0.17986936 0.04915332 0.03031875 0.02348986 0.00728269 0.00797690 
187.00000000 0.69806693 0.18301586 0.04951124 0.03038457 0.02387584 0.00713406 0.00801150 
188.00000000 0.69424479 0.18613993 0.04987687 0.03044594 0.02426031 0.00698642 0.00804575 
189.00000000 0.69044870 0.18923573 0.05025009 0.03050333 0.02464243 0.00684015 0.00807957 
190.00000000 0.68668453 0.19229751 0.05063078 0.03055721 0.02502142 0.00669564 0.00811290 
191.00000000 0.68295802 0.19531970 0.05101879 0.03060806 0.02539649 0.00655326 0.00814567 
192.00000000 0.67927479 0.19829685 0.05141396 0.03065633 0.02576690 0.00641337 0.00817781 
193.00000000 0.67564029 0.20122367 0.05181611 0.03070245 0.02613191 0.00627631 0.00820926 
194.00000000 0.67205982 0.20409506 0.05222507 0.03074687 0.02649081 0.00614241 0.00823996 
195.00000000 0.66853853 0.20690605 0.05264064 0.03079000 0.02684294 0.00601197 0.00826988 
196.00000000 0.66508139 0.20965190 0.05306259 0.03083223 0.02718765 0.00588529 0.00829895 
197.00000000 0.66169321 0.21232801 0.05349071 0.03087396 0.02752433 0.00576264 0.00832714 
198.00000000 0.65837860 0.21493000 0.05392475 0.03091556 0.02785239 0.00564429 0.00835441 
199.00000000 0.65514201 0.21745368 0.05436447 0.03095737 0.02817129 0.00553046 0.00838074 
200.00000000 0.65198766 0.21989506 0.05480959 0.03099971 0.02848051 0.00542137 0.00840610 
201.00000000 0.64891961 0.22225037 0.05525985 0.03104290 0.02877959 0.00531722 0.00843047 
202.00000000 0.64594169 0.22451602 0.05571496 0.03108723 0.02906808 0.00521818 0.00845383 
203.00000000 0.64305756 0.22668867 0.05617462 0.03113297 0.02934558 0.00512442 0.00847619 
204.00000000 0.64027062 0.22876517 0.05663853 0.03118035 0.02961173 0.00503606 0.00849754 
205.00000000 0.63758411 0.23074261 0.05710637 0.03122961 0.02986619 0.00495322 0.00851788 
206.00000000 0.63500102 0.23261830 0.05757782 0.03128094 0.03010869 0.00487599 0.00853723 
207.00000000 0.63252414 0.23438975 0.05805256 0.03133454 0.03033897 0.00480444 0.00855560 
208.00000000 0.63015602 0.23605474 0.05853023 0.03139055 0.03055682 0.00473862 0.00857301 
209.00000000 0.62789901 0.23761122 0.05901051 0.03144913 0.03076205 0.00467858 0.00858950 
210.00000000 0.62575522 0.23905742 0.05949305 0.03151039 0.03095454 0.00462430 0.00860508 
211.00000000 0.62372655 0.24039176 0.05997750 0.03157444 0.03113416 0.00457580 0.00861980 
212.00000000 0.62181467 0.24161290 0.06046350 0.03164135 0.03130086 0.00453303 0.00863370 
213.00000000 0.62002102 0.24271972 0.06095070 0.03171120 0.03145459 0.00449596 0.00864682 
214.00000000 0.61834682 0.24371133 0.06143875 0.03178402 0.03159536 0.00446451 0.00865921 
215.00000000 0.61679307 0.24458705 0.06192730 0.03185986 0.03172319 0.00443861 0.00867092 
216.00000000 0.61536054 0.24534643 0.06241599 0.03193873 0.03183814 0.00441816 0.00868201 
217.00000000 0.61404980 0.24598923 0.06290447 0.03202062 0.03194031 0.00440304 0.00869254 
218.00000000 0.61286116 0.24651542 0.06339239 0.03210553 0.03202981 0.00439312 0.00870257 
219.00000000 0.61179477 0.24692519 0.06387942 0.03219343 0.03210678 0.00438826 0.00871216 
220.00000000 0.61085050 0.24721893 0.06436521 0.03228428 0.03217139 0.00438831 0.00872137 
221.00000000 0.61002807 0.24739723 0.06484945 0.03237804 0.03222385 0.00439308 0.00873028 
222.00000000 0.60932696 0.24746087 0.06533180 0.03247465 0.03226437 0.00440241 0.00873894 
223.00000000 0.60874644 0.24741085 0.06581195 0.03257404 0.03229318 0.00441610 0.00874744 
224.00000000 0.60828559 0.24724834 0.06628960 0.03267613 0.03231055 0.00443395 0.00875583 
225.00000000 0.60794331 0.24697468 0.06676445 0.03278086 0.03231676 0.00445575 0.00876418 
226.00000000 0.60771828 0.24659142 0.06723623 0.03288813 0.03231209 0.00448129 0.00877257 
227.00000000 0.60760900 0.24610025 0.06770465 0.03299785 0.03229686 0.00451033 0.00878106 
228.00000000 0.60761380 0.24550305 0.06816946 0.03310993 0.03227139 0.00454266 0.00878972 
229.00000000 0.60773082 0.24480185 0.06863041 0.03322426 0.03223601 0.00457803 0.00879861 
230.00000000 0.60795804 0.24399883 0.06908728 0.03334075 0.03219108 0.00461622 0.00880780 
231.00000000 0.60829327 0.24309633 0.06953984 0.03345930 0.03213694 0.00465699 0.00881734 
232.00000000 0.60873414 0.24209683 0.06998789 0.03357979 0.03207396 0.00470009 0.00882731 
233.00000000 0.60927816 0.24100292 0.07043124 0.03370214 0.03200251 0.00474529 0.00883775 
234.00000000 0.60992267 0.23981735 0.07086973 0.03382623 0.03192296 0.00479234 0.00884872 
235.00000000 0.61066487 0.23854298 0.07130320 0.03395196 0.03183570 0.00484102 0.00886027 
236.00000000 0.61150184 0.23718277 0.07173150 0.03407924 0.03174111 0.00489109 0.00887245 
237.00000000 0.61243053 0.23573981 0.07215453 0.03420796 0.03163956 0.00494230 0.00888531 
238.00000000 0.61344774 0.23421728 0.07257216 0.03433802 0.03153145 0.00499445 0.00889888 
239.00000000 0.61455020 0.23261844 0.07298432 0.03446934 0.03141717 0.00504730 0.00891322 
240.00000000 0.61573451 0.23094666 0.07339093 0.03460182 0.03129708 0.00510064 0.00892835 
241.00000000 0.61699716 0.22920538 0.07379194 0.03473538 0.03117158 0.00515426 0.00894430 
242.00000000 0.61833457 0.22739809 0.07418731 0.03486992 0.03104105 0.00520796 0.00896110 
243.00000000 0.61974307 0.22552838 0.07457702 0.03500537 0.03090584 0.00526154 0.00897878 
244.00000000 0.62121891 0.22359987 0.07496106 0.03514165 0.03076634 0.00531481 0.00899736 
245.00000000 0.62275826 0.22161625 0.07533945 0.03527868 0.03062291 0.00536760 0.00901685 
246.00000000 0.62435725 0.21958123 0.07571222 0.03541640 0.03047590 0.00541973 0.00903726 
247.00000000 0.62601194 0.21749859 0.07607939 0.03555474 0.03032566 0.00547106 0.00905861 
248.00000000 0.62771834 0.21537212 0.07644104 0.03569364 0.03017255 0.00552141 0.00908090 
249.00000000 0.62947243 0.21320562 0.07679724 0.03583303 0.03001688 0.00557067 0.00910413 
250.00000000 0.63127017 0.21100293 0.07714806 0.03597286 0.02985899 0.00561869 0.00912830 
251.00000000 0.63310745 0.20876788 0.07749361 0.03611307 0.02969921 0.00566537 0.00915341 
252.00000000 0.63498020 0.20650433 0.07783401 0.03625363 0.02953783 0.00571058 0.00917943 
253.00000000 0.63688430 0.20421610 0.07816936 0.03639447 0.02937516 0.00575423 0.00920637 
254.00000000 0.63881564 0.20190704 0.07849982 0.03653556 0.02921149 0.00579624 0.00923421 
255.00000000 0.64077011 0.19958095 0.07882551 0.03667686 0.02904711 0.00583653 0.00926292 
256.00000000 0.64274362 0.19724164 0.07914661 0.03681833 0.02888229 0.00587503 0.00929249 
257.00000000 0.64473209 0.19489286 0.07946326 0.03695992 0.02871729 0.00591169 0.00932289 
258.00000000 0.64673147 0.19253835 0.07977565 0.03710162 0.02855236 0.00594646 0.00935409 
259.00000000 0.64873775 0.19018180 0.08008395 0.03724337 0.02838776 0.00597930 0.00938607 
260.00000000 0.65074692 0.18782687 0.08038834 0.03738517 0.02822371 0.00601019 0.00941880 
261.00000000 0.65275507 0.18547715 0.08068903 0.03752696 0.02806043 0.00603911 0.00945223 
262.00000000 0.65475830 0.18313620 0.08098619 0.03766874 0.02789816 0.00606606 0.00948635 
263.00000000 0.65675279 0.18080749 0.08128005 0.03781047 0.02773708 0.00609103 0.00952110 
264.00000000 0.65873476 0.17849445 0.08157078 0.03795212 0.02757740 0.00611404 0.00955645 
265.00000000 0.66070052 0.17620043 0.08185861 0.03809366 0.02741931 0.00613510 0.00959236 
266.00000000 0.66264645 0.17392872 0.08214374 0.03823509 0.02726298 0.00615423 0.00962879 
267.00000000 0.66456899 0.17168251 0.08242637 0.03837636 0.02710859 0.00617147 0.00966570 
268.00000000 0.66646470 0.16946493 0.08270672 0.03851746 0.02695630 0.00618686 0.00970304 
269.00000000 0.66833019 0.16727901 0.08298498 0.03865837 0.02680625 0.00620043 0.00974078 
270.00000000 0.67016220 0.16512769 0.08326136 0.03879905 0.02665860 0.00621224 0.00977887 
271.00000000 0.67195755 0.16301383 0.08353607 0.03893949 0.02651347 0.00622233 0.00981726 
272.00000000 0.67371316 0.16094019 0.08380930 0.03907965 0.02637101 0.00623078 0.00985591 
273.00000000 0.67542606 0.15890942 0.08408125 0.03921953 0.02623133 0.00623763 0.00989479 
274.00000000 0.67709340 0.15692407 0.08435211 0.03935908 0.02609454 0.00624296 0.00993383 
275.00000000 0.67871245 0.15498660 0.08462206 0.03949830 0.02596076 0.00624682 0.00997302 
276.00000000 0.68028056 0.15309933 0.08489129 0.03963714 0.02583007 0.00624930 0.01001229 
277.00000000 0.68179525 0.15126451 0.08515997 0.03977560 0.02570259 0.00625047 0.01005161 
278.00000000 0.68325414 0.14948425 0.08542827 0.03991363 0.02557839 0.00625038 0.01009094 
279.00000000 0.68465496 0.14776055 0.08569635 0.04005121 0.02545755 0.00624913 0.01013024 
280.00000000 0.68599560 0.14609529 0.08596437 0.04018833 0.02534016 0.00624678 0.01016947 
281.00000000 0.68727408 0.14449024 0.08623247 0.04032494 0.02522627 0.00624341 0.01020859 
282.00000000 0.68848852 0.14294705 0.08650078 0.04046102 0.02511596 0.00623908 0.01024758 
283.00000000 0.68963720 0.14146725 0.08676945 0.04059655 0.02500928 0.00623388 0.01028639 
284.00000000 0.69071854 0.14005222 0.08703860 0.04073149 0.02490629 0.00622787 0.01032499 
285.00000000 0.69173108 0.13870326 0.08730833 0.04086583 0.02480704 0.00622111 0.01036335 
286.00000000 0.69267351 0.13742152 0.08757876 0.04099952 0.02471156 0.00621369 0.01040145 
287.00000000 0.69354466 0.13620802 0.08784998 0.04113254 0.02461990 0.00620565 0.01043925 
288.00000000 0.69434349 0.13506367 0.08812208 0.04126486 0.02453210 0.00619707 0.01047672 
289.00000000 0.69506911 0.13398925 0.08839515 0.04139646 0.02444819 0.00618799 0.01051386 
290.00000000 0.69572075 0.13298542 0.08866925 0.04152730 0.02436818 0.00617848 0.01055062 
291.00000000 0.69629779 0.13205270 0.08894445 0.04165736 0.02429211 0.00616859 0.01058700 
292.00000000 0.69679977 0.13119150 0.08922080 0.04178660 0.02422000 0.00615836 0.01062297 
293.00000000 0.69722633 0.13040210 0.08949835 0.04191501 0.02415185 0.00614785 0.01065852 
294.00000000 0.69757726 0.12968464 0.08977714 0.04204256 0.02408769 0.00613708 0.01069363 
295.00000000 0.69785251 0.12903918 0.09005721 0.04216921 0.02402751 0.00612610 0.01072829 
296.00000000 0.69805212 0.12846561 0.09033857 0.04229494 0.02397132 0.00611494 0.01076249 
297.00000000 0.69817629 0.12796374 0.09062124 0.04241973 0.02391913 0.00610363 0.01079623 
298.00000000 0.69822535 0.12753323 0.09090524 0.04254356 0.02387094 0.00609219 0.01082949 
299.00000000 0.69819975 0.12717365 0.09119057 0.04266639 0.02382672 0.00608065 0.01086227 
300.00000000 0.69810006 0.12688443 0.09147722 0.04278821 0.02378649 0.00606902 0.01089457 
301.00000000 0.69792700 0.12666490 0.09176519 0.04290900 0.02375022 0.00605732 0.01092638 
302.00000000 0.69768137 0.12651429 0.09205446 0.04302873 0.02371790 0.00604555 0.01095771 
303.00000000 0.69736411 0.12643170 0.09234502 0.04314738 0.02368952 0.00603372 0.01098855 
304.00000000 0.69697629 0.12641613 0.09263684 0.04326495 0.02366504 0.00602183 0.01101892 
305.00000000 0.69651907 0.12646649 0.09292989 0.04338141 0.02364444 0.00600989 0.01104881 
306.00000000 0.69599371 0.12658157 0.09322415 0.04349674 0.02362771 0.00599789 0.01107824 
307.00000000 0.69540160 0.12676007 0.09351957 0.04361094 0.02361480 0.00598582 0.01110720 
308.00000000 0.69474422 0.12700061 0.09381612 0.04372398 0.02360568 0.00597367 0.01113571 
309.00000000 0.69402314 0.12730170 0.09411376 0.04383587 0.02360031 0.00596143 0.01116379 
310.00000000 0.69324002 0.12766177 0.09441244 0.04394659 0.02359865 0.00594909 0.01119143 
311.00000000 0.69239663 0.12807916 0.09471213 0.04405614 0.02360067 0.00593663 0.01121865 
312.00000000 0.69149481 0.12855213 0.09501276 0.04416450 0.02360630 0.00592403 0.01124547 
313.00000000 0.69053649 0.12907887 0.09531430 0.04427168 0.02361550 0.00591127 0.01127189 
314.00000000 0.68952365 0.12965749 0.09561670 0.04437768 0.02362822 0.00589833 0.01129794 
315.00000000 0.68845837 0.13028604 0.09591990 0.04448250 0.02364439 0.00588518 0.01132362 
316.00000000 0.68734280 0.13096249 0.09622386 0.04458613 0.02366396 0.00587182 0.01134896 
317.00000000 0.68617912 0.13168476 0.09652852 0.04468859 0.02368685 0.00585820 0.01137396 
318.00000000 0.68496960 0.13245071 0.09683384 0.04478987 0.02371301 0.00584431 0.01139864 
319.00000000 0.68371656 0.13325816 0.09713976 0.04489000 0.02374236 0.00583013 0.01142303 
320.00000000 0.68242235 0.13410485 0.09744625 0.04498898 0.02377483 0.00581563 0.01144713 
321.00000000 0.68108937 0.13498850 0.09775324 0.04508682 0.02381033 0.00580078 0.01147096 
322.00000000 0.67972008 0.13590679 0.09806070 0.04518354 0.02384879 0.00578556 0.01149454 
323.00000000 0.67831694 0.13685737 0.09836859 0.04527916 0.02389011 0.00576996 0.01151788 
324.00000000 0.67688247 0.13783784 0.09867685 0.04537370 0.02393421 0.00575395 0.01154100 
325.00000000 0.67541919 0.13884579 0.09898544 0.04546718 0.02398099 0.00573751 0.01156391 
326.00000000 0.67392966 0.13987878 0.09929433 0.04555962 0.02403036 0.00572062 0.01158662 
327.00000000 0.67241644 0.14093436 0.09960349 0.04565106 0.02408222 0.00570327 0.01160916 
328.00000000 0.67088211 0.14201007 0.09991286 0.04574152 0.02413647 0.00568544 0.01163153 
329.00000000 0.66932925 0.14310343 0.10022243 0.04583104 0.02419299 0.00566712 0.01165374 
330.00000000 0.66776044 0.14421197 0.10053215 0.04591964 0.02425168 0.00564830 0.01167581 
331.00000000 0.66617826 0.14533322 0.10084201 0.04600737 0.02431242 0.00562898 0.01169775 
332.00000000 0.66458527 0.14646471 0.10115196 0.04609426 0.02437510 0.00560913 0.01171957 
333.00000000 0.66298404 0.14760399 0.10146199 0.04618035 0.02443960 0.00558877 0.01174127 
334.00000000 0.66137709 0.14874861 0.10177208 0.04626568 0.02450579 0.00556789 0.01176286 
335.00000000 0.65976696 0.14989614 0.10208219 0.04635031 0.02457355 0.00554649 0.01178435 
336.00000000 0.65815612 0.15104420 0.10239232 0.04643427 0.02464275 0.00552458 0.01180576 
337.00000000 0.65654704 0.15219041 0.10270245 0.04651761 0.02471327 0.00550216 0.01182707 
338.00000000 0.65494215 0.15333242 0.10301255 0.04660039 0.02478496 0.00547924 0.01184829 
339.00000000 0.65334382 0.15446794 0.10332262 0.04668265 0.02485770 0.00545584 0.01186943 
340.00000000 0.65175441 0.15559470 0.10363264 0.04676445 0.02493134 0.00543197 0.01189049 
341.00000000 0.65017622 0.15671048 0.10394260 0.04684583 0.02500576 0.00540764 0.01191147 
342.00000000 0.64861149 0.15781310 0.10425249 0.04692687 0.02508081 0.00538288 0.01193236 
343.00000000 0.64706242 0.15890044 0.10456231 0.04700760 0.02515634 0.00535771 0.01195317 
344.00000000 0.64553116 0.15997042 0.10487205 0.04708810 0.02523222 0.00533216 0.01197389 
345.00000000 0.64401978 0.16102104 0.10518169 0.04716841 0.02530831 0.00530625 0.01199452 
346.00000000 0.64253031 0.16205034 0.10549124 0.04724860 0.02538445 0.00528001 0.01201506 
347.00000000 0.64106470 0.16305642 0.10580068 0.04732872 0.02546052 0.00525347 0.01203549 
348.00000000 0.63962483 0.16403746 0.10611002 0.04740884 0.02553636 0.00522667 0.01205581 
349.00000000 0.63821252 0.16499171 0.10641925 0.04748901 0.02561184 0.00519964 0.01207602 
350.00000000 0.63682952 0.16591748 0.10672837 0.04756929 0.02568680 0.00517243 0.01209610 
351.00000000 0.63547749 0.16681315 0.10703737 0.04764975 0.02576112 0.00514506 0.01211606 
352.00000000 0.63415803 0.16767718 0.10734625 0.04773043 0.02583465 0.00511759 0.01213586 
353.00000000 0.63287264 0.16850812 0.10765501 0.04781140 0.02590725 0.00509005 0.01215552 
354.00000000 0.63162276 0.16930459 0.10796364 0.04789271 0.02597879 0.00506249 0.01217502 
355.00000000 0.63040974 0.17006527 0.10827214 0.04797442 0.02604914 0.00503495 0.01219434 
356.00000000 0.62923484 0.17078896 0.10858051 0.04805658 0.02611815 0.00500748 0.01221348 
357.00000000 0.62809924 0.17147452 0.10888873 0.04813925 0.02618572 0.00498013 0.01223242 
358.00000000 0.62700404 0.17212089 0.10919681 0.04822247 0.02625170 0.00495293 0.01225115 
359.00000000 0.62595025 0.17272711 0.10950474 0.04830630 0.02631598 0.00492594 0.01226967 
360.00000000 0.62493879 0.17329230 0.10981251 0.04839078 0.02637845 0.00489921 0.01228796 
361.00000000 0.62397050 0.17381566 0.11012012 0.04847595 0.02643899 0.00487278 0.01230601 
362.00000000 0.62304611 0.17429649 0.11042756 0.04856186 0.02649748 0.00484670 0.01232380 
363.00000000 0.62216628 0.17473417 0.11073482 0.04864855 0.02655384 0.00482102 0.01234133 
364.00000000 0.62133159 0.17512816 0.11104189 0.04873605 0.02660795 0.00479578 0.01235859 
365.00000000 0.62054250 0.17547803 0.11134876 0.04882440 0.02665972 0.00477103 0.01237557 
366.00000000 0.61979942 0.17578340 0.11165543 0.04891363 0.02670906 0.00474681 0.01239225 
367.00000000 0.61910265 0.17604402 0.11196187 0.04900376 0.02675590 0.00472317 0.01240863 
368.00000000 0.61845240 0.17625968 0.11226809 0.04909482 0.02680015 0.00470015 0.01242470 
369.00000000 0.61784881 0.17643030 0.11257407 0.04918684 0.02684175 0.00467779 0.01244045 
370.00000000 0.61729192 0.17655584 0.11287978 0.04927982 0.02688062 0.00465614 0.01245588 
371.00000000 0.61678169 0.17663638 0.11318524 0.04937378 0.02691671 0.00463522 0.01247098 
372.00000000 0.61631800 0.17667206 0.11349041 0.04946874 0.02694996 0.00461508 0.01248574 
373.00000000 0.61590066 0.17666310 0.11379528 0.04956471 0.02698034 0.00459575 0.01250016 
374.00000000 0.61552936 0.17660981 0.11409984 0.04966167 0.02700780 0.00457727 0.01251424 
375.00000000 0.61520376 0.17651258 0.11440408 0.04975964 0.02703230 0.00455965 0.01252797 
376.00000000 0.61492342 0.17637184 0.11470798 0.04985862 0.02705383 0.00454294 0.01254136 
377.00000000 0.61468781 0.17618814 0.11501153 0.04995859 0.02707237 0.00452716 0.01255440 
378.00000000 0.61449636 0.17596208 0.11531471 0.05005954 0.02708789 0.00451233 0.01256709 
379.00000000 0.61434840 0.17569432 0.11561750 0.05016147 0.02710040 0.00449848 0.01257944 
380.00000000 0.61424321 0.17538560 0.11591990 0.05026435 0.02710989 0.00448561 0.01259144 
381.00000000 0.61417999 0.17503671 0.11622189 0.05036816 0.02711639 0.00447375 0.01260311 
382.00000000 0.61415788 0.17464853 0.11652345 0.05047289 0.02711989 0.00446292 0.01261445 
383.00000000 0.61417597 0.17422198 0.11682457 0.05057850 0.02712041 0.00445311 0.01262545 
384.00000000 0.61423327 0.17375802 0.11712524 0.05068497 0.02711800 0.00444435 0.01263614 
385.00000000 0.61432875 0.17325771 0.11742545 0.05079226 0.02711268 0.00443663 0.01264652 
386.00000000 0.61446131 0.17272212 0.11772519 0.05090035 0.02710448 0.00442996 0.01265659 
387.00000000 0.61462982 0.17215238 0.11802444 0.05100920 0.02709346 0.00442434 0.01266636 
388.00000000 0.61483307 0.17154968 0.11832321 0.05111876 0.02707967 0.00441976 0.01267586 
389.00000000 0.61506983 0.17091524 0.11862147 0.05122901 0.02706315 0.00441622 0.01268508 
390.00000000 0.61533883 0.17025033 0.11891922 0.05133989 0.02704398 0.00441372 0.01269404 
391.00000000 0.61563873 0.16955624 0.11921647 0.05145137 0.02702222 0.00441223 0.01270275 
392.00000000 0.61596818 0.16883432 0.11951319 0.05156339 0.02699794 0.00441175 0.01271123 
393.00000000 0.61632578 0.16808593 0.11980940 0.05167593 0.02697122 0.00441226 0.01271949 
394.00000000 0.61671012 0.16731247 0.12010509 0.05178892 0.02694213 0.00441374 0.01272754 
395.00000000 0.61711973 0.16651536 0.12040025 0.05190233 0.02691076 0.00441618 0.01273540 
396.00000000 0.61755313 0.16569606 0.12069489 0.05201610 0.02687720 0.00441954 0.01274308 
397.00000000 0.61800883 0.16485601 0.12098902 0.05213020 0.02684153 0.00442380 0.01275061 
398.00000000 0.61848530 0.16399672 0.12128263 0.05224457 0.02680386 0.00442894 0.01275799 
399.00000000 0.61898100 0.16311968 0.12157573 0.05235917 0.02676427 0.00443492 0.01276523 
400.00000000 0.61949437 0.16222638 0.12186833 0.05247394 0.02672287 0.00444172 0.01277237 
401.00000000 0.62002386 0.16131836 0.12216045 0.05258886 0.02667976 0.00444930 0.01277941 
402.00000000 0.62056790 0.16039714 0.12245208 0.05270387 0.02663504 0.00445762 0.01278637 
403.00000000 0.62112490 0.15946423 0.12274324 0.05281892 0.02658881 0.00446664 0.01279326 
404.00000000 0.62169329 0.15852117 0.12303394 0.05293399 0.02654118 0.00447634 0.01280009 
405.00000000 0.62227149 0.15756948 0.12332421 0.05304902 0.02649226 0.00448666 0.01280690 
406.00000000 0.62285792 0.15661067 0.12361404 0.05316398 0.02644215 0.00449757 0.01281368 
407.00000000 0.62345101 0.15564626 0.12390348 0.05327883 0.02639096 0.00450902 0.01282045 
408.00000000 0.62404921 0.15467773 0.12419252 0.05339354 0.02633879 0.00452097 0.01282723 
409.00000000 0.62465097 0.15370659 0.12448120 0.05350807 0.02628576 0.00453338 0.01283403 
410.00000000 0.62525475 0.15273430 0.12476953 0.05362239 0.02623197 0.00454619 0.01284086 
411.00000000 0.62585903 0.15176231 0.12505754 0.05373648 0.02617752 0.00455938 0.01284774 
412.00000000 0.62646231 0.15079206 0.12534524 0.05385031 0.02612253 0.00457288 0.01285467 
413.00000000 0.62706312 0.14982495 0.12563268 0.05396384 0.02606708 0.00458665 0.01286167 
414.00000000 0.62766000 0.14886238 0.12591986 0.05407707 0.02601130 0.00460064 0.01286875 
415.00000000 0.62825153 0.14790570 0.12620682 0.05418997 0.02595526 0.00461482 0.01287591 
416.00000000 0.62883629 0.14695624 0.12649358 0.05430252 0.02589908 0.00462912 0.01288316 
417.00000000 0.62941292 0.14601531 0.12678018 0.05441472 0.02584285 0.00464350 0.01289052 
418.00000000 0.62998009 0.14508417 0.12706664 0.05452654 0.02578666 0.00465793 0.01289798 
419.00000000 0.63053648 0.14416406 0.12735299 0.05463797 0.02573061 0.00467234 0.01290555 
420.00000000 0.63108083 0.14325619 0.12763926 0.05474902 0.02567477 0.00468669 0.01291325 
421.00000000 0.63161191 0.14236170 0.12792547 0.05485966 0.02561925 0.00470094 0.01292106 
422.00000000 0.63212852 0.14148174 0.12821167 0.05496991 0.02556412 0.00471505 0.01292900 
423.00000000 0.63262951 0.14061737 0.12849787 0.05507975 0.02550947 0.00472897 0.01293707 
424.00000000 0.63311377 0.13976966 0.12878411 0.05518918 0.02545536 0.00474265 0.01294527 
425.00000000 0.63358024 0.13893959 0.12907041 0.05529822 0.02540188 0.00475606 0.01295360 
426.00000000 0.63402789 0.13812812 0.12935682 0.05540686 0.02534910 0.00476916 0.01296205 
427.00000000 0.63445574 0.13733618 0.12964335 0.05551511 0.02529708 0.00478190 0.01297064 
428.00000000 0.63486288 0.13656462 0.12993003 0.05562297 0.02524589 0.00479425 0.01297935 
429.00000000 0.63524842 0.13581427 0.13021689 0.05573046 0.02519560 0.00480617 0.01298819 
430.00000000 0.63561152 0.13508591 0.13050397 0.05583758 0.02514625 0.00481763 0.01299715 
431.00000000 0.63595140 0.13438026 0.13079128 0.05594433 0.02509791 0.00482859 0.01300622 
432.00000000 0.63626734 0.13369800 0.13107886 0.05605075 0.02505062 0.00483902 0.01301542 
433.00000000 0.63655865 0.13303976 0.13136672 0.05615682 0.02500444 0.00484889 0.01302472 
434.00000000 0.63682470 0.13240612 0.13165489 0.05626257 0.02495942 0.00485817 0.01303412 
435.00000000 0.63706492 0.13179762 0.13194341 0.05636802 0.02491558 0.00486684 0.01304362 
436.00000000 0.63727877 0.13121473 0.13223228 0.05647316 0.02487297 0.00487487 0.01305322 
437.00000000 0.63746579 0.13065790 0.13252153 0.05657802 0.02483164 0.00488223 0.01306290 
438.00000000 0.63762555 0.13012750 0.13281118 0.05668260 0.02479160 0.00488891 0.01307266 
439.00000000 0.63775769 0.12962387 0.13310125 0.05678693 0.02475290 0.00489488 0.01308249 
