0.00000000 0.00000000 -0.00000000 -0.00000000 -0.00000000 -0.00000000 1.00000000 -0.00000000 
1.00000000 0.00000666 0.00000494 0.00000327 0.00001027 0.00023332 0.99968563 0.00005591 
2.00000000 0.00002660 0.00001975 0.00001308 0.00004120 0.00093249 0.99874350 0.00022338 
3.00000000 0.00005976 0.00004442 0.00002941 0.00009319 0.00209493 0.99717666 0.00050165 
4.00000000 0.00010598 0.00007889 0.00005224 0.00016689 0.00371641 0.99499016 0.00088943 
5.00000000 0.00016507 0.00012311 0.00008155 0.00026321 0.00579108 0.99219100 0.00138497 
6.00000000 0.00023679 0.00017702 0.00011730 0.00038330 0.00831150 0.98878806 0.00198603 
7.00000000 0.00032085 0.00024053 0.00015946 0.00052853 0.01126875 0.98479195 0.00268993 
8.00000000 0.00041691 0.00031355 0.00020797 0.00070051 0.01465252 0.98021496 0.00349358 
9.00000000 0.00052458 0.00039597 0.00026280 0.00090105 0.01845115 0.97507097 0.00439348 
10.00000000 0.00064345 0.00048767 0.00032388 0.00113216 0.02265176 0.96937526 0.00538581 
11.00000000 0.00077305 0.00058853 0.00039117 0.00139601 0.02724033 0.96314450 0.00646639 
12.00000000 0.00091289 0.00069843 0.00046462 0.00169494 0.03220178 0.95639658 0.00763077 
13.00000000 0.00106244 0.00081722 0.00054415 0.00203140 0.03752005 0.94915054 0.00887420 
14.00000000 0.00122114 0.00094476 0.00062971 0.00240799 0.04317821 0.94142646 0.01019174 
15.00000000 0.00138841 0.00108091 0.00072123 0.00282737 0.04915850 0.93324537 0.01157822 
16.00000000 0.00156364 0.00122551 0.00081864 0.00329228 0.05544249 0.92462912 0.01302831 
17.00000000 0.00174622 0.00137843 0.00092187 0.00380550 0.06201109 0.91560034 0.01453656 
18.00000000 0.00193549 0.00153949 0.00103083 0.00436983 0.06884472 0.90618224 0.01609739 
19.00000000 0.00213080 0.00170856 0.00114546 0.00498805 0.07592335 0.89639859 0.01770519 
20.00000000 0.00233150 0.00188547 0.00126566 0.00566293 0.08322661 0.88627354 0.01935429 
21.00000000 0.00253690 0.00207008 0.00139135 0.00639717 0.09073390 0.87583157 0.02103904 
22.00000000 0.00274634 0.00226222 0.00152243 0.00719338 0.09842448 0.86509733 0.02275382 
23.00000000 0.00295913 0.00246174 0.00165882 0.00805408 0.10627754 0.85409560 0.02449308 
24.00000000 0.00317462 0.00266849 0.00180042 0.00898165 0.11427231 0.84285115 0.02625135 
25.00000000 0.00339214 0.00288232 0.00194714 0.00997832 0.12238812 0.83138866 0.02802331 
26.00000000 0.00361103 0.00310308 0.00209886 0.01104614 0.13060444 0.81973270 0.02980375 
27.00000000 0.00383064 0.00333061 0.00225549 0.01218700 0.13890103 0.80790759 0.03158764 
28.00000000 0.00405036 0.00356475 0.00241691 0.01340254 0.14725792 0.79593736 0.03337014 
29.00000000 0.00426957 0.00380537 0.00258301 0.01469420 0.15565551 0.78384572 0.03514662 
30.00000000 0.00448767 0.00405230 0.00275367 0.01606316 0.16407460 0.77165594 0.03691265 
31.00000000 0.00470410 0.00430540 0.00292876 0.01751036 0.17249649 0.75939085 0.03866404 
32.00000000 0.00491829 0.00456449 0.00310817 0.01903645 0.18090300 0.74707272 0.04039687 
33.00000000 0.00512974 0.00482943 0.00329177 0.02064182 0.18927653 0.73472325 0.04210746 
34.00000000 0.00533794 0.00510004 0.00347942 0.02232656 0.19760010 0.72236350 0.04379243 
35.00000000 0.00554243 0.00537617 0.00367100 0.02409047 0.20585745 0.71001382 0.04544867 
36.00000000 0.00574277 0.00565763 0.00386637 0.02593305 0.21403299 0.69769382 0.04707336 
37.00000000 0.00593856 0.00594425 0.00406542 0.02785350 0.22211194 0.68542233 0.04866400 
38.00000000 0.00612945 0.00623583 0.00426801 0.02985072 0.23008025 0.67321737 0.05021837 
39.00000000 0.00631509 0.00653219 0.00447402 0.03192330 0.23792472 0.66109612 0.05173456 
40.00000000 0.00649521 0.00683313 0.00468335 0.03406954 0.24563291 0.64907494 0.05321093 
41.00000000 0.00666953 0.00713842 0.00489586 0.03628747 0.25319323 0.63716932 0.05464617 
42.00000000 0.00683784 0.00744785 0.00511147 0.03857481 0.26059488 0.62539392 0.05603923 
43.00000000 0.00699997 0.00776118 0.00533007 0.04092901 0.26782787 0.61376258 0.05738932 
44.00000000 0.00715577 0.00807818 0.00555157 0.04334727 0.27488302 0.60228828 0.05869592 
45.00000000 0.00730512 0.00839858 0.00577588 0.04582653 0.28175192 0.59098319 0.05995877 
46.00000000 0.00744797 0.00872213 0.00600293 0.04836349 0.28842695 0.57985867 0.06117785 
47.00000000 0.00758427 0.00904855 0.00623265 0.05095465 0.29490128 0.56892525 0.06235335 
48.00000000 0.00771404 0.00937756 0.00646498 0.05359626 0.30116884 0.55819262 0.06348570 
49.00000000 0.00783730 0.00970884 0.00669989 0.05628443 0.30722432 0.54766967 0.06457553 
50.00000000 0.00795415 0.01004211 0.00693734 0.05901508 0.31306319 0.53736445 0.06562367 
51.00000000 0.00806469 0.01037704 0.00717731 0.06178398 0.31868166 0.52728419 0.06663112 
52.00000000 0.00816906 0.01071331 0.00741981 0.06458679 0.32407666 0.51743531 0.06759907 
53.00000000 0.00826745 0.01105058 0.00766485 0.06741903 0.32924585 0.50782341 0.06852884 
54.00000000 0.00836006 0.01138850 0.00791245 0.07027617 0.33418758 0.49845332 0.06942192 
55.00000000 0.00844715 0.01172673 0.00816266 0.07315360 0.33890084 0.48932912 0.07027990 
56.00000000 0.00852897 0.01206492 0.00841554 0.07604667 0.34338525 0.48045416 0.07110448 
57.00000000 0.00860583 0.01240268 0.00867117 0.07895071 0.34764103 0.47183112 0.07189745 
58.00000000 0.00867805 0.01273967 0.00892964 0.08186102 0.35166891 0.46346203 0.07266067 
59.00000000 0.00874598 0.01307551 0.00919105 0.08477296 0.35547015 0.45534829 0.07339606 
60.00000000 0.00880997 0.01340982 0.00945553 0.08768190 0.35904646 0.44749076 0.07410555 
61.00000000 0.00887041 0.01374224 0.00972322 0.09058327 0.36240001 0.43988972 0.07479113 
62.00000000 0.00892770 0.01407238 0.00999425 0.09347258 0.36553334 0.43254496 0.07545479 
63.00000000 0.00898225 0.01439989 0.01026881 0.09634542 0.36844941 0.42545573 0.07609850 
64.00000000 0.00903449 0.01472438 0.01054707 0.09919750 0.37115150 0.41862083 0.07672423 
65.00000000 0.00908485 0.01504550 0.01082921 0.10202468 0.37364326 0.41203858 0.07733393 
66.00000000 0.00913378 0.01536288 0.01111544 0.10482292 0.37592863 0.40570683 0.07792952 
67.00000000 0.00918173 0.01567619 0.01140598 0.10758838 0.37801185 0.39962300 0.07851287 
68.00000000 0.00922916 0.01598507 0.01170105 0.11031739 0.37989743 0.39378411 0.07908580 
69.00000000 0.00927653 0.01628919 0.01200088 0.11300643 0.38159013 0.38818677 0.07965007 
70.00000000 0.00932429 0.01658823 0.01230572 0.11565223 0.38309492 0.38282722 0.08020740 
71.00000000 0.00937291 0.01688189 0.01261581 0.11825167 0.38441695 0.37770138 0.08075938 
72.00000000 0.00942284 0.01716986 0.01293142 0.12080188 0.38556153 0.37280488 0.08130758 
73.00000000 0.00947453 0.01745186 0.01325280 0.12330020 0.38653409 0.36813309 0.08185345 
74.00000000 0.00952841 0.01772762 0.01358022 0.12574415 0.38734014 0.36368113 0.08239833 
75.00000000 0.00958492 0.01799690 0.01391396 0.12813152 0.38798525 0.35944395 0.08294351 
76.00000000 0.00964447 0.01825946 0.01425427 0.13046029 0.38847505 0.35541632 0.08349015 
77.00000000 0.00970746 0.01851508 0.01460142 0.13272867 0.38881518 0.35159289 0.08403930 
78.00000000 0.00977429 0.01876356 0.01495570 0.13493510 0.38901128 0.34796814 0.08459193 
79.00000000 0.00984533 0.01900473 0.01531737 0.13707824 0.38906900 0.34453646 0.08514888 
80.00000000 0.00992092 0.01923842 0.01568669 0.13915697 0.38899395 0.34129214 0.08571092 
81.00000000 0.01000140 0.01946449 0.01606393 0.14117039 0.38879176 0.33822935 0.08627869 
82.00000000 0.01008710 0.01968282 0.01644934 0.14311782 0.38846798 0.33534219 0.08685274 
83.00000000 0.01017829 0.01989331 0.01684319 0.14499881 0.38802817 0.33262469 0.08743353 
84.00000000 0.01027527 0.02009589 0.01724571 0.14681310 0.38747782 0.33007080 0.08802142 
85.00000000 0.01037827 0.02029049 0.01765714 0.14856064 0.38682237 0.32767443 0.08861666 
86.00000000 0.01048752 0.02047707 0.01807773 0.15024157 0.38606719 0.32542946 0.08921945 
87.00000000 0.01060324 0.02065561 0.01850769 0.15185624 0.38521757 0.32332977 0.08982987 
88.00000000 0.01072560 0.02082613 0.01894723 0.15340514 0.38427871 0.32136924 0.09044795 
89.00000000 0.01085475 0.02098863 0.01939656 0.15488894 0.38325571 0.31954179 0.09107361 
90.00000000 0.01099083 0.02114317 0.01985587 0.15630846 0.38215355 0.31784139 0.09170673 
91.00000000 0.01113393 0.02128979 0.02032533 0.15766466 0.38097709 0.31626207 0.09234712 
92.00000000 0.01128415 0.02142860 0.02080512 0.15895863 0.37973108 0.31479793 0.09299450 
93.00000000 0.01144152 0.02155967 0.02129539 0.16019157 0.37842012 0.31344317 0.09364856 
94.00000000 0.01160608 0.02168313 0.02179629 0.16136479 0.37704871 0.31219207 0.09430894 
95.00000000 0.01177783 0.02179911 0.02230793 0.16247970 0.37562123 0.31103899 0.09497521 
96.00000000 0.01195675 0.02190777 0.02283045 0.16353782 0.37414191 0.30997839 0.09564692 
97.00000000 0.01214280 0.02200926 0.02336394 0.16454072 0.37261490 0.30900481 0.09632357 
98.00000000 0.01233590 0.02210378 0.02390850 0.16549007 0.37104421 0.30811291 0.09700463 
99.00000000 0.01253598 0.02219151 0.02446420 0.16638760 0.36943375 0.30729740 0.09768955 
100.00000000 0.01274291 0.02227267 0.02503112 0.16723509 0.36778732 0.30655313 0.09837776 
101.00000000 0.01295658 0.02234748 0.02560929 0.16803438 0.36610859 0.30587502 0.09906866 
102.00000000 0.01317683 0.02241617 0.02619876 0.16878734 0.36440112 0.30525812 0.09976165 
103.00000000 0.01340349 0.02247899 0.02679956 0.16949588 0.36266837 0.30469760 0.10045611 
104.00000000 0.01363637 0.02253620 0.02741168 0.17016190 0.36091365 0.30418876 0.10115145 
105.00000000 0.01387527 0.02258806 0.02803513 0.17078732 0.35914016 0.30372701 0.10184704 
106.00000000 0.01411997 0.02263485 0.02866988 0.17137407 0.35735099 0.30330794 0.10254230 
107.00000000 0.01437024 0.02267685 0.02931591 0.17192405 0.35554909 0.30292724 0.10323662 
108.00000000 0.01462582 0.02271435 0.02997316 0.17243915 0.35373730 0.30258078 0.10392943 
109.00000000 0.01488645 0.02274765 0.03064159 0.17292123 0.35191836 0.30226456 0.10462016 
110.00000000 0.01515186 0.02277703 0.03132111 0.17337211 0.35009489 0.30197472 0.10530827 
111.00000000 0.01542177 0.02280282 0.03201166 0.17379360 0.34826939 0.30170754 0.10599322 
112.00000000 0.01569587 0.02282532 0.03271313 0.17418746 0.34644427 0.30145944 0.10667451 
113.00000000 0.01597387 0.02284483 0.03342543 0.17455540 0.34462186 0.30122696 0.10735165 
114.00000000 0.01625546 0.02286168 0.03414844 0.17489911 0.34280435 0.30100679 0.10802418 
115.00000000 0.01654033 0.02287616 0.03488204 0.17522023 0.34099386 0.30079573 0.10869165 
116.00000000 0.01682817 0.02288860 0.03562610 0.17552035 0.33919240 0.30059072 0.10935366 
117.00000000 0.01711864 0.02289931 0.03638048 0.17580102 0.33740191 0.30038883 0.11000981 
118.00000000 0.01741144 0.02290859 0.03714504 0.17606373 0.33562419 0.30018726 0.11065977 
119.00000000 0.01770623 0.02291676 0.03791961 0.17630992 0.33386097 0.29998333 0.11130319 
120.00000000 0.01800270 0.02292411 0.03870403 0.17654097 0.33211387 0.29977452 0.11193979 
121.00000000 0.01830053 0.02293096 0.03949812 0.17675822 0.33038444 0.29955843 0.11256930 
122.00000000 0.01859940 0.02293758 0.04030170 0.17696291 0.32867410 0.29933281 0.11319150 
123.00000000 0.01889899 0.02294429 0.04111458 0.17715626 0.32698420 0.29909552 0.11380618 
124.00000000 0.01919899 0.02295134 0.04193655 0.17733939 0.32531599 0.29884457 0.11441317 
125.00000000 0.01949909 0.02295904 0.04276743 0.17751337 0.32367066 0.29857810 0.11501232 
126.00000000 0.01979900 0.02296764 0.04360698 0.17767922 0.32204927 0.29829437 0.11560352 
127.00000000 0.02009842 0.02297741 0.04445500 0.17783788 0.32045284 0.29799178 0.11618667 
128.00000000 0.02039705 0.02298859 0.04531128 0.17799025 0.31888229 0.29766882 0.11676171 
129.00000000 0.02069464 0.02300145 0.04617559 0.17813717 0.31733846 0.29732411 0.11732859 
130.00000000 0.02099089 0.02301620 0.04704770 0.17827944 0.31582210 0.29695640 0.11788727 
131.00000000 0.02128556 0.02303308 0.04792739 0.17841777 0.31433391 0.29656453 0.11843776 
132.00000000 0.02157840 0.02305229 0.04881445 0.17855288 0.31287449 0.29614744 0.11898006 
133.00000000 0.02186916 0.02307405 0.04970863 0.17868539 0.31144435 0.29570421 0.11951420 
134.00000000 0.02215763 0.02309855 0.05060971 0.17881591 0.31004397 0.29523400 0.12004024 
135.00000000 0.02244357 0.02312596 0.05151746 0.17894498 0.30867370 0.29473609 0.12055824 
136.00000000 0.02272680 0.02315646 0.05243164 0.17907312 0.30733385 0.29420985 0.12106828 
137.00000000 0.02300712 0.02319021 0.05335203 0.17920078 0.30602465 0.29365476 0.12157046 
138.00000000 0.02328435 0.02322734 0.05427838 0.17932839 0.30474626 0.29307040 0.12206488 
139.00000000 0.02355832 0.02326800 0.05521045 0.17945632 0.30349879 0.29245644 0.12255168 
140.00000000 0.02382889 0.02331231 0.05614801 0.17958492 0.30228226 0.29181264 0.12303097 
141.00000000 0.02409590 0.02336036 0.05709082 0.17971450 0.30109666 0.29113886 0.12350290 
142.00000000 0.02435924 0.02341226 0.05803863 0.17984533 0.29994189 0.29043505 0.12396761 
143.00000000 0.02461878 0.02346808 0.05899121 0.17997765 0.29881782 0.28970122 0.12442524 
144.00000000 0.02487443 0.02352790 0.05994833 0.18011167 0.29772424 0.28893747 0.12487596 
145.00000000 0.02512609 0.02359177 0.06090974 0.18024757 0.29666092 0.28814399 0.12531991 
146.00000000 0.02537368 0.02365974 0.06187523 0.18038552 0.29562754 0.28732104 0.12575725 
147.00000000 0.02561715 0.02373184 0.06284458 0.18052565 0.29462375 0.28646891 0.12618812 
148.00000000 0.02585645 0.02380808 0.06381755 0.18066808 0.29364914 0.28558802 0.12661269 
149.00000000 0.02609152 0.02388847 0.06479394 0.18081289 0.29270327 0.28467880 0.12703111 
150.00000000 0.02632236 0.02397301 0.06577353 0.18096017 0.29178564 0.28374176 0.12744353 
151.00000000 0.02654894 0.02406168 0.06675613 0.18110997 0.29089572 0.28277747 0.12785010 
152.00000000 0.02677126 0.02415445 0.06774148 0.18126235 0.29003293 0.28178653 0.12825099 
153.00000000 0.02698935 0.02425128 0.06872934 0.18141738 0.28919666 0.28076959 0.12864641 
154.00000000 0.02720322 0.02435212 0.06971944 0.18157510 0.28838629 0.27972731 0.12903653 
155.00000000 0.02741293 0.02445691 0.07071154 0.18173555 0.28760113 0.27866043 0.12942152 
156.00000000 0.02761851 0.02456558 0.07170541 0.18189876 0.28684050 0.27756970 0.12980154 
157.00000000 0.02782002 0.02467804 0.07270081 0.18206476 0.28610369 0.27645593 0.13017674 
158.00000000 0.02801754 0.02479421 0.07369753 0.18223355 0.28538996 0.27531995 0.13054727 
159.00000000 0.02821113 0.02491398 0.07469535 0.18240514 0.28469854 0.27416262 0.13091325 
160.00000000 0.02840089 0.02503724 0.07569407 0.18257951 0.28402866 0.27298483 0.13127480 
161.00000000 0.02858690 0.02516389 0.07669349 0.18275666 0.28337954 0.27178750 0.13163202 
162.00000000 0.02876927 0.02529378 0.07769342 0.18293658 0.28275035 0.27057157 0.13198503 
163.00000000 0.02894810 0.02542681 0.07869368 0.18311922 0.28214029 0.26933800 0.13233390 
164.00000000 0.02912350 0.02556282 0.07969409 0.18330457 0.28154853 0.26808777 0.13267873 
165.00000000 0.02929559 0.02570167 0.08069449 0.18349259 0.28097424 0.26682187 0.13301957 
166.00000000 0.02946450 0.02584321 0.08169471 0.18368323 0.28041656 0.26554129 0.13335649 
167.00000000 0.02963035 0.02598730 0.08269461 0.18387645 0.27987467 0.26424707 0.13368956 
168.00000000 0.02979327 0.02613376 0.08369404 0.18407220 0.27934770 0.26294021 0.13401881 
169.00000000 0.02995340 0.02628245 0.08469286 0.18427043 0.27883483 0.26162174 0.13434430 
170.00000000 0.03011088 0.02643319 0.08569093 0.18447108 0.27833520 0.26029268 0.13466604 
171.00000000 0.03026585 0.02658582 0.08668813 0.18467407 0.27784797 0.25895407 0.13498408 
172.00000000 0.03041844 0.02674017 0.08768435 0.18487936 0.27737232 0.25760692 0.13529844 
173.00000000 0.03056881 0.02689606 0.08867946 0.18508687 0.27690741 0.25625226 0.13560913 
174.00000000 0.03071710 0.02705333 0.08967336 0.18529653 0.27645244 0.25489109 0.13591617 
175.00000000 0.03086345 0.02721179 0.09066594 0.18550825 0.27600658 0.25352442 0.13621956 
176.00000000 0.03100801 0.02737129 0.09165711 0.18572197 0.27556906 0.25215324 0.13651932 
177.00000000 0.03115093 0.02753164 0.09264677 0.18593761 0.27513908 0.25077853 0.13681545 
178.00000000 0.03129234 0.02769267 0.09363484 0.18615507 0.27471589 0.24940125 0.13710794 
179.00000000 0.03143240 0.02785422 0.09462123 0.18637427 0.27429873 0.24802235 0.13739679 
180.00000000 0.03157124 0.02801611 0.09560586 0.18659513 0.27388688 0.24664276 0.13768201 
181.00000000 0.03170901 0.02817819 0.09658866 0.18681756 0.27347961 0.24526339 0.13796359 
182.00000000 0.03184583 0.02834028 0.09756956 0.18704145 0.27307624 0.24388513 0.13824151 
183.00000000 0.03198186 0.02850223 0.09854849 0.18726672 0.27267609 0.24250883 0.13851577 
184.00000000 0.03211721 0.02866388 0.09952539 0.18749328 0.27227851 0.24113536 0.13878637 
185.00000000 0.03225201 0.02882508 0.10050020 0.18772102 0.27188287 0.23976552 0.13905330 
186.00000000 0.03238640 0.02898568 0.10147286 0.18794984 0.27148857 0.23840010 0.13931655 
187.00000000 0.03252049 0.02914553 0.10244332 0.18817966 0.27109500 0.23703988 0.13957612 
188.00000000 0.03265441 0.02930451 0.10341152 0.18841036 0.27070163 0.23568558 0.13983199 
189.00000000 0.03278826 0.02946247 0.10437742 0.18864185 0.27030791 0.23433792 0.14008417 
190.00000000 0.03292215 0.02961929 0.10534098 0.18887402 0.26991333 0.23299758 0.14033265 
191.00000000 0.03305620 0.02977483 0.10630214 0.18910679 0.26951740 0.23166522 0.14057742 
192.00000000 0.03319050 0.02992900 0.10726087 0.18934003 0.26911966 0.23034144 0.14081850 
193.00000000 0.03332514 0.03008167 0.10821713 0.18957367 0.26871968 0.22902684 0.14105588 
194.00000000 0.03346022 0.03023273 0.10917089 0.18980758 0.26831704 0.22772199 0.14128955 
195.00000000 0.03359582 0.03038210 0.11012210 0.19004168 0.26791136 0.22642740 0.14151954 
196.00000000 0.03373203 0.03052967 0.11107073 0.19027587 0.26750228 0.22514358 0.14174584 
197.00000000 0.03386892 0.03067535 0.11201675 0.19051005 0.26708946 0.22387100 0.14196847 
198.00000000 0.03400656 0.03081908 0.11296014 0.19074411 0.26667260 0.22261009 0.14218743 
199.00000000 0.03414501 0.03096076 0.11390085 0.19097798 0.26625140 0.22136125 0.14240274 
200.00000000 0.03428435 0.03110034 0.11483887 0.19121155 0.26582561 0.22012486 0.14261442 
201.00000000 0.03442462 0.03123775 0.11577417 0.19144474 0.26539498 0.21890127 0.14282247 
202.00000000 0.03456587 0.03137294 0.11670672 0.19167745 0.26495931 0.21769079 0.14302693 
203.00000000 0.03470816 0.03150585 0.11763650 0.19190959 0.26451840 0.21649370 0.14322781 
204.00000000 0.03485151 0.03163645 0.11856348 0.19214110 0.26407208 0.21531025 0.14342513 
205.00000000 0.03499597 0.03176469 0.11948764 0.19237187 0.26362022 0.21414068 0.14361893 
206.00000000 0.03514158 0.03189054 0.12040897 0.19260184 0.26316268 0.21298518 0.14380922 
207.00000000 0.03528834 0.03201398 0.12132743 0.19283092 0.26269936 0.21184392 0.14399605 
208.00000000 0.03543630 0.03213498 0.12224302 0.19305905 0.26223018 0.21071704 0.14417942 
209.00000000 0.03558546 0.03225354 0.12315571 0.19328615 0.26175507 0.20960467 0.14435939 
210.00000000 0.03573583 0.03236964 0.12406549 0.19351216 0.26127400 0.20850688 0.14453599 
211.00000000 0.03588743 0.03248328 0.12497233 0.19373702 0.26078694 0.20742376 0.14470924 
212.00000000 0.03604027 0.03259447 0.12587623 0.19396065 0.26029387 0.20635533 0.14487919 
213.00000000 0.03619433 0.03270319 0.12677716 0.19418302 0.25979481 0.20530163 0.14504586 
214.00000000 0.03634962 0.03280948 0.12767512 0.19440405 0.25928978 0.20426264 0.14520931 
215.00000000 0.03650613 0.03291333 0.12857008 0.19462371 0.25877883 0.20323834 0.14536957 
216.00000000 0.03666385 0.03301478 0.12946204 0.19484195 0.25826201 0.20222868 0.14552668 
217.00000000 0.03682277 0.03311384 0.13035099 0.19505873 0.25773939 0.20123360 0.14568068 
218.00000000 0.03698286 0.03321055 0.13123690 0.19527400 0.25721105 0.20025302 0.14583161 
219.00000000 0.03714412 0.03330493 0.13211978 0.19548773 0.25667710 0.19928682 0.14597951 
220.00000000 0.03730651 0.03339702 0.13299961 0.19569990 0.25613763 0.19833490 0.14612444 
221.00000000 0.03747001 0.03348685 0.13387638 0.19591046 0.25559277 0.19739711 0.14626641 
222.00000000 0.03763458 0.03357447 0.13475008 0.19611941 0.25504265 0.19647331 0.14640549 
223.00000000 0.03780021 0.03365992 0.13562071 0.19632671 0.25448741 0.19556332 0.14654172 
224.00000000 0.03796686 0.03374325 0.13648825 0.19653235 0.25392719 0.19466696 0.14667513 
225.00000000 0.03813448 0.03382451 0.13735271 0.19673632 0.25336216 0.19378405 0.14680576 
226.00000000 0.03830305 0.03390374 0.13821407 0.19693861 0.25279247 0.19291439 0.14693367 
227.00000000 0.03847252 0.03398101 0.13907234 0.19713920 0.25221830 0.19205774 0.14705890 
228.00000000 0.03864285 0.03405636 0.13992750 0.19733810 0.25163982 0.19121389 0.14718147 
229.00000000 0.03881400 0.03412985 0.14077956 0.19753530 0.25105723 0.19038261 0.14730145 
230.00000000 0.03898593 0.03420154 0.14162851 0.19773081 0.25047070 0.18956366 0.14741886 
231.00000000 0.03915859 0.03427149 0.14247435 0.19792462 0.24988043 0.18875677 0.14753375 
232.00000000 0.03933194 0.03433976 0.14331708 0.19811676 0.24928661 0.18796170 0.14764616 
233.00000000 0.03950592 0.03440641 0.14415670 0.19830723 0.24868945 0.18717818 0.14775612 
234.00000000 0.03968050 0.03447150 0.14499320 0.19849603 0.24808915 0.18640594 0.14786368 
235.00000000 0.03985561 0.03453510 0.14582660 0.19868320 0.24748591 0.18564471 0.14796887 
236.00000000 0.04003123 0.03459727 0.14665689 0.19886874 0.24687993 0.18489422 0.14807173 
237.00000000 0.04020728 0.03465807 0.14748407 0.19905267 0.24627143 0.18415418 0.14817230 
238.00000000 0.04038374 0.03471756 0.14830815 0.19923502 0.24566061 0.18342431 0.14827061 
239.00000000 0.04056054 0.03477581 0.14912913 0.19941581 0.24504768 0.18270433 0.14836669 
240.00000000 0.04073763 0.03483288 0.14994702 0.19959507 0.24443285 0.18199396 0.14846059 
241.00000000 0.04091498 0.03488883 0.15076181 0.19977282 0.24381632 0.18129290 0.14855233 
242.00000000 0.04109252 0.03494373 0.15157353 0.19994909 0.24319830 0.18060088 0.14864195 
243.00000000 0.04127022 0.03499763 0.15238217 0.20012392 0.24257899 0.17991760 0.14872948 
244.00000000 0.04144801 0.03505061 0.15318773 0.20029732 0.24195860 0.17924279 0.14881494 
245.00000000 0.04162586 0.03510270 0.15399024 0.20046935 0.24133732 0.17857615 0.14889838 
246.00000000 0.04180372 0.03515399 0.15478969 0.20064002 0.24071535 0.17791742 0.14897981 
247.00000000 0.04198154 0.03520452 0.15558610 0.20080938 0.24009288 0.17726632 0.14905927 
248.00000000 0.04215927 0.03525435 0.15637946 0.20097745 0.23947012 0.17662256 0.14913678 
249.00000000 0.04233687 0.03530354 0.15716981 0.20114428 0.23884724 0.17598589 0.14921238 
250.00000000 0.04251430 0.03535214 0.15795713 0.20130989 0.23822443 0.17535602 0.14928608 
251.00000000 0.04269152 0.03540021 0.15874145 0.20147433 0.23760187 0.17473271 0.14935791 
252.00000000 0.04286847 0.03544780 0.15952277 0.20163764 0.23697974 0.17411568 0.14942791 
253.00000000 0.04304512 0.03549495 0.16030111 0.20179984 0.23635821 0.17350469 0.14949609 
254.00000000 0.04322144 0.03554173 0.16107647 0.20196097 0.23573744 0.17289948 0.14956247 
255.00000000 0.04339738 0.03558817 0.16184888 0.20212108 0.23511760 0.17229982 0.14962708 
256.00000000 0.04357290 0.03563432 0.16261833 0.20228019 0.23449885 0.17170546 0.14968994 
257.00000000 0.04374797 0.03568023 0.16338485 0.20243834 0.23388135 0.17111618 0.14975108 
258.00000000 0.04392256 0.03572594 0.16414845 0.20259558 0.23326523 0.17053174 0.14981051 
259.00000000 0.04409663 0.03577149 0.16490913 0.20275192 0.23265065 0.16995192 0.14986826 
260.00000000 0.04427014 0.03581692 0.16566692 0.20290741 0.23203774 0.16937652 0.14992434 
261.00000000 0.04444308 0.03586227 0.16642182 0.20306208 0.23142664 0.16880532 0.14997878 
262.00000000 0.04461540 0.03590758 0.16717386 0.20321596 0.23081748 0.16823812 0.15003160 
263.00000000 0.04478709 0.03595288 0.16792304 0.20336909 0.23021037 0.16767473 0.15008281 
264.00000000 0.04495811 0.03599820 0.16866937 0.20352149 0.22960544 0.16711496 0.15013243 
265.00000000 0.04512845 0.03604357 0.16941288 0.20367320 0.22900279 0.16655863 0.15018048 
266.00000000 0.04529807 0.03608903 0.17015358 0.20382424 0.22840254 0.16600556 0.15022699 
267.00000000 0.04546695 0.03613460 0.17089147 0.20397464 0.22780479 0.16545559 0.15027196 
268.00000000 0.04563508 0.03618031 0.17162658 0.20412443 0.22720963 0.16490856 0.15031541 
269.00000000 0.04580244 0.03622617 0.17235892 0.20427363 0.22661715 0.16436431 0.15035737 
270.00000000 0.04596900 0.03627223 0.17308850 0.20442228 0.22602744 0.16382271 0.15039785 
271.00000000 0.04613476 0.03631848 0.17381534 0.20457038 0.22544057 0.16328359 0.15043686 
272.00000000 0.04629969 0.03636497 0.17453946 0.20471797 0.22485664 0.16274685 0.15047443 
273.00000000 0.04646378 0.03641169 0.17526086 0.20486507 0.22427570 0.16221234 0.15051056 
274.00000000 0.04662703 0.03645868 0.17597956 0.20501169 0.22369782 0.16167996 0.15054528 
275.00000000 0.04678942 0.03650593 0.17669557 0.20515786 0.22312305 0.16114958 0.15057859 
276.00000000 0.04695094 0.03655348 0.17740892 0.20530358 0.22255147 0.16062110 0.15061052 
277.00000000 0.04711158 0.03660132 0.17811960 0.20544888 0.22198311 0.16009443 0.15064109 
278.00000000 0.04727134 0.03664946 0.17882765 0.20559377 0.22141802 0.15956946 0.15067030 
279.00000000 0.04743021 0.03669793 0.17953307 0.20573827 0.22085624 0.15904612 0.15069817 
280.00000000 0.04758819 0.03674671 0.18023587 0.20588238 0.22029781 0.15852432 0.15072472 
281.00000000 0.04774527 0.03679583 0.18093607 0.20602612 0.21974276 0.15800399 0.15074996 
282.00000000 0.04790145 0.03684528 0.18163368 0.20616950 0.21919112 0.15748506 0.15077390 
283.00000000 0.04805674 0.03689507 0.18232872 0.20631252 0.21864291 0.15696746 0.15079657 
284.00000000 0.04821113 0.03694519 0.18302121 0.20645519 0.21809816 0.15645115 0.15081798 
285.00000000 0.04836462 0.03699565 0.18371114 0.20659753 0.21755687 0.15593606 0.15083813 
286.00000000 0.04851723 0.03704645 0.18439854 0.20673952 0.21701905 0.15542216 0.15085705 
287.00000000 0.04866894 0.03709759 0.18508342 0.20688119 0.21648473 0.15490940 0.15087474 
288.00000000 0.04881976 0.03714906 0.18576579 0.20702252 0.21595389 0.15439774 0.15089123 
289.00000000 0.04896971 0.03720087 0.18644566 0.20716353 0.21542654 0.15388716 0.15090652 
290.00000000 0.04911878 0.03725299 0.18712306 0.20730421 0.21490268 0.15337763 0.15092064 
291.00000000 0.04926699 0.03730544 0.18779798 0.20744457 0.21438230 0.15286913 0.15093359 
292.00000000 0.04941434 0.03735820 0.18847044 0.20758459 0.21386539 0.15236164 0.15094538 
293.00000000 0.04956084 0.03741126 0.18914046 0.20772429 0.21335195 0.15185515 0.15095604 
294.00000000 0.04970651 0.03746463 0.18980804 0.20786366 0.21284194 0.15134965 0.15096557 
295.00000000 0.04985134 0.03751828 0.19047321 0.20800269 0.21233536 0.15084514 0.15097399 
296.00000000 0.04999536 0.03757220 0.19113596 0.20814138 0.21183219 0.15034161 0.15098131 
297.00000000 0.05013856 0.03762640 0.19179631 0.20827972 0.21133241 0.14983906 0.15098754 
298.00000000 0.05028098 0.03768085 0.19245427 0.20841772 0.21083597 0.14933751 0.15099270 
299.00000000 0.05042261 0.03773555 0.19310986 0.20855536 0.21034287 0.14883696 0.15099679 
300.00000000 0.05056348 0.03779048 0.19376308 0.20869263 0.20985308 0.14833742 0.15099984 
301.00000000 0.05070359 0.03784563 0.19441394 0.20882954 0.20936654 0.14783891 0.15100185 
302.00000000 0.05084295 0.03790099 0.19506246 0.20896606 0.20888325 0.14734145 0.15100284 
303.00000000 0.05098160 0.03795654 0.19570865 0.20910220 0.20840316 0.14684505 0.15100281 
304.00000000 0.05111952 0.03801227 0.19635251 0.20923795 0.20792622 0.14634974 0.15100178 
305.00000000 0.05125675 0.03806816 0.19699406 0.20937329 0.20745242 0.14585555 0.15099976 
306.00000000 0.05139330 0.03812421 0.19763330 0.20950822 0.20698170 0.14536249 0.15099677 
307.00000000 0.05152918 0.03818039 0.19827025 0.20964273 0.20651403 0.14487061 0.15099281 
308.00000000 0.05166441 0.03823670 0.19890492 0.20977680 0.20604936 0.14437992 0.15098789 
309.00000000 0.05179901 0.03829311 0.19953731 0.20991044 0.20558765 0.14389045 0.15098203 
310.00000000 0.05193298 0.03834962 0.20016743 0.21004362 0.20512886 0.14340226 0.15097524 
311.00000000 0.05206635 0.03840620 0.20079530 0.21017633 0.20467294 0.14291535 0.15096753 
312.00000000 0.05219913 0.03846284 0.20142093 0.21030858 0.20421984 0.14242978 0.15095890 
313.00000000 0.05233133 0.03851953 0.20204431 0.21044034 0.20376953 0.14194558 0.15094937 
314.00000000 0.05246298 0.03857625 0.20266547 0.21057160 0.20332196 0.14146278 0.15093895 
315.00000000 0.05259408 0.03863299 0.20328440 0.21070236 0.20287707 0.14098143 0.15092766 
316.00000000 0.05272466 0.03868973 0.20390113 0.21083261 0.20243483 0.14050155 0.15091549 
317.00000000 0.05285473 0.03874646 0.20451565 0.21096233 0.20199518 0.14002320 0.15090246 
318.00000000 0.05298430 0.03880316 0.20512798 0.21109151 0.20155808 0.13954640 0.15088857 
319.00000000 0.05311339 0.03885982 0.20573812 0.21122015 0.20112348 0.13907119 0.15087385 
320.00000000 0.05324201 0.03891642 0.20634608 0.21134823 0.20069134 0.13859762 0.15085830 
321.00000000 0.05337019 0.03897295 0.20695187 0.21147575 0.20026160 0.13812573 0.15084192 
322.00000000 0.05349792 0.03902940 0.20755550 0.21160269 0.19983423 0.13765555 0.15082473 
323.00000000 0.05362523 0.03908575 0.20815697 0.21172904 0.19940917 0.13718711 0.15080673 
324.00000000 0.05375213 0.03914199 0.20875630 0.21185479 0.19898638 0.13672047 0.15078794 
325.00000000 0.05387864 0.03919811 0.20935349 0.21197995 0.19856581 0.13625565 0.15076836 
326.00000000 0.05400476 0.03925410 0.20994854 0.21210448 0.19814743 0.13579269 0.15074800 
327.00000000 0.05413052 0.03930994 0.21054147 0.21222840 0.19773118 0.13533163 0.15072687 
328.00000000 0.05425591 0.03936562 0.21113228 0.21235168 0.19731702 0.13487251 0.15070498 
329.00000000 0.05438096 0.03942113 0.21172099 0.21247433 0.19690491 0.13441535 0.15068233 
330.00000000 0.05450568 0.03947646 0.21230759 0.21259633 0.19649481 0.13396019 0.15065894 
331.00000000 0.05463007 0.03953160 0.21289209 0.21271767 0.19608668 0.13350707 0.15063482 
332.00000000 0.05475415 0.03958654 0.21347451 0.21283835 0.19568047 0.13305602 0.15060996 
333.00000000 0.05487793 0.03964127 0.21405484 0.21295836 0.19527615 0.13260706 0.15058438 
334.00000000 0.05500141 0.03969579 0.21463310 0.21307769 0.19487368 0.13216023 0.15055809 
335.00000000 0.05512462 0.03975008 0.21520928 0.21319634 0.19447302 0.13171556 0.15053109 
336.00000000 0.05524755 0.03980413 0.21578341 0.21331430 0.19407414 0.13127307 0.15050340 
337.00000000 0.05537022 0.03985794 0.21635548 0.21343157 0.19367700 0.13083278 0.15047501 
338.00000000 0.05549263 0.03991150 0.21692550 0.21354814 0.19328156 0.13039473 0.15044594 
339.00000000 0.05561479 0.03996481 0.21749348 0.21366400 0.19288779 0.12995894 0.15041620 
340.00000000 0.05573671 0.04001785 0.21805942 0.21377915 0.19249566 0.12952542 0.15038578 
341.00000000 0.05585840 0.04007063 0.21862333 0.21389359 0.19210514 0.12909420 0.15035471 
342.00000000 0.05597986 0.04012313 0.21918522 0.21400730 0.19171620 0.12866531 0.15032298 
343.00000000 0.05610110 0.04017536 0.21974509 0.21412030 0.19132881 0.12823874 0.15029061 
344.00000000 0.05622212 0.04022730 0.22030294 0.21423257 0.19094294 0.12781454 0.15025759 
345.00000000 0.05634293 0.04027896 0.22085880 0.21434410 0.19055857 0.12739270 0.15022395 
346.00000000 0.05646354 0.04033033 0.22141265 0.21445491 0.19017566 0.12697324 0.15018967 
347.00000000 0.05658394 0.04038141 0.22196450 0.21456498 0.18979421 0.12655617 0.15015478 
348.00000000 0.05670415 0.04043220 0.22251437 0.21467432 0.18941417 0.12614152 0.15011928 
349.00000000 0.05682416 0.04048269 0.22306226 0.21478291 0.18903554 0.12572927 0.15008317 
350.00000000 0.05694397 0.04053288 0.22360817 0.21489077 0.18865829 0.12531945 0.15004647 
351.00000000 0.05706360 0.04058278 0.22415211 0.21499788 0.18828240 0.12491206 0.15000917 
352.00000000 0.05718305 0.04063237 0.22469408 0.21510425 0.18790785 0.12450711 0.14997129 
353.00000000 0.05730231 0.04068167 0.22523409 0.21520988 0.18753462 0.12410460 0.14993284 
354.00000000 0.05742138 0.04073067 0.22577215 0.21531476 0.18716271 0.12370452 0.14989381 
355.00000000 0.05754028 0.04077936 0.22630827 0.21541890 0.18679208 0.12330690 0.14985422 
356.00000000 0.05765899 0.04082776 0.22684243 0.21552229 0.18642274 0.12291171 0.14981407 
357.00000000 0.05777752 0.04087587 0.22737466 0.21562495 0.18605466 0.12251897 0.14977337 
358.00000000 0.05789587 0.04092368 0.22790496 0.21572686 0.18568783 0.12212867 0.14973213 
359.00000000 0.05801404 0.04097119 0.22843333 0.21582803 0.18532224 0.12174081 0.14969035 
360.00000000 0.05813203 0.04101842 0.22895978 0.21592846 0.18495789 0.12135538 0.14964804 
361.00000000 0.05824984 0.04106535 0.22948432 0.21602815 0.18459475 0.12097238 0.14960521 
362.00000000 0.05836747 0.04111200 0.23000694 0.21612710 0.18423283 0.12059180 0.14956186 
363.00000000 0.05848491 0.04115837 0.23052766 0.21622532 0.18387212 0.12021363 0.14951800 
364.00000000 0.05860217 0.04120445 0.23104647 0.21632281 0.18351260 0.11983786 0.14947363 
365.00000000 0.05871924 0.04125026 0.23156340 0.21641957 0.18315428 0.11946449 0.14942877 
366.00000000 0.05883612 0.04129580 0.23207843 0.21651560 0.18279714 0.11909350 0.14938342 
367.00000000 0.05895281 0.04134107 0.23259157 0.21661091 0.18244118 0.11872488 0.14933758 
368.00000000 0.05906931 0.04138607 0.23310284 0.21670549 0.18208641 0.11835862 0.14929126 
369.00000000 0.05918561 0.04143082 0.23361223 0.21679936 0.18173281 0.11799470 0.14924447 
370.00000000 0.05930171 0.04147531 0.23411975 0.21689252 0.18138038 0.11763311 0.14919722 
371.00000000 0.05941762 0.04151954 0.23462541 0.21698496 0.18102913 0.11727384 0.14914950 
372.00000000 0.05953332 0.04156353 0.23512921 0.21707670 0.18067904 0.11691687 0.14910133 
373.00000000 0.05964881 0.04160728 0.23563115 0.21716774 0.18033013 0.11656218 0.14905272 
374.00000000 0.05976409 0.04165079 0.23613124 0.21725808 0.17998238 0.11620975 0.14900366 
375.00000000 0.05987916 0.04169407 0.23662949 0.21734772 0.17963580 0.11585957 0.14895418 
376.00000000 0.05999401 0.04173713 0.23712590 0.21743668 0.17929040 0.11551163 0.14890426 
377.00000000 0.06010865 0.04177996 0.23762047 0.21752495 0.17894616 0.11516589 0.14885392 
378.00000000 0.06022306 0.04182258 0.23811321 0.21761255 0.17860310 0.11482234 0.14880316 
379.00000000 0.06033724 0.04186499 0.23860413 0.21769947 0.17826122 0.11448097 0.14875200 
380.00000000 0.06045119 0.04190719 0.23909322 0.21778572 0.17792051 0.11414174 0.14870043 
381.00000000 0.06056491 0.04194919 0.23958050 0.21787130 0.17758098 0.11380465 0.14864847 
382.00000000 0.06067839 0.04199100 0.24006597 0.21795623 0.17724264 0.11346966 0.14859611 
383.00000000 0.06079163 0.04203262 0.24054963 0.21804050 0.17690548 0.11313677 0.14854337 
384.00000000 0.06090463 0.04207406 0.24103149 0.21812413 0.17656951 0.11280594 0.14849024 
385.00000000 0.06101738 0.04211531 0.24151155 0.21820711 0.17623474 0.11247716 0.14843675 
386.00000000 0.06112987 0.04215640 0.24198982 0.21828946 0.17590116 0.11215040 0.14838288 
387.00000000 0.06124211 0.04219732 0.24246630 0.21837118 0.17556879 0.11182565 0.14832865 
388.00000000 0.06135410 0.04223808 0.24294100 0.21845227 0.17523762 0.11150287 0.14827407 
389.00000000 0.06146582 0.04227868 0.24341392 0.21853274 0.17490766 0.11118206 0.14821913 
390.00000000 0.06157727 0.04231912 0.24388507 0.21861259 0.17457891 0.11086317 0.14816385 
391.00000000 0.06168846 0.04235943 0.24435444 0.21869184 0.17425139 0.11054621 0.14810823 
392.00000000 0.06179938 0.04239959 0.24482205 0.21877049 0.17392508 0.11023113 0.14805228 
393.00000000 0.06191002 0.04243961 0.24528791 0.21884854 0.17360000 0.10991792 0.14799600 
394.00000000 0.06202038 0.04247950 0.24575200 0.21892601 0.17327615 0.10960656 0.14793939 
395.00000000 0.06213046 0.04251927 0.24621435 0.21900289 0.17295354 0.10929703 0.14788247 
396.00000000 0.06224026 0.04255891 0.24667495 0.21907919 0.17263217 0.10898930 0.14782524 
397.00000000 0.06234977 0.04259843 0.24713380 0.21915492 0.17231203 0.10868335 0.14776769 
398.00000000 0.06245900 0.04263784 0.24759092 0.21923008 0.17199315 0.10837916 0.14770985 
399.00000000 0.06256793 0.04267714 0.24804631 0.21930468 0.17167552 0.10807671 0.14765171 
400.00000000 0.06267657 0.04271634 0.24849996 0.21937873 0.17135914 0.10777598 0.14759328 
401.00000000 0.06278491 0.04275543 0.24895189 0.21945223 0.17104403 0.10747694 0.14753457 
402.00000000 0.06289295 0.04279443 0.24940211 0.21952519 0.17073017 0.10717958 0.14747557 
403.00000000 0.06300069 0.04283333 0.24985060 0.21959762 0.17041758 0.10688387 0.14741630 
404.00000000 0.06310814 0.04287214 0.25029739 0.21966951 0.17010626 0.10658980 0.14735676 
405.00000000 0.06321527 0.04291087 0.25074247 0.21974088 0.16979622 0.10629735 0.14729695 
406.00000000 0.06332210 0.04294951 0.25118584 0.21981173 0.16948744 0.10600649 0.14723688 
407.00000000 0.06342863 0.04298807 0.25162752 0.21988207 0.16917995 0.10571721 0.14717656 
408.00000000 0.06353484 0.04302655 0.25206750 0.21995190 0.16887373 0.10542948 0.14711599 
409.00000000 0.06364075 0.04306496 0.25250580 0.22002123 0.16856880 0.10514329 0.14705517 
410.00000000 0.06374634 0.04310330 0.25294241 0.22009007 0.16826515 0.10485863 0.14699411 
411.00000000 0.06385162 0.04314157 0.25337734 0.22015841 0.16796279 0.10457546 0.14693281 
412.00000000 0.06395659 0.04317977 0.25381059 0.22022627 0.16766171 0.10429379 0.14687128 
413.00000000 0.06406125 0.04321790 0.25424217 0.22029365 0.16736193 0.10401357 0.14680953 
414.00000000 0.06416559 0.04325598 0.25467208 0.22036056 0.16706343 0.10373481 0.14674755 
415.00000000 0.06426961 0.04329399 0.25510033 0.22042699 0.16676623 0.10345749 0.14668535 
416.00000000 0.06437332 0.04333195 0.25552692 0.22049297 0.16647031 0.10318158 0.14662294 
417.00000000 0.06447672 0.04336985 0.25595186 0.22055848 0.16617569 0.10290708 0.14656033 
418.00000000 0.06457980 0.04340769 0.25637514 0.22062354 0.16588236 0.10263396 0.14649751 
419.00000000 0.06468256 0.04344548 0.25679678 0.22068816 0.16559032 0.10236222 0.14643448 
420.00000000 0.06478501 0.04348322 0.25721677 0.22075232 0.16529957 0.10209184 0.14637127 
421.00000000 0.06488714 0.04352090 0.25763513 0.22081605 0.16501012 0.10182279 0.14630786 
422.00000000 0.06498896 0.04355854 0.25805185 0.22087935 0.16472195 0.10155508 0.14624426 
423.00000000 0.06509046 0.04359613 0.25846695 0.22094222 0.16443507 0.10128869 0.14618049 
424.00000000 0.06519165 0.04363366 0.25888041 0.22100466 0.16414948 0.10102360 0.14611653 
425.00000000 0.06529253 0.04367116 0.25929226 0.22106668 0.16386517 0.10075980 0.14605240 
426.00000000 0.06539310 0.04370860 0.25970249 0.22112828 0.16358215 0.10049728 0.14598810 
427.00000000 0.06549335 0.04374600 0.26011111 0.22118947 0.16330041 0.10023603 0.14592363 
428.00000000 0.06559329 0.04378335 0.26051811 0.22125026 0.16301995 0.09997604 0.14585900 
429.00000000 0.06569292 0.04382066 0.26092352 0.22131064 0.16274077 0.09971729 0.14579421 
430.00000000 0.06579225 0.04385792 0.26132732 0.22137062 0.16246286 0.09945977 0.14572927 
431.00000000 0.06589126 0.04389513 0.26172953 0.22143020 0.16218622 0.09920348 0.14566418 
432.00000000 0.06598997 0.04393230 0.26213014 0.22148939 0.16191084 0.09894840 0.14559894 
433.00000000 0.06608838 0.04396942 0.26252917 0.22154820 0.16163674 0.09869453 0.14553356 
434.00000000 0.06618648 0.04400650 0.26292662 0.22160662 0.16136389 0.09844185 0.14546804 
435.00000000 0.06628428 0.04404353 0.26332248 0.22166465 0.16109230 0.09819036 0.14540239 
436.00000000 0.06638179 0.04408052 0.26371677 0.22172231 0.16082196 0.09794004 0.14533660 
437.00000000 0.06647899 0.04411746 0.26410949 0.22177960 0.16055288 0.09769090 0.14527068 
438.00000000 0.06657590 0.04415435 0.26450065 0.22183652 0.16028503 0.09744291 0.14520465 
439.00000000 0.06667251 0.04419120 0.26489024 0.22189306 0.16001843 0.09719608 0.14513849 
