0.00000000 0.00009100 0.00824756 0.00398765 0.00044719 0.21730518 0.00593771 0.76398371 
1.00000000 0.00009100 0.00824756 0.00398765 0.00044719 0.21730518 0.00593771 0.76398371 
2.00000000 0.00009101 0.00824762 0.00398767 0.00044728 0.21730566 0.00593772 0.76398304 
3.00000000 0.00009105 0.00824798 0.00398779 0.00044772 0.21730849 0.00593778 0.76397919 
4.00000000 0.00009116 0.00824904 0.00398815 0.00044893 0.21731709 0.00593794 0.76396770 
5.00000000 0.00009139 0.00825134 0.00398892 0.00045146 0.21733609 0.00593829 0.76394250 
6.00000000 0.00009181 0.00825552 0.00399032 0.00045603 0.21737080 0.00593894 0.76389658 
7.00000000 0.00009249 0.00826227 0.00399258 0.00046341 0.21742670 0.00593997 0.76382257 
8.00000000 0.00009353 0.00827227 0.00399592 0.00047451 0.21750896 0.00594151 0.76371331 
9.00000000 0.00009500 0.00828618 0.00400054 0.00049027 0.21762198 0.00594366 0.76356237 
10.00000000 0.00009700 0.00830460 0.00400661 0.00051167 0.21776923 0.00594653 0.76336435 
11.00000000 0.00009964 0.00832808 0.00401427 0.00053977 0.21795306 0.00595022 0.76311496 
12.00000000 0.00010302 0.00835709 0.00402365 0.00057560 0.21817488 0.00595481 0.76281095 
13.00000000 0.00010725 0.00839209 0.00403483 0.00062024 0.21843533 0.00596038 0.76244987 
14.00000000 0.00011245 0.00843348 0.00404790 0.00067479 0.21873466 0.00596703 0.76202969 
15.00000000 0.00011873 0.00848172 0.00406294 0.00074034 0.21907303 0.00597483 0.76154841 
16.00000000 0.00012621 0.00853728 0.00408003 0.00081803 0.21945086 0.00598388 0.76100372 
17.00000000 0.00013504 0.00860068 0.00409927 0.00090898 0.21986909 0.00599426 0.76039268 
18.00000000 0.00014534 0.00867251 0.00412079 0.00101435 0.22032928 0.00600608 0.75971163 
19.00000000 0.00015726 0.00875341 0.00414472 0.00113530 0.22083363 0.00601945 0.75895622 
20.00000000 0.00017095 0.00884406 0.00417120 0.00127297 0.22138478 0.00603448 0.75812156 
21.00000000 0.00018655 0.00894517 0.00420039 0.00142852 0.22198556 0.00605128 0.75720253 
22.00000000 0.00020423 0.00905743 0.00423242 0.00160306 0.22263874 0.00606997 0.75619414 
23.00000000 0.00022416 0.00918154 0.00426742 0.00179770 0.22334664 0.00609065 0.75509190 
24.00000000 0.00024649 0.00931814 0.00430548 0.00201348 0.22411086 0.00611342 0.75389212 
25.00000000 0.00027140 0.00946783 0.00434669 0.00225141 0.22493217 0.00613838 0.75259212 
26.00000000 0.00029906 0.00963115 0.00439108 0.00251244 0.22581035 0.00616558 0.75119033 
27.00000000 0.00032965 0.00980861 0.00443866 0.00279745 0.22674431 0.00619511 0.74968621 
28.00000000 0.00036335 0.01000067 0.00448944 0.00310726 0.22773225 0.00622700 0.74808003 
29.00000000 0.00040034 0.01020776 0.00454337 0.00344264 0.22877190 0.00626130 0.74637268 
30.00000000 0.00044080 0.01043031 0.00460044 0.00380429 0.22986083 0.00629806 0.74456527 
31.00000000 0.00048491 0.01066877 0.00466060 0.00419284 0.23099670 0.00633731 0.74265885 
32.00000000 0.00053287 0.01092359 0.00472383 0.00460888 0.23217755 0.00637910 0.74065417 
33.00000000 0.00058484 0.01119525 0.00479011 0.00505292 0.23340188 0.00642346 0.73855154 
34.00000000 0.00064103 0.01148423 0.00485941 0.00552543 0.23466871 0.00647044 0.73635075 
35.00000000 0.00070163 0.01179105 0.00493173 0.00602679 0.23597753 0.00652008 0.73405120 
36.00000000 0.00076681 0.01211621 0.00500705 0.00655734 0.23732810 0.00657244 0.73165204 
37.00000000 0.00083679 0.01246024 0.00508538 0.00711735 0.23872027 0.00662754 0.72915245 
38.00000000 0.00091174 0.01282361 0.00516667 0.00770700 0.24015371 0.00668543 0.72655184 
39.00000000 0.00099187 0.01320679 0.00525091 0.00832643 0.24162770 0.00674614 0.72385017 
40.00000000 0.00107736 0.01361021 0.00533803 0.00897569 0.24314098 0.00680967 0.72104806 
41.00000000 0.00116841 0.01403425 0.00542798 0.00965475 0.24469164 0.00687606 0.71814692 
42.00000000 0.00126520 0.01447926 0.00552066 0.01036355 0.24627716 0.00694528 0.71514890 
43.00000000 0.00136791 0.01494555 0.00561597 0.01110192 0.24789447 0.00701733 0.71205684 
44.00000000 0.00147672 0.01543341 0.00571382 0.01186965 0.24954016 0.00709220 0.70887404 
45.00000000 0.00159180 0.01594309 0.00581408 0.01266646 0.25121064 0.00716987 0.70560407 
46.00000000 0.00171330 0.01647481 0.00591664 0.01349200 0.25290239 0.00725030 0.70225056 
47.00000000 0.00184139 0.01702880 0.00602138 0.01434586 0.25461211 0.00733347 0.69881698 
48.00000000 0.00197621 0.01760525 0.00612821 0.01522759 0.25633686 0.00741935 0.69530652 
49.00000000 0.00211791 0.01820435 0.00623701 0.01613666 0.25807412 0.00750793 0.69172203 
50.00000000 0.00226662 0.01882625 0.00634768 0.01707247 0.25982177 0.00759917 0.68806604 
51.00000000 0.00242247 0.01947110 0.00646012 0.01803438 0.26157802 0.00769306 0.68434085 
52.00000000 0.00258559 0.02013900 0.00657424 0.01902170 0.26334125 0.00778956 0.68054866 
53.00000000 0.00275610 0.02083004 0.00668994 0.02003367 0.26510988 0.00788865 0.67669172 
54.00000000 0.00293411 0.02154425 0.00680711 0.02106949 0.26688223 0.00799029 0.67277251 
55.00000000 0.00311971 0.02228164 0.00692566 0.02212835 0.26865636 0.00809445 0.66879382 
56.00000000 0.00331300 0.02304216 0.00704547 0.02320938 0.27043009 0.00820109 0.66475882 
57.00000000 0.00351404 0.02382570 0.00716643 0.02431169 0.27220089 0.00831016 0.66067108 
58.00000000 0.00372291 0.02463214 0.00728843 0.02543438 0.27396600 0.00842161 0.65653452 
59.00000000 0.00393964 0.02546128 0.00741135 0.02657655 0.27572249 0.00853538 0.65235331 
60.00000000 0.00416427 0.02631290 0.00753508 0.02773726 0.27746737 0.00865141 0.64813171 
61.00000000 0.00439681 0.02718673 0.00765951 0.02891556 0.27919772 0.00876964 0.64387403 
62.00000000 0.00463725 0.02808246 0.00778454 0.03011052 0.28091082 0.00888999 0.63958443 
63.00000000 0.00488559 0.02899975 0.00791007 0.03132114 0.28260416 0.00901240 0.63526689 
64.00000000 0.00514180 0.02993823 0.00803600 0.03254643 0.28427556 0.00913681 0.63092517 
65.00000000 0.00540584 0.03089748 0.00816224 0.03378537 0.28592311 0.00926314 0.62656281 
66.00000000 0.00567769 0.03187707 0.00828871 0.03503691 0.28754511 0.00939132 0.62218319 
67.00000000 0.00595728 0.03287652 0.00841531 0.03629998 0.28914007 0.00952129 0.61778956 
68.00000000 0.00624456 0.03389531 0.00854197 0.03757349 0.29070657 0.00965298 0.61338513 
69.00000000 0.00653945 0.03493291 0.00866861 0.03885636 0.29224321 0.00978631 0.60897316 
70.00000000 0.00684190 0.03598871 0.00879515 0.04014748 0.29374858 0.00992122 0.60455696 
71.00000000 0.00715180 0.03706209 0.00892154 0.04144579 0.29522119 0.01005762 0.60013997 
72.00000000 0.00746905 0.03815239 0.00904770 0.04275022 0.29665952 0.01019544 0.59572568 
73.00000000 0.00779353 0.03925888 0.00917358 0.04405976 0.29806200 0.01033461 0.59131763 
74.00000000 0.00812513 0.04038083 0.00929914 0.04537340 0.29942711 0.01047503 0.58691937 
75.00000000 0.00846368 0.04151743 0.00942431 0.04669021 0.30075339 0.01061662 0.58253437 
76.00000000 0.00880902 0.04266788 0.00954908 0.04800926 0.30203949 0.01075928 0.57816598 
77.00000000 0.00916099 0.04383132 0.00967341 0.04932965 0.30328426 0.01090293 0.57381743 
78.00000000 0.00951941 0.04500688 0.00979727 0.05065053 0.30448668 0.01104748 0.56949176 
79.00000000 0.00988409 0.04619366 0.00992064 0.05197103 0.30564592 0.01119281 0.56519186 
80.00000000 0.01025483 0.04739076 0.01004350 0.05329030 0.30676130 0.01133883 0.56092049 
81.00000000 0.01063144 0.04859724 0.01016585 0.05460749 0.30783223 0.01148545 0.55668030 
82.00000000 0.01101374 0.04981217 0.01028768 0.05592174 0.30885823 0.01163256 0.55247388 
83.00000000 0.01140152 0.05103462 0.01040898 0.05723221 0.30983883 0.01178006 0.54830378 
84.00000000 0.01179460 0.05226362 0.01052976 0.05853805 0.31077359 0.01192786 0.54417253 
85.00000000 0.01219279 0.05349822 0.01065002 0.05983842 0.31166210 0.01207586 0.54008260 
86.00000000 0.01259589 0.05473744 0.01076978 0.06113252 0.31250398 0.01222397 0.53603641 
87.00000000 0.01300370 0.05598033 0.01088908 0.06241957 0.31329894 0.01237208 0.53203631 
88.00000000 0.01341603 0.05722589 0.01100793 0.06369885 0.31404674 0.01252009 0.52808447 
89.00000000 0.01383266 0.05847315 0.01112639 0.06496967 0.31474731 0.01266791 0.52418292 
90.00000000 0.01425339 0.05972111 0.01124449 0.06623140 0.31540071 0.01281543 0.52033347 
91.00000000 0.01467801 0.06096881 0.01136228 0.06748345 0.31600716 0.01296254 0.51653775 
92.00000000 0.01510629 0.06221525 0.01147982 0.06872528 0.31656704 0.01310914 0.51279717 
93.00000000 0.01553803 0.06345947 0.01159717 0.06995639 0.31708083 0.01325511 0.50911301 
94.00000000 0.01597300 0.06470050 0.01171439 0.07117628 0.31754911 0.01340034 0.50548639 
95.00000000 0.01641102 0.06593739 0.01183152 0.07238449 0.31797248 0.01354472 0.50191838 
96.00000000 0.01685187 0.06716922 0.01194865 0.07358057 0.31835156 0.01368813 0.49841000 
97.00000000 0.01729538 0.06839506 0.01206582 0.07476406 0.31868693 0.01383047 0.49496229 
98.00000000 0.01774137 0.06961402 0.01218312 0.07593449 0.31897912 0.01397162 0.49157626 
99.00000000 0.01818967 0.07082522 0.01230061 0.07709143 0.31922865 0.01411150 0.48825292 
100.00000000 0.01864015 0.07202782 0.01241837 0.07823442 0.31943602 0.01425000 0.48499323 
101.00000000 0.01909265 0.07322099 0.01253648 0.07936303 0.31960175 0.01438703 0.48179807 
102.00000000 0.01954703 0.07440397 0.01265502 0.08047685 0.31972645 0.01452250 0.47866818 
103.00000000 0.02000318 0.07557599 0.01277409 0.08157549 0.31981084 0.01465631 0.47560410 
104.00000000 0.02046095 0.07673637 0.01289379 0.08265859 0.31985577 0.01478838 0.47260617 
105.00000000 0.02092023 0.07788443 0.01301419 0.08372583 0.31986225 0.01491861 0.46967446 
106.00000000 0.02138088 0.07901957 0.01313540 0.08477693 0.31983145 0.01504693 0.46680885 
107.00000000 0.02184281 0.08014120 0.01325750 0.08581163 0.31976465 0.01517322 0.46400899 
108.00000000 0.02230587 0.08124881 0.01338059 0.08682970 0.31966321 0.01529741 0.46127440 
109.00000000 0.02276998 0.08234189 0.01350475 0.08783095 0.31952852 0.01541940 0.45860451 
110.00000000 0.02323503 0.08341998 0.01363006 0.08881519 0.31936194 0.01553909 0.45599871 
111.00000000 0.02370094 0.08448264 0.01375660 0.08978225 0.31916478 0.01565641 0.45345639 
112.00000000 0.02416765 0.08552945 0.01388444 0.09073197 0.31893824 0.01577126 0.45097699 
113.00000000 0.02463509 0.08656002 0.01401367 0.09166418 0.31868345 0.01588356 0.44856002 
114.00000000 0.02510323 0.08757398 0.01414435 0.09257875 0.31840143 0.01599327 0.44620499 
115.00000000 0.02557205 0.08857099 0.01427657 0.09347550 0.31809316 0.01610030 0.44391143 
116.00000000 0.02604155 0.08955072 0.01441039 0.09435429 0.31775960 0.01620462 0.44167882 
117.00000000 0.02651172 0.09051293 0.01454590 0.09521499 0.31740175 0.01630618 0.43950652 
118.00000000 0.02698259 0.09145740 0.01468317 0.09605746 0.31702068 0.01640493 0.43739378 
119.00000000 0.02745416 0.09238398 0.01482228 0.09688157 0.31661754 0.01650085 0.43533963 
120.00000000 0.02792645 0.09329258 0.01496328 0.09768723 0.31619363 0.01659390 0.43334293 
121.00000000 0.02839947 0.09418321 0.01510625 0.09847435 0.31575032 0.01668405 0.43140236 
122.00000000 0.02887324 0.09505590 0.01525124 0.09924285 0.31528908 0.01677127 0.42951642 
123.00000000 0.02934777 0.09591077 0.01539830 0.09999270 0.31481142 0.01685552 0.42768352 
124.00000000 0.02982307 0.09674798 0.01554747 0.10072387 0.31431883 0.01693677 0.42590202 
125.00000000 0.03029914 0.09756770 0.01569878 0.10143636 0.31381278 0.01701499 0.42417025 
126.00000000 0.03077600 0.09837014 0.01585227 0.10213019 0.31329465 0.01709015 0.42248660 
127.00000000 0.03125368 0.09915549 0.01600796 0.10280539 0.31276572 0.01716224 0.42084953 
128.00000000 0.03173221 0.09992397 0.01616585 0.10346203 0.31222716 0.01723123 0.41925755 
129.00000000 0.03221163 0.10067575 0.01632597 0.10410019 0.31168005 0.01729713 0.41770928 
130.00000000 0.03269202 0.10141102 0.01648833 0.10471995 0.31112539 0.01735994 0.41620335 
131.00000000 0.03317345 0.10212996 0.01665293 0.10532143 0.31056414 0.01741967 0.41473841 
132.00000000 0.03365601 0.10283279 0.01681979 0.10590473 0.30999725 0.01747637 0.41331307 
133.00000000 0.03413978 0.10351973 0.01698890 0.10646997 0.30942569 0.01753005 0.41192587 
134.00000000 0.03462488 0.10419105 0.01716026 0.10701728 0.30885049 0.01758078 0.41057526 
135.00000000 0.03511140 0.10484709 0.01733388 0.10754679 0.30827269 0.01762858 0.40925956 
136.00000000 0.03559943 0.10548824 0.01750973 0.10805863 0.30769342 0.01767352 0.40797703 
137.00000000 0.03608905 0.10611494 0.01768781 0.10855295 0.30711382 0.01771563 0.40672581 
138.00000000 0.03658032 0.10672769 0.01786807 0.10902989 0.30653503 0.01775498 0.40550402 
139.00000000 0.03707331 0.10732701 0.01805050 0.10948965 0.30595821 0.01779160 0.40430973 
140.00000000 0.03756804 0.10791347 0.01823504 0.10993240 0.30538442 0.01782554 0.40314108 
141.00000000 0.03806457 0.10848762 0.01842164 0.11035840 0.30481469 0.01785686 0.40199623 
142.00000000 0.03856290 0.10904999 0.01861026 0.11076789 0.30424996 0.01788559 0.40087341 
143.00000000 0.03906307 0.10960109 0.01880083 0.11116117 0.30369109 0.01791180 0.39977095 
144.00000000 0.03956512 0.11014138 0.01899329 0.11153857 0.30313887 0.01793555 0.39868723 
145.00000000 0.04006908 0.11067128 0.01918757 0.11190045 0.30259401 0.01795691 0.39762070 
146.00000000 0.04057501 0.11119119 0.01938362 0.11224719 0.30205722 0.01797596 0.39656981 
147.00000000 0.04108298 0.11170147 0.01958135 0.11257920 0.30152914 0.01799279 0.39553308 
148.00000000 0.04159305 0.11220248 0.01978071 0.11289689 0.30101041 0.01800750 0.39450896 
149.00000000 0.04210531 0.11269458 0.01998162 0.11320066 0.30050170 0.01802020 0.39349593 
150.00000000 0.04261985 0.11317815 0.02018401 0.11349094 0.30000363 0.01803099 0.39249242 
151.00000000 0.04313674 0.11365360 0.02038782 0.11376812 0.29951684 0.01804000 0.39149688 
152.00000000 0.04365620 0.11412245 0.02059296 0.11403167 0.29904253 0.01804737 0.39050681 
153.00000000 0.04417826 0.11458509 0.02079936 0.11428204 0.29858115 0.01805322 0.38952088 
154.00000000 0.04470299 0.11504189 0.02100693 0.11451971 0.29813310 0.01805765 0.38853774 
155.00000000 0.04523041 0.11549320 0.02121556 0.11474517 0.29769877 0.01806077 0.38755611 
156.00000000 0.04576058 0.11593938 0.02142517 0.11495891 0.29727853 0.01806271 0.38657472 
157.00000000 0.04629353 0.11638077 0.02163567 0.11516144 0.29687268 0.01806357 0.38559233 
158.00000000 0.04682929 0.11681769 0.02184695 0.11535330 0.29648154 0.01806347 0.38460776 
159.00000000 0.04736789 0.11725047 0.02205892 0.11553500 0.29610536 0.01806252 0.38361984 
160.00000000 0.04790936 0.11767940 0.02227149 0.11570710 0.29574437 0.01806085 0.38262743 
161.00000000 0.04845372 0.11810478 0.02248455 0.11587014 0.29539879 0.01805856 0.38162946 
162.00000000 0.04900098 0.11852689 0.02269801 0.11602468 0.29506879 0.01805578 0.38062486 
163.00000000 0.04955116 0.11894601 0.02291178 0.11617129 0.29475451 0.01805263 0.37961262 
164.00000000 0.05010427 0.11936237 0.02312576 0.11631053 0.29445607 0.01804923 0.37859177 
165.00000000 0.05066032 0.11977623 0.02333986 0.11644297 0.29417357 0.01804568 0.37756137 
166.00000000 0.05121933 0.12018782 0.02355398 0.11656920 0.29390705 0.01804211 0.37652052 
167.00000000 0.05178128 0.12059735 0.02376804 0.11668978 0.29365654 0.01803863 0.37546838 
168.00000000 0.05234619 0.12100504 0.02398194 0.11680531 0.29342205 0.01803535 0.37440413 
169.00000000 0.05291406 0.12141106 0.02419559 0.11691636 0.29320354 0.01803239 0.37332700 
170.00000000 0.05348487 0.12181562 0.02440891 0.11702350 0.29300097 0.01802985 0.37223627 
171.00000000 0.05405864 0.12221887 0.02462183 0.11712732 0.29281425 0.01802785 0.37113125 
172.00000000 0.05463534 0.12262098 0.02483425 0.11722838 0.29264326 0.01802648 0.37001130 
173.00000000 0.05521498 0.12302210 0.02504610 0.11732726 0.29248787 0.01802586 0.36887583 
174.00000000 0.05579756 0.12342237 0.02525730 0.11742451 0.29234792 0.01802607 0.36772428 
175.00000000 0.05638305 0.12382191 0.02546779 0.11752068 0.29222321 0.01802722 0.36655614 
176.00000000 0.05697145 0.12422085 0.02567750 0.11761632 0.29211354 0.01802940 0.36537095 
177.00000000 0.05756275 0.12461930 0.02588635 0.11771198 0.29201864 0.01803270 0.36416828 
178.00000000 0.05815695 0.12501737 0.02609430 0.11780816 0.29193827 0.01803720 0.36294775 
179.00000000 0.05875402 0.12541515 0.02630128 0.11790539 0.29187214 0.01804298 0.36170904 
180.00000000 0.05935396 0.12581273 0.02650724 0.11800417 0.29181992 0.01805014 0.36045185 
181.00000000 0.05995677 0.12621020 0.02671213 0.11810498 0.29178129 0.01805872 0.35917592 
182.00000000 0.06056242 0.12660763 0.02691590 0.11820829 0.29175588 0.01806882 0.35788107 
183.00000000 0.06117091 0.12700510 0.02711851 0.11831457 0.29174332 0.01808048 0.35656711 
184.00000000 0.06178223 0.12740266 0.02731993 0.11842425 0.29174321 0.01809377 0.35523394 
185.00000000 0.06239637 0.12780040 0.02752011 0.11853776 0.29175513 0.01810875 0.35388147 
186.00000000 0.06301333 0.12819836 0.02771904 0.11865550 0.29177864 0.01812546 0.35250968 
187.00000000 0.06363309 0.12859659 0.02791668 0.11877786 0.29181329 0.01814394 0.35111855 
188.00000000 0.06425564 0.12899516 0.02811301 0.11890520 0.29185860 0.01816425 0.34970815 
189.00000000 0.06488099 0.12939410 0.02830802 0.11903787 0.29191408 0.01818640 0.34827854 
190.00000000 0.06550912 0.12979347 0.02850169 0.11917619 0.29197923 0.01821043 0.34682987 
191.00000000 0.06614003 0.13019332 0.02869402 0.11932047 0.29205352 0.01823636 0.34536228 
192.00000000 0.06677372 0.13059367 0.02888499 0.11947100 0.29213643 0.01826421 0.34387598 
193.00000000 0.06741019 0.13099457 0.02907461 0.11962802 0.29222740 0.01829399 0.34237121 
194.00000000 0.06804942 0.13139607 0.02926289 0.11979178 0.29232588 0.01832571 0.34084824 
195.00000000 0.06869143 0.13179820 0.02944982 0.11996250 0.29243130 0.01835937 0.33930738 
196.00000000 0.06933620 0.13220100 0.02963542 0.12014036 0.29254308 0.01839496 0.33774898 
197.00000000 0.06998375 0.13260450 0.02981970 0.12032553 0.29266063 0.01843248 0.33617341 
198.00000000 0.07063406 0.13300874 0.03000269 0.12051816 0.29278336 0.01847191 0.33458109 
199.00000000 0.07128714 0.13341375 0.03018439 0.12071837 0.29291067 0.01851322 0.33297245 
200.00000000 0.07194300 0.13381957 0.03036485 0.12092626 0.29304195 0.01855641 0.33134797 
201.00000000 0.07260163 0.13422622 0.03054407 0.12114191 0.29317659 0.01860142 0.32970815 
202.00000000 0.07326304 0.13463375 0.03072210 0.12136536 0.29331398 0.01864824 0.32805353 
203.00000000 0.07392723 0.13504218 0.03089897 0.12159665 0.29345349 0.01869682 0.32638466 
204.00000000 0.07459420 0.13545154 0.03107471 0.12183579 0.29359452 0.01874711 0.32470212 
205.00000000 0.07526395 0.13586186 0.03124937 0.12208276 0.29373645 0.01879906 0.32300654 
206.00000000 0.07593650 0.13627317 0.03142298 0.12233753 0.29387866 0.01885263 0.32129854 
207.00000000 0.07661183 0.13668548 0.03159559 0.12260003 0.29402054 0.01890775 0.31957877 
208.00000000 0.07728996 0.13709884 0.03176725 0.12287019 0.29416148 0.01896436 0.31784793 
209.00000000 0.07797089 0.13751325 0.03193799 0.12314792 0.29430087 0.01902239 0.31610669 
210.00000000 0.07865461 0.13792873 0.03210788 0.12343309 0.29443811 0.01908178 0.31435579 
211.00000000 0.07934113 0.13834532 0.03227696 0.12372557 0.29457262 0.01914246 0.31259595 
212.00000000 0.08003045 0.13876301 0.03244528 0.12402520 0.29470380 0.01920434 0.31082793 
213.00000000 0.08072257 0.13918182 0.03261289 0.12433182 0.29483108 0.01926734 0.30905248 
214.00000000 0.08141748 0.13960176 0.03277986 0.12464522 0.29495389 0.01933140 0.30727039 
215.00000000 0.08211519 0.14002284 0.03294623 0.12496521 0.29507167 0.01939641 0.30548245 
216.00000000 0.08281569 0.14044505 0.03311207 0.12529157 0.29518389 0.01946229 0.30368945 
217.00000000 0.08351897 0.14086840 0.03327742 0.12562405 0.29529000 0.01952896 0.30189221 
218.00000000 0.08422504 0.14129287 0.03344235 0.12596241 0.29538949 0.01959631 0.30009153 
219.00000000 0.08493388 0.14171846 0.03360690 0.12630639 0.29548185 0.01966427 0.29828825 
220.00000000 0.08564548 0.14214515 0.03377115 0.12665571 0.29556659 0.01973274 0.29648318 
221.00000000 0.08635983 0.14257293 0.03393514 0.12701009 0.29564324 0.01980161 0.29467716 
222.00000000 0.08707693 0.14300176 0.03409892 0.12736923 0.29571134 0.01987080 0.29287102 
223.00000000 0.08779675 0.14343162 0.03426256 0.12773283 0.29577045 0.01994020 0.29106558 
224.00000000 0.08851929 0.14386248 0.03442611 0.12810058 0.29582014 0.02000972 0.28926169 
225.00000000 0.08924451 0.14429428 0.03458962 0.12847215 0.29586001 0.02007927 0.28746016 
226.00000000 0.08997241 0.14472699 0.03475315 0.12884722 0.29588968 0.02014873 0.28566182 
227.00000000 0.09070297 0.14516056 0.03491674 0.12922545 0.29590877 0.02021803 0.28386749 
228.00000000 0.09143615 0.14559492 0.03508045 0.12960650 0.29591694 0.02028705 0.28207798 
229.00000000 0.09217194 0.14603001 0.03524433 0.12999004 0.29591387 0.02035570 0.28029410 
230.00000000 0.09291030 0.14646578 0.03540843 0.13037572 0.29589925 0.02042389 0.27851663 
231.00000000 0.09365121 0.14690213 0.03557278 0.13076320 0.29587279 0.02049153 0.27674636 
232.00000000 0.09439464 0.14733900 0.03573743 0.13115211 0.29583424 0.02055851 0.27498407 
233.00000000 0.09514055 0.14777629 0.03590244 0.13154212 0.29578334 0.02062476 0.27323051 
234.00000000 0.09588890 0.14821392 0.03606783 0.13193287 0.29571988 0.02069017 0.27148643 
235.00000000 0.09663967 0.14865178 0.03623365 0.13232402 0.29564367 0.02075466 0.26975255 
236.00000000 0.09739281 0.14908979 0.03639993 0.13271522 0.29555453 0.02081814 0.26802958 
237.00000000 0.09814827 0.14952783 0.03656671 0.13310612 0.29545230 0.02088053 0.26631823 
238.00000000 0.09890603 0.14996579 0.03673402 0.13349639 0.29533685 0.02094176 0.26461917 
239.00000000 0.09966602 0.15040355 0.03690190 0.13388568 0.29520808 0.02100173 0.26293305 
240.00000000 0.10042821 0.15084100 0.03707036 0.13427366 0.29506589 0.02106037 0.26126051 
241.00000000 0.10119255 0.15127800 0.03723944 0.13466001 0.29491022 0.02111761 0.25960216 
242.00000000 0.10195899 0.15171444 0.03740916 0.13504440 0.29474103 0.02117337 0.25795860 
243.00000000 0.10272747 0.15215018 0.03757955 0.13542651 0.29455830 0.02122759 0.25633039 
244.00000000 0.10349795 0.15258508 0.03775061 0.13580603 0.29436203 0.02128021 0.25471808 
245.00000000 0.10427037 0.15301901 0.03792238 0.13618267 0.29415222 0.02133115 0.25312219 
246.00000000 0.10504468 0.15345183 0.03809486 0.13655611 0.29392894 0.02138037 0.25154322 
247.00000000 0.10582081 0.15388339 0.03826806 0.13692608 0.29369223 0.02142780 0.24998162 
248.00000000 0.10659872 0.15431355 0.03844201 0.13729230 0.29344217 0.02147339 0.24843786 
249.00000000 0.10737835 0.15474216 0.03861670 0.13765449 0.29317888 0.02151709 0.24691233 
250.00000000 0.10815962 0.15516908 0.03879215 0.13801239 0.29290246 0.02155886 0.24540543 
251.00000000 0.10894250 0.15559417 0.03896835 0.13836575 0.29261306 0.02159865 0.24391753 
252.00000000 0.10972691 0.15601726 0.03914531 0.13871432 0.29231083 0.02163643 0.24244894 
253.00000000 0.11051280 0.15643822 0.03932304 0.13905786 0.29199594 0.02167215 0.24099999 
254.00000000 0.11130011 0.15685690 0.03950152 0.13939617 0.29166858 0.02170578 0.23957094 
255.00000000 0.11208877 0.15727316 0.03968076 0.13972901 0.29132896 0.02173730 0.23816204 
256.00000000 0.11287872 0.15768684 0.03986075 0.14005618 0.29097731 0.02176668 0.23677351 
257.00000000 0.11366991 0.15809782 0.04004149 0.14037750 0.29061385 0.02179389 0.23540554 
258.00000000 0.11446228 0.15850594 0.04022296 0.14069277 0.29023884 0.02181892 0.23405829 
259.00000000 0.11525576 0.15891108 0.04040515 0.14100183 0.28985254 0.02184175 0.23273190 
260.00000000 0.11605029 0.15931309 0.04058806 0.14130450 0.28945523 0.02186237 0.23142646 
261.00000000 0.11684581 0.15971186 0.04077167 0.14160064 0.28904720 0.02188077 0.23014206 
262.00000000 0.11764228 0.16010724 0.04095596 0.14189011 0.28862875 0.02189693 0.22887873 
263.00000000 0.11843962 0.16049913 0.04114092 0.14217276 0.28820019 0.02191087 0.22763651 
264.00000000 0.11923779 0.16088741 0.04132654 0.14244849 0.28776184 0.02192257 0.22641537 
265.00000000 0.12003672 0.16127195 0.04151279 0.14271718 0.28731403 0.02193204 0.22521529 
266.00000000 0.12083637 0.16165266 0.04169965 0.14297872 0.28685711 0.02193929 0.22403619 
267.00000000 0.12163668 0.16202944 0.04188711 0.14323302 0.28639142 0.02194433 0.22287800 
268.00000000 0.12243759 0.16240218 0.04207513 0.14348002 0.28591732 0.02194716 0.22174060 
269.00000000 0.12323907 0.16277080 0.04226371 0.14371962 0.28543516 0.02194780 0.22062384 
270.00000000 0.12404105 0.16313522 0.04245282 0.14395178 0.28494531 0.02194626 0.21952756 
271.00000000 0.12484350 0.16349535 0.04264243 0.14417643 0.28444815 0.02194258 0.21845157 
272.00000000 0.12564636 0.16385114 0.04283252 0.14439354 0.28394404 0.02193676 0.21739565 
273.00000000 0.12644960 0.16420251 0.04302306 0.14460307 0.28343337 0.02192883 0.21635957 
274.00000000 0.12725317 0.16454941 0.04321403 0.14480499 0.28291652 0.02191882 0.21534307 
275.00000000 0.12805703 0.16489179 0.04340540 0.14499930 0.28239387 0.02190675 0.21434586 
276.00000000 0.12886114 0.16522961 0.04359715 0.14518598 0.28186581 0.02189267 0.21336765 
277.00000000 0.12966546 0.16556284 0.04378924 0.14536503 0.28133272 0.02187659 0.21240811 
278.00000000 0.13046997 0.16589145 0.04398166 0.14553646 0.28079499 0.02185857 0.21146690 
279.00000000 0.13127463 0.16621542 0.04417437 0.14570030 0.28025300 0.02183862 0.21054367 
280.00000000 0.13207941 0.16653473 0.04436735 0.14585655 0.27970713 0.02181679 0.20963802 
281.00000000 0.13288428 0.16684939 0.04456057 0.14600527 0.27915778 0.02179313 0.20874958 
282.00000000 0.13368921 0.16715940 0.04475401 0.14614648 0.27860531 0.02176767 0.20787792 
283.00000000 0.13449418 0.16746476 0.04494762 0.14628024 0.27805011 0.02174046 0.20702262 
284.00000000 0.13529917 0.16776550 0.04514140 0.14640660 0.27749254 0.02171154 0.20618325 
285.00000000 0.13610415 0.16806164 0.04533530 0.14652561 0.27693298 0.02168096 0.20535935 
286.00000000 0.13690911 0.16835320 0.04552930 0.14663736 0.27637179 0.02164877 0.20455046 
287.00000000 0.13771403 0.16864024 0.04572338 0.14674190 0.27580932 0.02161502 0.20375610 
288.00000000 0.13851890 0.16892280 0.04591750 0.14683932 0.27524594 0.02157975 0.20297579 
289.00000000 0.13932370 0.16920092 0.04611165 0.14692971 0.27468198 0.02154302 0.20220902 
290.00000000 0.14012842 0.16947466 0.04630578 0.14701316 0.27411779 0.02150488 0.20145530 
291.00000000 0.14093305 0.16974409 0.04649989 0.14708976 0.27355370 0.02146539 0.20071412 
292.00000000 0.14173759 0.17000928 0.04669393 0.14715962 0.27299004 0.02142459 0.19998495 
293.00000000 0.14254202 0.17027031 0.04688788 0.14722285 0.27242712 0.02138255 0.19926727 
294.00000000 0.14334634 0.17052725 0.04708172 0.14727955 0.27186526 0.02133931 0.19856056 
295.00000000 0.14415055 0.17078019 0.04727542 0.14732985 0.27130476 0.02129494 0.19786429 
296.00000000 0.14495465 0.17102922 0.04746896 0.14737387 0.27074590 0.02124949 0.19717791 
297.00000000 0.14575863 0.17127443 0.04766231 0.14741173 0.27018899 0.02120302 0.19650090 
298.00000000 0.14656250 0.17151593 0.04785544 0.14744356 0.26963428 0.02115559 0.19583271 
299.00000000 0.14736626 0.17175381 0.04804832 0.14746950 0.26908204 0.02110725 0.19517281 
300.00000000 0.14816991 0.17198819 0.04824095 0.14748969 0.26853254 0.02105806 0.19452066 
301.00000000 0.14897344 0.17221917 0.04843328 0.14750427 0.26798601 0.02100808 0.19387574 
302.00000000 0.14977688 0.17244686 0.04862530 0.14751339 0.26744269 0.02095737 0.19323750 
303.00000000 0.15058022 0.17267138 0.04881699 0.14751719 0.26690281 0.02090599 0.19260542 
304.00000000 0.15138347 0.17289285 0.04900831 0.14751582 0.26636658 0.02085399 0.19197898 
305.00000000 0.15218663 0.17311138 0.04919925 0.14750945 0.26583420 0.02080144 0.19135765 
306.00000000 0.15298972 0.17332709 0.04938979 0.14749823 0.26530587 0.02074839 0.19074093 
307.00000000 0.15379273 0.17354010 0.04957989 0.14748231 0.26478178 0.02069489 0.19012830 
308.00000000 0.15459568 0.17375054 0.04976954 0.14746187 0.26426208 0.02064101 0.18951927 
309.00000000 0.15539858 0.17395852 0.04995872 0.14743707 0.26374695 0.02058680 0.18891335 
310.00000000 0.15620143 0.17416417 0.05014740 0.14740808 0.26323653 0.02053233 0.18831006 
311.00000000 0.15700425 0.17436761 0.05033557 0.14737506 0.26273096 0.02047763 0.18770892 
312.00000000 0.15780703 0.17456896 0.05052320 0.14733819 0.26223038 0.02042278 0.18710948 
313.00000000 0.15860980 0.17476833 0.05071026 0.14729763 0.26173489 0.02036782 0.18651127 
314.00000000 0.15941255 0.17496586 0.05089675 0.14725357 0.26124460 0.02031281 0.18591386 
315.00000000 0.16021530 0.17516165 0.05108264 0.14720618 0.26075961 0.02025780 0.18531682 
316.00000000 0.16101805 0.17535582 0.05126791 0.14715563 0.26028001 0.02020284 0.18471974 
317.00000000 0.16182082 0.17554849 0.05145254 0.14710211 0.25980586 0.02014798 0.18412220 
318.00000000 0.16262361 0.17573976 0.05163651 0.14704578 0.25933723 0.02009328 0.18352383 
319.00000000 0.16342642 0.17592974 0.05181980 0.14698683 0.25887418 0.02003878 0.18292424 
320.00000000 0.16422927 0.17611855 0.05200239 0.14692544 0.25841674 0.01998454 0.18232307 
321.00000000 0.16503217 0.17630627 0.05218427 0.14686178 0.25796495 0.01993059 0.18171998 
322.00000000 0.16583511 0.17649302 0.05236542 0.14679604 0.25751882 0.01987698 0.18111462 
323.00000000 0.16663810 0.17667888 0.05254581 0.14672838 0.25707838 0.01982376 0.18050669 
324.00000000 0.16744116 0.17686396 0.05272544 0.14665898 0.25664362 0.01977097 0.17989588 
325.00000000 0.16824427 0.17704833 0.05290428 0.14658803 0.25621453 0.01971865 0.17928190 
326.00000000 0.16904746 0.17723209 0.05308232 0.14651570 0.25579110 0.01966684 0.17866448 
327.00000000 0.16985072 0.17741532 0.05325954 0.14644216 0.25537330 0.01961559 0.17804338 
328.00000000 0.17065405 0.17759808 0.05343593 0.14636758 0.25496110 0.01956492 0.17741834 
329.00000000 0.17145747 0.17778047 0.05361147 0.14629213 0.25455445 0.01951487 0.17678915 
330.00000000 0.17226096 0.17796254 0.05378615 0.14621599 0.25415329 0.01946548 0.17615560 
331.00000000 0.17306454 0.17814436 0.05395996 0.14613931 0.25375757 0.01941678 0.17551750 
332.00000000 0.17386820 0.17832598 0.05413287 0.14606226 0.25336721 0.01936879 0.17487468 
333.00000000 0.17467195 0.17850748 0.05430488 0.14598501 0.25298214 0.01932156 0.17422699 
334.00000000 0.17547579 0.17868889 0.05447598 0.14590770 0.25260226 0.01927510 0.17357428 
335.00000000 0.17627971 0.17887027 0.05464615 0.14583050 0.25222750 0.01922944 0.17291644 
336.00000000 0.17708372 0.17905165 0.05481538 0.14575356 0.25185774 0.01918460 0.17225335 
337.00000000 0.17788782 0.17923308 0.05498367 0.14567702 0.25149288 0.01914062 0.17158492 
338.00000000 0.17869200 0.17941459 0.05515100 0.14560103 0.25113281 0.01909749 0.17091108 
339.00000000 0.17949626 0.17959622 0.05531737 0.14552573 0.25077739 0.01905525 0.17023178 
340.00000000 0.18030061 0.17977798 0.05548276 0.14545125 0.25042651 0.01901391 0.16954697 
341.00000000 0.18110505 0.17995990 0.05564717 0.14537773 0.25008004 0.01897349 0.16885663 
342.00000000 0.18190956 0.18014200 0.05581060 0.14530530 0.24973782 0.01893399 0.16816074 
343.00000000 0.18271415 0.18032429 0.05597303 0.14523407 0.24939973 0.01889543 0.16745930 
344.00000000 0.18351882 0.18050679 0.05613446 0.14516416 0.24906560 0.01885782 0.16675235 
345.00000000 0.18432356 0.18068950 0.05629490 0.14509569 0.24873529 0.01882115 0.16603990 
346.00000000 0.18512837 0.18087243 0.05645433 0.14502876 0.24840864 0.01878545 0.16532202 
347.00000000 0.18593325 0.18105557 0.05661276 0.14496347 0.24808548 0.01875071 0.16459876 
348.00000000 0.18673821 0.18123893 0.05677017 0.14489992 0.24776565 0.01871693 0.16387019 
349.00000000 0.18754322 0.18142250 0.05692659 0.14483820 0.24744897 0.01868411 0.16313641 
350.00000000 0.18834830 0.18160626 0.05708199 0.14477839 0.24713528 0.01865225 0.16239752 
351.00000000 0.18915345 0.18179022 0.05723639 0.14472056 0.24682439 0.01862135 0.16165364 
352.00000000 0.18995865 0.18197435 0.05738979 0.14466480 0.24651614 0.01859139 0.16090488 
353.00000000 0.19076391 0.18215864 0.05754220 0.14461116 0.24621032 0.01856238 0.16015139 
354.00000000 0.19156923 0.18234307 0.05769361 0.14455970 0.24590677 0.01853430 0.15939331 
355.00000000 0.19237461 0.18252763 0.05784403 0.14451048 0.24560530 0.01850714 0.15863082 
356.00000000 0.19318004 0.18271228 0.05799348 0.14446353 0.24530572 0.01848088 0.15786407 
357.00000000 0.19398553 0.18289701 0.05814195 0.14441891 0.24500784 0.01845552 0.15709324 
358.00000000 0.19479107 0.18308179 0.05828946 0.14437663 0.24471147 0.01843104 0.15631854 
359.00000000 0.19559666 0.18326660 0.05843601 0.14433674 0.24441642 0.01840741 0.15554015 
360.00000000 0.19640231 0.18345140 0.05858163 0.14429923 0.24412251 0.01838463 0.15475828 
361.00000000 0.19720802 0.18363616 0.05872631 0.14426414 0.24382955 0.01836267 0.15397316 
362.00000000 0.19801378 0.18382087 0.05887008 0.14423146 0.24353733 0.01834150 0.15318499 
363.00000000 0.19881959 0.18400547 0.05901294 0.14420119 0.24324569 0.01832111 0.15239400 
364.00000000 0.19962547 0.18418996 0.05915492 0.14417332 0.24295442 0.01830147 0.15160045 
365.00000000 0.20043140 0.18437428 0.05929602 0.14414785 0.24266335 0.01828255 0.15080456 
366.00000000 0.20123739 0.18455841 0.05943627 0.14412474 0.24237228 0.01826433 0.15000658 
367.00000000 0.20204345 0.18474231 0.05957567 0.14410398 0.24208104 0.01824678 0.14920676 
368.00000000 0.20284957 0.18492596 0.05971426 0.14408553 0.24178944 0.01822987 0.14840537 
369.00000000 0.20365576 0.18510932 0.05985205 0.14406934 0.24149730 0.01821357 0.14760265 
370.00000000 0.20446203 0.18529235 0.05998906 0.14405539 0.24120446 0.01819785 0.14679888 
371.00000000 0.20526836 0.18547502 0.06012531 0.14404360 0.24091073 0.01818267 0.14599431 
372.00000000 0.20607477 0.18565729 0.06026082 0.14403394 0.24061595 0.01816801 0.14518922 
373.00000000 0.20688127 0.18583915 0.06039561 0.14402633 0.24031994 0.01815382 0.14438388 
374.00000000 0.20768785 0.18602054 0.06052972 0.14402071 0.24002256 0.01814009 0.14357855 
375.00000000 0.20849451 0.18620143 0.06066315 0.14401700 0.23972363 0.01812676 0.14277352 
376.00000000 0.20930127 0.18638181 0.06079594 0.14401513 0.23942300 0.01811381 0.14196905 
377.00000000 0.21010812 0.18656162 0.06092811 0.14401502 0.23912052 0.01810120 0.14116541 
378.00000000 0.21091508 0.18674084 0.06105969 0.14401657 0.23881605 0.01808889 0.14036287 
379.00000000 0.21172214 0.18691944 0.06119069 0.14401971 0.23850945 0.01807685 0.13956172 
380.00000000 0.21252930 0.18709739 0.06132116 0.14402433 0.23820057 0.01806504 0.13876221 
381.00000000 0.21333658 0.18727466 0.06145111 0.14403033 0.23788929 0.01805342 0.13796462 
382.00000000 0.21414397 0.18745121 0.06158057 0.14403762 0.23757547 0.01804196 0.13716921 
383.00000000 0.21495148 0.18762701 0.06170957 0.14404608 0.23725901 0.01803061 0.13637624 
384.00000000 0.21575912 0.18780204 0.06183813 0.14405561 0.23693978 0.01801935 0.13558596 
385.00000000 0.21656688 0.18797627 0.06196628 0.14406611 0.23661768 0.01800813 0.13479865 
386.00000000 0.21737477 0.18814966 0.06209406 0.14407744 0.23629260 0.01799692 0.13401455 
387.00000000 0.21818280 0.18832220 0.06222148 0.14408951 0.23596445 0.01798567 0.13323390 
388.00000000 0.21899096 0.18849384 0.06234858 0.14410218 0.23563312 0.01797436 0.13245695 
389.00000000 0.21979927 0.18866457 0.06247538 0.14411536 0.23529855 0.01796295 0.13168393 
390.00000000 0.22060772 0.18883435 0.06260191 0.14412890 0.23496065 0.01795140 0.13091509 
391.00000000 0.22141631 0.18900316 0.06272819 0.14414269 0.23461934 0.01793967 0.13015064 
392.00000000 0.22222505 0.18917097 0.06285426 0.14415662 0.23427456 0.01792774 0.12939080 
393.00000000 0.22303394 0.18933775 0.06298014 0.14417055 0.23392626 0.01791556 0.12863580 
394.00000000 0.22384298 0.18950348 0.06310585 0.14418436 0.23357437 0.01790311 0.12788584 
395.00000000 0.22465218 0.18966813 0.06323143 0.14419794 0.23321886 0.01789035 0.12714111 
396.00000000 0.22546153 0.18983167 0.06335689 0.14421115 0.23285968 0.01787724 0.12640182 
397.00000000 0.22627104 0.18999409 0.06348226 0.14422389 0.23249681 0.01786377 0.12566815 
398.00000000 0.22708071 0.19015534 0.06360757 0.14423602 0.23213020 0.01784989 0.12494028 
399.00000000 0.22789053 0.19031541 0.06373284 0.14424742 0.23175985 0.01783557 0.12421838 
400.00000000 0.22870051 0.19047427 0.06385809 0.14425798 0.23138574 0.01782080 0.12350261 
401.00000000 0.22951064 0.19063189 0.06398334 0.14426759 0.23100787 0.01780554 0.12279313 
402.00000000 0.23032094 0.19078824 0.06410862 0.14427612 0.23062622 0.01778976 0.12209009 
403.00000000 0.23113139 0.19094331 0.06423395 0.14428346 0.23024082 0.01777344 0.12139363 
404.00000000 0.23194199 0.19109706 0.06435934 0.14428951 0.22985167 0.01775655 0.12070387 
405.00000000 0.23275275 0.19124947 0.06448482 0.14429415 0.22945880 0.01773908 0.12002094 
406.00000000 0.23356366 0.19140050 0.06461040 0.14429727 0.22906221 0.01772100 0.11934495 
407.00000000 0.23437473 0.19155015 0.06473611 0.14429878 0.22866196 0.01770228 0.11867600 
408.00000000 0.23518594 0.19169837 0.06486195 0.14429858 0.22825806 0.01768291 0.11801419 
409.00000000 0.23599730 0.19184514 0.06498794 0.14429656 0.22785058 0.01766288 0.11735960 
410.00000000 0.23680881 0.19199044 0.06511410 0.14429263 0.22743955 0.01764216 0.11671232 
411.00000000 0.23762046 0.19213424 0.06524043 0.14428671 0.22702502 0.01762073 0.11607240 
412.00000000 0.23843225 0.19227652 0.06536696 0.14427870 0.22660706 0.01759859 0.11543992 
413.00000000 0.23924418 0.19241724 0.06549369 0.14426852 0.22618574 0.01757572 0.11481491 
414.00000000 0.24005625 0.19255638 0.06562063 0.14425610 0.22576111 0.01755211 0.11419742 
415.00000000 0.24086844 0.19269392 0.06574780 0.14424135 0.22533326 0.01752774 0.11358748 
416.00000000 0.24168077 0.19282983 0.06587519 0.14422421 0.22490226 0.01750262 0.11298512 
417.00000000 0.24249323 0.19296409 0.06600282 0.14420460 0.22446819 0.01747673 0.11239034 
418.00000000 0.24330581 0.19309666 0.06613069 0.14418247 0.22403115 0.01745006 0.11180316 
419.00000000 0.24411851 0.19322753 0.06625880 0.14415775 0.22359123 0.01742262 0.11122356 
420.00000000 0.24493134 0.19335667 0.06638716 0.14413039 0.22314851 0.01739439 0.11065155 
421.00000000 0.24574427 0.19348406 0.06651576 0.14410033 0.22270310 0.01736538 0.11008709 
422.00000000 0.24655733 0.19360968 0.06664462 0.14406753 0.22225510 0.01733558 0.10953016 
423.00000000 0.24737049 0.19373350 0.06677373 0.14403195 0.22180461 0.01730499 0.10898073 
424.00000000 0.24818377 0.19385550 0.06690308 0.14399354 0.22135175 0.01727363 0.10843874 
425.00000000 0.24899715 0.19397565 0.06703268 0.14395227 0.22089662 0.01724148 0.10790414 
426.00000000 0.24981063 0.19409395 0.06716252 0.14390812 0.22043934 0.01720856 0.10737688 
427.00000000 0.25062422 0.19421037 0.06729259 0.14386104 0.21998003 0.01717486 0.10685689 
428.00000000 0.25143791 0.19432488 0.06742290 0.14381103 0.21951879 0.01714041 0.10634408 
429.00000000 0.25225170 0.19443749 0.06755342 0.14375806 0.21905575 0.01710520 0.10583838 
430.00000000 0.25306559 0.19454816 0.06768416 0.14370211 0.21859103 0.01706925 0.10533970 
431.00000000 0.25387958 0.19465688 0.06781511 0.14364318 0.21812476 0.01703256 0.10484794 
432.00000000 0.25469366 0.19476363 0.06794625 0.14358127 0.21765704 0.01699515 0.10436300 
433.00000000 0.25550784 0.19486842 0.06807757 0.14351636 0.21718802 0.01695702 0.10388477 
434.00000000 0.25632211 0.19497121 0.06820906 0.14344845 0.21671781 0.01691821 0.10341314 
435.00000000 0.25713648 0.19507201 0.06834072 0.14337756 0.21624653 0.01687871 0.10294799 
436.00000000 0.25795095 0.19517080 0.06847251 0.14330369 0.21577432 0.01683855 0.10248918 
437.00000000 0.25876550 0.19526758 0.06860444 0.14322685 0.21530130 0.01679773 0.10203660 
438.00000000 0.25958016 0.19536234 0.06873648 0.14314705 0.21482759 0.01675629 0.10159009 
439.00000000 0.26039491 0.19545507 0.06886862 0.14306432 0.21435331 0.01671424 0.10114954 
