0.00000000 0.00009100 0.00824756 0.00398765 0.00044719 0.21730518 0.00593771 0.76398371 
1.00000000 0.00009100 0.00824756 0.00398765 0.00044720 0.21730519 0.00593771 0.76398370 
2.00000000 0.00009102 0.00824763 0.00398767 0.00044737 0.21730545 0.00593772 0.76398314 
3.00000000 0.00009108 0.00824797 0.00398777 0.00044814 0.21730672 0.00593779 0.76398052 
4.00000000 0.00009126 0.00824890 0.00398805 0.00045023 0.21731025 0.00593798 0.76397333 
5.00000000 0.00009164 0.00825087 0.00398863 0.00045466 0.21731777 0.00593837 0.76395807 
6.00000000 0.00009232 0.00825445 0.00398968 0.00046270 0.21733145 0.00593908 0.76393031 
7.00000000 0.00009345 0.00826032 0.00399141 0.00047590 0.21735395 0.00594026 0.76388471 
8.00000000 0.00009517 0.00826927 0.00399405 0.00049609 0.21738830 0.00594205 0.76381507 
9.00000000 0.00009766 0.00828221 0.00399785 0.00052530 0.21743795 0.00594466 0.76371437 
10.00000000 0.00010110 0.00830012 0.00400312 0.00056582 0.21750671 0.00594827 0.76357485 
11.00000000 0.00010572 0.00832408 0.00401015 0.00062016 0.21759869 0.00595313 0.76338807 
12.00000000 0.00011172 0.00835523 0.00401928 0.00069102 0.21771829 0.00595948 0.76314498 
13.00000000 0.00011936 0.00839479 0.00403086 0.00078126 0.21787016 0.00596758 0.76283599 
14.00000000 0.00012888 0.00844402 0.00404525 0.00089394 0.21805915 0.00597771 0.76245104 
15.00000000 0.00014055 0.00850423 0.00406281 0.00103224 0.21829025 0.00599018 0.76197973 
16.00000000 0.00015462 0.00857677 0.00408393 0.00119946 0.21856859 0.00600529 0.76141133 
17.00000000 0.00017138 0.00866299 0.00410896 0.00139901 0.21889934 0.00602338 0.76073494 
18.00000000 0.00019111 0.00876427 0.00413830 0.00163435 0.21928769 0.00604476 0.75993952 
19.00000000 0.00021408 0.00888197 0.00417231 0.00190903 0.21973882 0.00606980 0.75901400 
20.00000000 0.00024057 0.00901744 0.00421134 0.00222659 0.22025785 0.00609884 0.75794738 
21.00000000 0.00027087 0.00917202 0.00425573 0.00259060 0.22084976 0.00613224 0.75672878 
22.00000000 0.00030524 0.00934700 0.00430581 0.00300461 0.22151939 0.00617038 0.75534756 
23.00000000 0.00034396 0.00954363 0.00436189 0.00347213 0.22227141 0.00621360 0.75379338 
24.00000000 0.00038728 0.00976312 0.00442425 0.00399659 0.22311022 0.00626230 0.75205625 
25.00000000 0.00043545 0.01000658 0.00449313 0.00458136 0.22404000 0.00631682 0.75012665 
26.00000000 0.00048873 0.01027509 0.00456877 0.00522968 0.22506461 0.00637755 0.74799557 
27.00000000 0.00054732 0.01056964 0.00465136 0.00594466 0.22618759 0.00644484 0.74565459 
28.00000000 0.00061145 0.01089113 0.00474104 0.00672927 0.22741213 0.00651906 0.74309591 
29.00000000 0.00068131 0.01124036 0.00483796 0.00758632 0.22874106 0.00660056 0.74031242 
30.00000000 0.00075709 0.01161807 0.00494218 0.00851842 0.23017679 0.00668968 0.73729777 
31.00000000 0.00083894 0.01202485 0.00505376 0.00952795 0.23172135 0.00678677 0.73404637 
32.00000000 0.00092702 0.01246124 0.00517269 0.01061713 0.23337632 0.00689215 0.73055345 
33.00000000 0.00102145 0.01292762 0.00529895 0.01178788 0.23514286 0.00700614 0.72681509 
34.00000000 0.00112234 0.01342431 0.00543245 0.01304192 0.23702169 0.00712904 0.72282825 
35.00000000 0.00122977 0.01395148 0.00557308 0.01438069 0.23901307 0.00726114 0.71859078 
36.00000000 0.00134382 0.01450921 0.00572068 0.01580535 0.24111680 0.00740272 0.71410143 
37.00000000 0.00146452 0.01509747 0.00587505 0.01731679 0.24333225 0.00755403 0.70935990 
38.00000000 0.00159190 0.01571610 0.00603594 0.01891564 0.24565831 0.00771532 0.70436679 
39.00000000 0.00172597 0.01636485 0.00620308 0.02060219 0.24809346 0.00788683 0.69912363 
40.00000000 0.00186671 0.01704335 0.00637615 0.02237647 0.25063568 0.00806874 0.69363289 
41.00000000 0.00201409 0.01775113 0.00655480 0.02423820 0.25328256 0.00826125 0.68789795 
42.00000000 0.00216806 0.01848762 0.00673864 0.02618681 0.25603125 0.00846454 0.68192308 
43.00000000 0.00232853 0.01925213 0.00692725 0.02822143 0.25887845 0.00867874 0.67571346 
44.00000000 0.00249542 0.02004390 0.00712018 0.03034089 0.26182049 0.00890399 0.66927512 
45.00000000 0.00266863 0.02086206 0.00731694 0.03254373 0.26485328 0.00914039 0.66261497 
46.00000000 0.00284802 0.02170567 0.00751704 0.03482821 0.26797233 0.00938802 0.65574071 
47.00000000 0.00303347 0.02257369 0.00771995 0.03719232 0.27117279 0.00964695 0.64866084 
48.00000000 0.00322480 0.02346502 0.00792511 0.03963375 0.27444945 0.00991720 0.64138466 
49.00000000 0.00342187 0.02437849 0.00813196 0.04214997 0.27779676 0.01019880 0.63392215 
50.00000000 0.00362450 0.02531286 0.00833993 0.04473816 0.28120880 0.01049174 0.62628401 
51.00000000 0.00383249 0.02626685 0.00854841 0.04739529 0.28467936 0.01079598 0.61848162 
52.00000000 0.00404566 0.02723912 0.00875681 0.05011809 0.28820192 0.01111146 0.61052694 
53.00000000 0.00426379 0.02822829 0.00896453 0.05290308 0.29176968 0.01143811 0.60243252 
54.00000000 0.00448670 0.02923296 0.00917096 0.05574658 0.29537554 0.01177581 0.59421145 
55.00000000 0.00471416 0.03025171 0.00937550 0.05864473 0.29901216 0.01212444 0.58587730 
56.00000000 0.00494596 0.03128310 0.00957754 0.06159350 0.30267198 0.01248384 0.57744409 
57.00000000 0.00518189 0.03232567 0.00977650 0.06458871 0.30634719 0.01285384 0.56892621 
58.00000000 0.00542174 0.03337799 0.00997180 0.06762604 0.31002979 0.01323422 0.56033842 
59.00000000 0.00566530 0.03443863 0.01016288 0.07070106 0.31371161 0.01362477 0.55169574 
60.00000000 0.00591237 0.03550618 0.01034921 0.07380923 0.31738431 0.01402524 0.54301347 
61.00000000 0.00616275 0.03657926 0.01053024 0.07694594 0.32103941 0.01443534 0.53430706 
62.00000000 0.00641625 0.03765654 0.01070550 0.08010650 0.32466831 0.01485479 0.52559210 
63.00000000 0.00667269 0.03873673 0.01087452 0.08328619 0.32826233 0.01528326 0.51688428 
64.00000000 0.00693189 0.03981858 0.01103686 0.08648025 0.33181271 0.01572042 0.50819929 
65.00000000 0.00719371 0.04090092 0.01119213 0.08968389 0.33531065 0.01616590 0.49955280 
66.00000000 0.00745799 0.04198264 0.01133995 0.09289237 0.33874735 0.01661932 0.49096039 
67.00000000 0.00772460 0.04306271 0.01148001 0.09610092 0.34211399 0.01708028 0.48243748 
68.00000000 0.00799344 0.04414019 0.01161202 0.09930484 0.34540182 0.01754835 0.47399934 
69.00000000 0.00826439 0.04521420 0.01173575 0.10249947 0.34860213 0.01802311 0.46566094 
70.00000000 0.00853738 0.04628398 0.01185100 0.10568023 0.35170634 0.01850409 0.45743699 
71.00000000 0.00881234 0.04734885 0.01195762 0.10884261 0.35470596 0.01899081 0.44934180 
72.00000000 0.00908923 0.04840823 0.01205552 0.11198221 0.35759268 0.01948281 0.44138932 
73.00000000 0.00936801 0.04946163 0.01214465 0.11509474 0.36035838 0.01997957 0.43359302 
74.00000000 0.00964868 0.05050869 0.01222500 0.11817604 0.36299515 0.02048057 0.42596587 
75.00000000 0.00993123 0.05154912 0.01229663 0.12122206 0.36549533 0.02098531 0.41852030 
76.00000000 0.01021571 0.05258275 0.01235964 0.12422894 0.36785154 0.02149324 0.41126817 
77.00000000 0.01050214 0.05360951 0.01241418 0.12719295 0.37005669 0.02200383 0.40422070 
78.00000000 0.01079060 0.05462942 0.01246045 0.13011052 0.37210405 0.02251652 0.39738844 
79.00000000 0.01108115 0.05564260 0.01249869 0.13297830 0.37398724 0.02303077 0.39078126 
80.00000000 0.01137389 0.05664926 0.01252920 0.13579309 0.37570025 0.02354601 0.38440830 
81.00000000 0.01166892 0.05764971 0.01255232 0.13855189 0.37723750 0.02406170 0.37827796 
82.00000000 0.01196636 0.05864433 0.01256843 0.14125191 0.37859385 0.02457726 0.37239785 
83.00000000 0.01226634 0.05963357 0.01257797 0.14389055 0.37976458 0.02509215 0.36677482 
84.00000000 0.01256901 0.06061797 0.01258140 0.14646544 0.38074548 0.02560581 0.36141490 
85.00000000 0.01287449 0.06159811 0.01257922 0.14897440 0.38153280 0.02611768 0.35632329 
86.00000000 0.01318295 0.06257465 0.01257198 0.15141548 0.38212331 0.02662724 0.35150440 
87.00000000 0.01349455 0.06354826 0.01256023 0.15378695 0.38251428 0.02713393 0.34696179 
88.00000000 0.01380943 0.06451970 0.01254458 0.15608729 0.38270352 0.02763725 0.34269823 
89.00000000 0.01412776 0.06548971 0.01252566 0.15831521 0.38268935 0.02813666 0.33871565 
90.00000000 0.01444969 0.06645906 0.01250410 0.16046964 0.38247064 0.02863168 0.33501518 
91.00000000 0.01477537 0.06742856 0.01248058 0.16254973 0.38204680 0.02912181 0.33159716 
92.00000000 0.01510494 0.06839899 0.01245576 0.16455482 0.38141775 0.02960657 0.32846116 
93.00000000 0.01543852 0.06937112 0.01243035 0.16648452 0.38058398 0.03008552 0.32560599 
94.00000000 0.01577625 0.07034570 0.01240503 0.16833859 0.37954649 0.03055822 0.32302973 
95.00000000 0.01611821 0.07132347 0.01238051 0.17011705 0.37830679 0.03102423 0.32072974 
96.00000000 0.01646449 0.07230510 0.01235749 0.17182009 0.37686692 0.03148318 0.31870273 
97.00000000 0.01681517 0.07329123 0.01233667 0.17344810 0.37522943 0.03193467 0.31694473 
98.00000000 0.01717028 0.07428242 0.01231873 0.17500170 0.37339732 0.03237836 0.31545120 
99.00000000 0.01752985 0.07527918 0.01230436 0.17648164 0.37137410 0.03281390 0.31421697 
100.00000000 0.01789387 0.07628192 0.01229422 0.17788890 0.36916372 0.03324099 0.31323638 
101.00000000 0.01826232 0.07729098 0.01228896 0.17922461 0.36677057 0.03365933 0.31250323 
102.00000000 0.01863513 0.07830658 0.01228921 0.18049006 0.36419947 0.03406867 0.31201088 
103.00000000 0.01901221 0.07932886 0.01229557 0.18168672 0.36145561 0.03446877 0.31175225 
104.00000000 0.01939346 0.08035783 0.01230862 0.18281620 0.35854460 0.03485941 0.31171988 
105.00000000 0.01977873 0.08139338 0.01232890 0.18388023 0.35547238 0.03524040 0.31190598 
106.00000000 0.02016784 0.08243528 0.01235695 0.18488071 0.35224523 0.03561157 0.31230243 
107.00000000 0.02056058 0.08348316 0.01239323 0.18581963 0.34886975 0.03597279 0.31290086 
108.00000000 0.02095671 0.08453653 0.01243819 0.18669913 0.34535283 0.03632393 0.31369269 
109.00000000 0.02135597 0.08559474 0.01249225 0.18752141 0.34170160 0.03666491 0.31466912 
110.00000000 0.02175807 0.08665701 0.01255577 0.18828880 0.33792347 0.03699564 0.31582123 
111.00000000 0.02216269 0.08772241 0.01262909 0.18900371 0.33402604 0.03731609 0.31713998 
112.00000000 0.02256948 0.08878987 0.01271248 0.18966860 0.33001712 0.03762622 0.31861624 
113.00000000 0.02297808 0.08985816 0.01280620 0.19028602 0.32590468 0.03792602 0.32024085 
114.00000000 0.02338810 0.09092592 0.01291043 0.19085856 0.32169684 0.03821553 0.32200462 
115.00000000 0.02379914 0.09199164 0.01302534 0.19138885 0.31740186 0.03849476 0.32389840 
116.00000000 0.02421078 0.09305367 0.01315103 0.19187958 0.31302808 0.03876377 0.32591308 
117.00000000 0.02462260 0.09411022 0.01328757 0.19233344 0.30858392 0.03902263 0.32803961 
118.00000000 0.02503417 0.09515939 0.01343497 0.19275312 0.30407786 0.03927144 0.33026905 
119.00000000 0.02544504 0.09619912 0.01359322 0.19314133 0.29951841 0.03951028 0.33259259 
120.00000000 0.02585479 0.09722727 0.01376223 0.19350078 0.29491409 0.03973928 0.33500156 
121.00000000 0.02626298 0.09824157 0.01394190 0.19383413 0.29027340 0.03995858 0.33748743 
122.00000000 0.02666920 0.09923966 0.01413207 0.19414405 0.28560481 0.04016830 0.34004189 
123.00000000 0.02707305 0.10021909 0.01433255 0.19443315 0.28091672 0.04036862 0.34265681 
124.00000000 0.02747414 0.10117734 0.01454310 0.19470398 0.27621748 0.04055968 0.34532428 
125.00000000 0.02787211 0.10211180 0.01476345 0.19495905 0.27151530 0.04074168 0.34803660 
126.00000000 0.02826663 0.10301985 0.01499328 0.19520081 0.26681831 0.04091478 0.35078634 
127.00000000 0.02865740 0.10389880 0.01523224 0.19543162 0.26213446 0.04107919 0.35356628 
128.00000000 0.02904416 0.10474596 0.01547998 0.19565375 0.25747155 0.04123509 0.35636950 
129.00000000 0.02942669 0.10555861 0.01573606 0.19586941 0.25283722 0.04138269 0.35918932 
130.00000000 0.02980481 0.10633405 0.01600007 0.19608066 0.24823888 0.04152219 0.36201933 
131.00000000 0.03017841 0.10706960 0.01627154 0.19628950 0.24368373 0.04165381 0.36485341 
132.00000000 0.03054740 0.10776262 0.01654997 0.19649780 0.23917874 0.04177775 0.36768571 
133.00000000 0.03091176 0.10841054 0.01683488 0.19670730 0.23473062 0.04189423 0.37051067 
134.00000000 0.03127154 0.10901082 0.01712574 0.19691962 0.23034580 0.04200347 0.37332299 
135.00000000 0.03162684 0.10956106 0.01742201 0.19713626 0.22603045 0.04210568 0.37611769 
136.00000000 0.03197782 0.11005893 0.01772315 0.19735856 0.22179042 0.04220107 0.37889005 
137.00000000 0.03232471 0.11050222 0.01802858 0.19758775 0.21763126 0.04228986 0.38163563 
138.00000000 0.03266778 0.11088886 0.01833775 0.19782489 0.21355817 0.04237226 0.38435027 
139.00000000 0.03300741 0.11121693 0.01865010 0.19807092 0.20957606 0.04244849 0.38703010 
140.00000000 0.03334399 0.11148467 0.01896504 0.19832660 0.20568946 0.04251876 0.38967148 
141.00000000 0.03367802 0.11169049 0.01928201 0.19859257 0.20190256 0.04258326 0.39227109 
142.00000000 0.03401003 0.11183301 0.01960044 0.19886930 0.19821920 0.04264221 0.39482581 
143.00000000 0.03434062 0.11191101 0.01991978 0.19915712 0.19464286 0.04269579 0.39733282 
144.00000000 0.03467044 0.11192351 0.02023948 0.19945620 0.19117665 0.04274422 0.39978950 
145.00000000 0.03500019 0.11186974 0.02055899 0.19976658 0.18782332 0.04278767 0.40219350 
146.00000000 0.03533064 0.11174916 0.02087779 0.20008814 0.18458525 0.04282634 0.40454267 
147.00000000 0.03566258 0.11156146 0.02119537 0.20042062 0.18146447 0.04286041 0.40683508 
148.00000000 0.03599685 0.11130657 0.02151124 0.20076361 0.17846264 0.04289006 0.40906902 
149.00000000 0.03633431 0.11098467 0.02182493 0.20111658 0.17558109 0.04291546 0.41124297 
150.00000000 0.03667586 0.11059619 0.02213597 0.20147886 0.17282078 0.04293677 0.41335557 
151.00000000 0.03702243 0.11014179 0.02244393 0.20184966 0.17018235 0.04295417 0.41540567 
152.00000000 0.03737493 0.10962241 0.02274842 0.20222806 0.16766612 0.04296781 0.41739226 
153.00000000 0.03773430 0.10903922 0.02304904 0.20261305 0.16527207 0.04297784 0.41931448 
154.00000000 0.03810148 0.10839364 0.02334543 0.20300349 0.16299991 0.04298441 0.42117163 
155.00000000 0.03847740 0.10768735 0.02363727 0.20339816 0.16084905 0.04298767 0.42296310 
156.00000000 0.03886296 0.10692226 0.02392424 0.20379573 0.15881863 0.04298775 0.42468843 
157.00000000 0.03925904 0.10610050 0.02420606 0.20419482 0.15690753 0.04298479 0.42634726 
158.00000000 0.03966650 0.10522445 0.02448249 0.20459395 0.15511439 0.04297891 0.42793931 
159.00000000 0.04008613 0.10429670 0.02475329 0.20499159 0.15343763 0.04297025 0.42946440 
160.00000000 0.04051871 0.10332004 0.02501827 0.20538617 0.15187548 0.04295892 0.43092242 
161.00000000 0.04096492 0.10229745 0.02527726 0.20577606 0.15042595 0.04294504 0.43231332 
162.00000000 0.04142541 0.10123213 0.02553011 0.20615960 0.14908691 0.04292872 0.43363711 
163.00000000 0.04190074 0.10012743 0.02577672 0.20653513 0.14785606 0.04291007 0.43489386 
164.00000000 0.04239140 0.09898683 0.02601698 0.20690094 0.14673099 0.04288919 0.43608367 
165.00000000 0.04289777 0.09781401 0.02625083 0.20725535 0.14570915 0.04286620 0.43720668 
166.00000000 0.04342018 0.09661274 0.02647824 0.20759668 0.14478792 0.04284119 0.43826305 
167.00000000 0.04395883 0.09538690 0.02669918 0.20792328 0.14396457 0.04281426 0.43925298 
168.00000000 0.04451383 0.09414048 0.02691367 0.20823351 0.14323633 0.04278550 0.44017668 
169.00000000 0.04508518 0.09287754 0.02712173 0.20852578 0.14260038 0.04275501 0.44103437 
170.00000000 0.04567278 0.09160220 0.02732342 0.20879855 0.14205386 0.04272289 0.44182630 
171.00000000 0.04627641 0.09031862 0.02751880 0.20905033 0.14159391 0.04268923 0.44255271 
172.00000000 0.04689573 0.08903096 0.02770797 0.20927971 0.14121764 0.04265412 0.44321385 
173.00000000 0.04753030 0.08774343 0.02789104 0.20948535 0.14092220 0.04261767 0.44381001 
174.00000000 0.04817956 0.08646018 0.02806812 0.20966599 0.14070476 0.04257996 0.44434143 
175.00000000 0.04884282 0.08518535 0.02823937 0.20982046 0.14056250 0.04254109 0.44480840 
176.00000000 0.04951930 0.08392302 0.02840494 0.20994769 0.14049269 0.04250116 0.44521120 
177.00000000 0.05020809 0.08267719 0.02856500 0.21004671 0.14049261 0.04246029 0.44555011 
178.00000000 0.05090817 0.08145180 0.02871973 0.21011666 0.14055965 0.04241856 0.44582542 
179.00000000 0.05161845 0.08025066 0.02886931 0.21015680 0.14069125 0.04237610 0.44603743 
180.00000000 0.05233769 0.07907747 0.02901397 0.21016650 0.14088492 0.04233302 0.44618643 
181.00000000 0.05306459 0.07793578 0.02915389 0.21014526 0.14113830 0.04228944 0.44627273 
182.00000000 0.05379775 0.07682901 0.02928932 0.21009269 0.14144910 0.04224548 0.44629665 
183.00000000 0.05453569 0.07576040 0.02942046 0.21000855 0.14181512 0.04220128 0.44625851 
184.00000000 0.05527686 0.07473302 0.02954754 0.20989270 0.14223429 0.04215697 0.44615863 
185.00000000 0.05601963 0.07374973 0.02967080 0.20974515 0.14270463 0.04211270 0.44599734 
186.00000000 0.05676234 0.07281322 0.02979048 0.20956603 0.14322431 0.04206863 0.44577499 
187.00000000 0.05750326 0.07192594 0.02990681 0.20935560 0.14379157 0.04202491 0.44549191 
188.00000000 0.05824063 0.07109014 0.03002003 0.20911424 0.14440479 0.04198172 0.44514844 
189.00000000 0.05897265 0.07030783 0.03013038 0.20884248 0.14506248 0.04193923 0.44474494 
190.00000000 0.05969752 0.06958080 0.03023808 0.20854095 0.14576326 0.04189763 0.44428176 
191.00000000 0.06041342 0.06891058 0.03034338 0.20821039 0.14650586 0.04185712 0.44375924 
192.00000000 0.06111854 0.06829848 0.03044650 0.20785169 0.14728915 0.04181790 0.44317773 
193.00000000 0.06181108 0.06774556 0.03054768 0.20746582 0.14811212 0.04178019 0.44253756 
194.00000000 0.06248926 0.06725263 0.03064711 0.20705386 0.14897386 0.04174421 0.44183907 
195.00000000 0.06315133 0.06682025 0.03074503 0.20661701 0.14987358 0.04171020 0.44108259 
196.00000000 0.06379561 0.06644875 0.03084165 0.20615655 0.15081062 0.04167840 0.44026842 
197.00000000 0.06442044 0.06613820 0.03093715 0.20567386 0.15178441 0.04164907 0.43939688 
198.00000000 0.06502424 0.06588845 0.03103173 0.20517038 0.15279449 0.04162246 0.43846824 
199.00000000 0.06560551 0.06569912 0.03112558 0.20464765 0.15384050 0.04159885 0.43748279 
200.00000000 0.06616283 0.06556957 0.03121887 0.20410726 0.15492218 0.04157852 0.43644077 
201.00000000 0.06669485 0.06549898 0.03131177 0.20355089 0.15603934 0.04156174 0.43534244 
202.00000000 0.06720034 0.06548628 0.03140444 0.20298023 0.15719187 0.04154883 0.43418801 
203.00000000 0.06767817 0.06553022 0.03149702 0.20239705 0.15837976 0.04154007 0.43297771 
204.00000000 0.06812732 0.06562936 0.03158964 0.20180315 0.15960304 0.04153578 0.43171171 
205.00000000 0.06854689 0.06578205 0.03168243 0.20120035 0.16086180 0.04153626 0.43039022 
206.00000000 0.06893609 0.06598648 0.03177551 0.20059050 0.16215618 0.04154184 0.42901340 
207.00000000 0.06929427 0.06624069 0.03186898 0.19997547 0.16348634 0.04155283 0.42758142 
208.00000000 0.06962091 0.06654255 0.03196293 0.19935712 0.16485248 0.04156955 0.42609445 
209.00000000 0.06991562 0.06688980 0.03205744 0.19873733 0.16625483 0.04159234 0.42455265 
210.00000000 0.07017814 0.06728007 0.03215258 0.19811794 0.16769358 0.04162151 0.42295618 
211.00000000 0.07040834 0.06771086 0.03224840 0.19750081 0.16916895 0.04165740 0.42130524 
212.00000000 0.07060624 0.06817958 0.03234496 0.19688774 0.17068114 0.04170032 0.41960002 
213.00000000 0.07077200 0.06868357 0.03244228 0.19628053 0.17223030 0.04175060 0.41784074 
214.00000000 0.07090588 0.06922009 0.03254039 0.19568091 0.17381655 0.04180855 0.41602764 
215.00000000 0.07100830 0.06978635 0.03263930 0.19509060 0.17543995 0.04187449 0.41416100 
216.00000000 0.07107981 0.07037953 0.03273901 0.19451125 0.17710052 0.04194872 0.41224116 
217.00000000 0.07112108 0.07099678 0.03283950 0.19394444 0.17879818 0.04203154 0.41026848 
218.00000000 0.07113288 0.07163523 0.03294075 0.19339172 0.18053278 0.04212324 0.40824340 
219.00000000 0.07111612 0.07229204 0.03304273 0.19285454 0.18230408 0.04222411 0.40616639 
220.00000000 0.07107181 0.07296436 0.03314538 0.19233429 0.18411172 0.04233440 0.40403803 
221.00000000 0.07100108 0.07364941 0.03324865 0.19183229 0.18595525 0.04245438 0.40185895 
222.00000000 0.07090513 0.07434442 0.03335247 0.19134976 0.18783408 0.04258429 0.39962985 
223.00000000 0.07078526 0.07504671 0.03345676 0.19088784 0.18974752 0.04272436 0.39735154 
224.00000000 0.07064287 0.07575365 0.03356142 0.19044760 0.19169473 0.04287480 0.39502492 
225.00000000 0.07047942 0.07646270 0.03366636 0.19003000 0.19367474 0.04303581 0.39265097 
226.00000000 0.07029645 0.07717143 0.03377145 0.18963589 0.19568645 0.04320756 0.39023078 
227.00000000 0.07009553 0.07787750 0.03387658 0.18926604 0.19772859 0.04339021 0.38776554 
228.00000000 0.06987831 0.07857870 0.03398161 0.18892114 0.19979978 0.04358391 0.38525655 
229.00000000 0.06964648 0.07927293 0.03408640 0.18860173 0.20189847 0.04378876 0.38270522 
230.00000000 0.06940176 0.07995826 0.03419079 0.18830830 0.20402297 0.04400488 0.38011304 
231.00000000 0.06914589 0.08063287 0.03429462 0.18804120 0.20617145 0.04423232 0.37748166 
232.00000000 0.06888064 0.08129510 0.03439772 0.18780069 0.20834192 0.04447114 0.37481280 
233.00000000 0.06860777 0.08194345 0.03449991 0.18758692 0.21053227 0.04472137 0.37210830 
234.00000000 0.06832906 0.08257659 0.03460101 0.18739997 0.21274025 0.04498301 0.36937011 
235.00000000 0.06804629 0.08319334 0.03470083 0.18723976 0.21496346 0.04525603 0.36660028 
236.00000000 0.06776119 0.08379272 0.03479915 0.18710617 0.21719940 0.04554040 0.36380097 
237.00000000 0.06747552 0.08437389 0.03489578 0.18699893 0.21944542 0.04583603 0.36097443 
238.00000000 0.06719096 0.08493620 0.03499051 0.18691771 0.22169879 0.04614283 0.35812300 
239.00000000 0.06690919 0.08547918 0.03508313 0.18686206 0.22395663 0.04646067 0.35524914 
240.00000000 0.06663184 0.08600253 0.03517342 0.18683145 0.22621601 0.04678940 0.35235535 
241.00000000 0.06636049 0.08650613 0.03526116 0.18682525 0.22847388 0.04712884 0.34944425 
242.00000000 0.06609666 0.08699003 0.03534613 0.18684276 0.23072710 0.04747880 0.34651852 
243.00000000 0.06584184 0.08745445 0.03542812 0.18688318 0.23297248 0.04783903 0.34358090 
244.00000000 0.06559741 0.08789977 0.03550691 0.18694563 0.23520677 0.04820929 0.34063422 
245.00000000 0.06536474 0.08832653 0.03558229 0.18702917 0.23742664 0.04858930 0.33768133 
246.00000000 0.06514507 0.08873545 0.03565404 0.18713276 0.23962875 0.04897875 0.33472518 
247.00000000 0.06493963 0.08912738 0.03572196 0.18725532 0.24180969 0.04937731 0.33176871 
248.00000000 0.06474951 0.08950330 0.03578586 0.18739569 0.24396606 0.04978464 0.32881494 
249.00000000 0.06457577 0.08986436 0.03584554 0.18755265 0.24609443 0.05020035 0.32586689 
250.00000000 0.06441936 0.09021181 0.03590083 0.18772493 0.24819137 0.05062405 0.32292764 
251.00000000 0.06428117 0.09054703 0.03595155 0.18791122 0.25025346 0.05105531 0.32000026 
252.00000000 0.06416197 0.09087150 0.03599756 0.18811014 0.25227729 0.05149371 0.31708783 
253.00000000 0.06406248 0.09118682 0.03603869 0.18832031 0.25425949 0.05193877 0.31419345 
254.00000000 0.06398333 0.09149465 0.03607483 0.18854027 0.25619671 0.05239002 0.31132020 
255.00000000 0.06392503 0.09179674 0.03610586 0.18876856 0.25808567 0.05284696 0.30847117 
256.00000000 0.06388805 0.09209493 0.03613169 0.18900370 0.25992314 0.05330908 0.30564941 
257.00000000 0.06387275 0.09239108 0.03615224 0.18924419 0.26170593 0.05377585 0.30285797 
258.00000000 0.06387941 0.09268711 0.03616745 0.18948850 0.26343097 0.05424672 0.30009984 
259.00000000 0.06390822 0.09298498 0.03617730 0.18973511 0.26509524 0.05472114 0.29737800 
260.00000000 0.06395930 0.09328666 0.03618177 0.18998250 0.26669585 0.05519854 0.29469538 
261.00000000 0.06403269 0.09359415 0.03618086 0.19022916 0.26822998 0.05567833 0.29205484 
262.00000000 0.06412832 0.09390941 0.03617462 0.19047358 0.26969494 0.05615993 0.28945920 
263.00000000 0.06424609 0.09423442 0.03616311 0.19071427 0.27108816 0.05664274 0.28691121 
264.00000000 0.06438578 0.09457111 0.03614642 0.19094976 0.27240720 0.05712616 0.28441356 
265.00000000 0.06454714 0.09492140 0.03612466 0.19117862 0.27364977 0.05760957 0.28196883 
266.00000000 0.06472981 0.09528715 0.03609798 0.19139943 0.27481372 0.05809235 0.27957956 
267.00000000 0.06493339 0.09567014 0.03606654 0.19161084 0.27589704 0.05857390 0.27724815 
268.00000000 0.06515740 0.09607211 0.03603055 0.19181150 0.27689790 0.05905359 0.27497695 
269.00000000 0.06540130 0.09649471 0.03599024 0.19200016 0.27781463 0.05953079 0.27276817 
270.00000000 0.06566448 0.09693950 0.03594587 0.19217557 0.27864575 0.06000491 0.27062392 
271.00000000 0.06594629 0.09740794 0.03589772 0.19233658 0.27938995 0.06047530 0.26854621 
272.00000000 0.06624602 0.09790139 0.03584612 0.19248207 0.28004611 0.06094138 0.26653691 
273.00000000 0.06656291 0.09842108 0.03579141 0.19261100 0.28061331 0.06140252 0.26459778 
274.00000000 0.06689612 0.09896814 0.03573397 0.19272240 0.28109080 0.06185813 0.26273044 
275.00000000 0.06724482 0.09954355 0.03567419 0.19281536 0.28147807 0.06230762 0.26093638 
276.00000000 0.06760809 0.10014818 0.03561253 0.19288906 0.28177480 0.06275041 0.25921694 
277.00000000 0.06798500 0.10078273 0.03554942 0.19294275 0.28198086 0.06318591 0.25757333 
278.00000000 0.06837456 0.10144777 0.03548537 0.19297575 0.28209635 0.06361359 0.25600661 
279.00000000 0.06877577 0.10214374 0.03542087 0.19298748 0.28212156 0.06403287 0.25451770 
280.00000000 0.06918758 0.10287090 0.03535647 0.19297744 0.28205702 0.06444325 0.25310735 
281.00000000 0.06960892 0.10362936 0.03529271 0.19294521 0.28190343 0.06484418 0.25177618 
282.00000000 0.07003871 0.10441910 0.03523018 0.19289045 0.28166173 0.06523519 0.25052464 
283.00000000 0.07047583 0.10523993 0.03516947 0.19281292 0.28133304 0.06561577 0.24935303 
284.00000000 0.07091915 0.10609149 0.03511120 0.19271247 0.28091870 0.06598548 0.24826152 
285.00000000 0.07136753 0.10697330 0.03505598 0.19258902 0.28042022 0.06634385 0.24725009 
286.00000000 0.07181983 0.10788470 0.03500447 0.19244258 0.27983934 0.06669048 0.24631860 
287.00000000 0.07227488 0.10882489 0.03495732 0.19227326 0.27917794 0.06702495 0.24546675 
288.00000000 0.07273153 0.10979294 0.03491518 0.19208126 0.27843812 0.06734689 0.24469409 
289.00000000 0.07318862 0.11078776 0.03487872 0.19186682 0.27762211 0.06765594 0.24400003 
290.00000000 0.07364499 0.11180813 0.03484862 0.19163032 0.27673234 0.06795176 0.24338383 
291.00000000 0.07409951 0.11285271 0.03482554 0.19137217 0.27577137 0.06823405 0.24284464 
292.00000000 0.07455104 0.11392003 0.03481016 0.19109288 0.27474191 0.06850253 0.24238145 
293.00000000 0.07499847 0.11500850 0.03480314 0.19079304 0.27364680 0.06875693 0.24199313 
294.00000000 0.07544069 0.11611642 0.03480513 0.19047329 0.27248899 0.06899703 0.24167845 
295.00000000 0.07587664 0.11724199 0.03481679 0.19013435 0.27127158 0.06922262 0.24143602 
296.00000000 0.07630528 0.11838334 0.03483876 0.18977699 0.26999772 0.06943353 0.24126439 
297.00000000 0.07672558 0.11953847 0.03487164 0.18940207 0.26867068 0.06962960 0.24116195 
298.00000000 0.07713657 0.12070535 0.03491604 0.18901046 0.26729381 0.06981072 0.24112705 
299.00000000 0.07753731 0.12188186 0.03497253 0.18860312 0.26587049 0.06997680 0.24115789 
300.00000000 0.07792690 0.12306583 0.03504168 0.18818103 0.26440418 0.07012776 0.24125261 
301.00000000 0.07830448 0.12425504 0.03512401 0.18774522 0.26289838 0.07026357 0.24140929 
302.00000000 0.07866925 0.12544724 0.03522002 0.18729676 0.26135660 0.07038423 0.24162589 
303.00000000 0.07902046 0.12664016 0.03533017 0.18683675 0.25978239 0.07048974 0.24190033 
304.00000000 0.07935741 0.12783149 0.03545489 0.18636630 0.25817927 0.07058017 0.24223046 
305.00000000 0.07967946 0.12901894 0.03559458 0.18588657 0.25655079 0.07065559 0.24261408 
306.00000000 0.07998603 0.13020021 0.03574959 0.18539870 0.25490045 0.07071609 0.24304892 
307.00000000 0.08027661 0.13137301 0.03592023 0.18490388 0.25323176 0.07076181 0.24353269 
308.00000000 0.08055075 0.13253508 0.03610678 0.18440327 0.25154815 0.07079291 0.24406305 
309.00000000 0.08080808 0.13368418 0.03630946 0.18389805 0.24985303 0.07080957 0.24463762 
310.00000000 0.08104828 0.13481814 0.03652845 0.18338940 0.24814974 0.07081200 0.24525399 
311.00000000 0.08127113 0.13593480 0.03676388 0.18287847 0.24644155 0.07080043 0.24590974 
312.00000000 0.08147647 0.13703207 0.03701583 0.18236641 0.24473168 0.07077512 0.24660241 
313.00000000 0.08166420 0.13810796 0.03728434 0.18185435 0.24302325 0.07073636 0.24732954 
314.00000000 0.08183434 0.13916049 0.03756939 0.18134340 0.24131928 0.07068444 0.24808867 
315.00000000 0.08198694 0.14018781 0.03787090 0.18083464 0.23962271 0.07061969 0.24887731 
316.00000000 0.08212218 0.14118814 0.03818876 0.18032910 0.23793637 0.07054247 0.24969298 
317.00000000 0.08224026 0.14215978 0.03852280 0.17982782 0.23626300 0.07045313 0.25053320 
318.00000000 0.08234152 0.14310115 0.03887279 0.17933176 0.23460520 0.07035207 0.25139552 
319.00000000 0.08242633 0.14401074 0.03923846 0.17884186 0.23296546 0.07023968 0.25227747 
320.00000000 0.08249516 0.14488719 0.03961949 0.17835900 0.23134617 0.07011639 0.25317660 
321.00000000 0.08254855 0.14572921 0.04001549 0.17788404 0.22974956 0.06998264 0.25409051 
322.00000000 0.08258714 0.14653564 0.04042605 0.17741776 0.22817775 0.06983887 0.25501679 
323.00000000 0.08261160 0.14730545 0.04085070 0.17696091 0.22663273 0.06968555 0.25595306 
324.00000000 0.08262270 0.14803769 0.04128892 0.17651418 0.22511635 0.06952315 0.25689701 
325.00000000 0.08262128 0.14873158 0.04174015 0.17607820 0.22363032 0.06935216 0.25784631 
326.00000000 0.08260824 0.14938640 0.04220379 0.17565357 0.22217621 0.06917308 0.25879871 
327.00000000 0.08258454 0.15000161 0.04267918 0.17524080 0.22075546 0.06898640 0.25975200 
328.00000000 0.08255121 0.15057675 0.04316566 0.17484038 0.21936936 0.06879263 0.26070400 
329.00000000 0.08250933 0.15111149 0.04366250 0.17445271 0.21801908 0.06859230 0.26165259 
330.00000000 0.08246003 0.15160563 0.04416895 0.17407815 0.21670562 0.06838590 0.26259572 
331.00000000 0.08240449 0.15205906 0.04468423 0.17371701 0.21542986 0.06817398 0.26353138 
332.00000000 0.08234393 0.15247180 0.04520753 0.17336954 0.21419253 0.06795704 0.26445762 
333.00000000 0.08227963 0.15284398 0.04573800 0.17303595 0.21299424 0.06773561 0.26537259 
334.00000000 0.08221288 0.15317584 0.04627480 0.17271636 0.21183545 0.06751021 0.26627446 
335.00000000 0.08214501 0.15346771 0.04681704 0.17241089 0.21071650 0.06728135 0.26716151 
336.00000000 0.08207736 0.15372002 0.04736383 0.17211958 0.20963758 0.06704954 0.26803209 
337.00000000 0.08201132 0.15393331 0.04791426 0.17184243 0.20859878 0.06681529 0.26888461 
338.00000000 0.08194825 0.15410819 0.04846743 0.17157940 0.20760006 0.06657910 0.26971758 
339.00000000 0.08188955 0.15424536 0.04902240 0.17133041 0.20664124 0.06634146 0.27052957 
340.00000000 0.08183661 0.15434562 0.04957825 0.17109534 0.20572207 0.06610285 0.27131926 
341.00000000 0.08179081 0.15440980 0.05013407 0.17087403 0.20484216 0.06586375 0.27208539 
342.00000000 0.08175352 0.15443883 0.05068892 0.17066629 0.20400103 0.06562461 0.27282681 
343.00000000 0.08172611 0.15443370 0.05124189 0.17047189 0.20319811 0.06538588 0.27354242 
344.00000000 0.08170990 0.15439545 0.05179210 0.17029060 0.20243273 0.06514799 0.27423123 
345.00000000 0.08170621 0.15432515 0.05233864 0.17012214 0.20170416 0.06491138 0.27489233 
346.00000000 0.08171629 0.15422395 0.05288064 0.16996622 0.20101157 0.06467643 0.27552489 
347.00000000 0.08174140 0.15409301 0.05341726 0.16982253 0.20035408 0.06444355 0.27612816 
348.00000000 0.08178271 0.15393354 0.05394767 0.16969075 0.19973076 0.06421310 0.27670147 
349.00000000 0.08184136 0.15374675 0.05447106 0.16957054 0.19914062 0.06398544 0.27724423 
350.00000000 0.08191843 0.15353390 0.05498666 0.16946156 0.19858262 0.06376091 0.27775593 
351.00000000 0.08201495 0.15329624 0.05549373 0.16936346 0.19805569 0.06353983 0.27823611 
352.00000000 0.08213186 0.15303505 0.05599155 0.16927589 0.19755875 0.06332250 0.27868439 
353.00000000 0.08227007 0.15275160 0.05647947 0.16919850 0.19709069 0.06310920 0.27910047 
354.00000000 0.08243038 0.15244716 0.05695683 0.16913095 0.19665040 0.06290019 0.27948409 
355.00000000 0.08261352 0.15212300 0.05742305 0.16907290 0.19623675 0.06269573 0.27983505 
356.00000000 0.08282017 0.15178038 0.05787756 0.16902401 0.19584864 0.06249602 0.28015321 
357.00000000 0.08305088 0.15142054 0.05831986 0.16898397 0.19548498 0.06230128 0.28043848 
358.00000000 0.08330616 0.15104470 0.05874949 0.16895247 0.19514468 0.06211170 0.28069081 
359.00000000 0.08358640 0.15065407 0.05916600 0.16892922 0.19482671 0.06192742 0.28091018 
360.00000000 0.08389190 0.15024982 0.05956904 0.16891394 0.19453005 0.06174861 0.28109664 
361.00000000 0.08422289 0.14983311 0.05995826 0.16890638 0.19425373 0.06157539 0.28125024 
362.00000000 0.08457950 0.14940505 0.06033338 0.16890632 0.19399684 0.06140786 0.28137107 
363.00000000 0.08496175 0.14896673 0.06069417 0.16891352 0.19375848 0.06124611 0.28145925 
364.00000000 0.08536958 0.14851919 0.06104043 0.16892781 0.19353785 0.06109022 0.28151492 
365.00000000 0.08580284 0.14806347 0.06137202 0.16894901 0.19333418 0.06094024 0.28153825 
366.00000000 0.08626128 0.14760052 0.06168884 0.16897700 0.19314677 0.06079620 0.28152940 
367.00000000 0.08674456 0.14713129 0.06199084 0.16901164 0.19297498 0.06065812 0.28148857 
368.00000000 0.08725225 0.14665667 0.06227800 0.16905285 0.19281825 0.06052602 0.28141596 
369.00000000 0.08778383 0.14617752 0.06255037 0.16910056 0.19267607 0.06039987 0.28131178 
370.00000000 0.08833869 0.14569466 0.06280801 0.16915474 0.19254800 0.06027966 0.28117625 
371.00000000 0.08891615 0.14520885 0.06305104 0.16921536 0.19243367 0.06016535 0.28100958 
372.00000000 0.08951543 0.14472084 0.06327963 0.16928244 0.19233278 0.06005688 0.28081200 
373.00000000 0.09013568 0.14423132 0.06349395 0.16935600 0.19224510 0.05995420 0.28058375 
374.00000000 0.09077599 0.14374094 0.06369424 0.16943612 0.19217045 0.05985723 0.28032504 
375.00000000 0.09143534 0.14325033 0.06388076 0.16952286 0.19210872 0.05976588 0.28003611 
376.00000000 0.09211270 0.14276006 0.06405380 0.16961632 0.19205986 0.05968008 0.27971717 
377.00000000 0.09280693 0.14227068 0.06421368 0.16971664 0.19202388 0.05959972 0.27936846 
378.00000000 0.09351686 0.14178271 0.06436074 0.16982394 0.19200086 0.05952470 0.27899019 
379.00000000 0.09424125 0.14129662 0.06449536 0.16993839 0.19199089 0.05945490 0.27858258 
380.00000000 0.09497884 0.14081286 0.06461793 0.17006016 0.19199415 0.05939021 0.27814585 
381.00000000 0.09572829 0.14033187 0.06472886 0.17018944 0.19201084 0.05933052 0.27768019 
382.00000000 0.09648825 0.13985404 0.06482857 0.17032643 0.19204121 0.05927569 0.27718581 
383.00000000 0.09725735 0.13937973 0.06491751 0.17047135 0.19208554 0.05922562 0.27666290 
384.00000000 0.09803416 0.13890932 0.06499613 0.17062440 0.19214416 0.05918017 0.27611166 
385.00000000 0.09881727 0.13844314 0.06506489 0.17078583 0.19221740 0.05913923 0.27553226 
386.00000000 0.09960522 0.13798150 0.06512426 0.17095586 0.19230563 0.05910267 0.27492487 
387.00000000 0.10039656 0.13752471 0.06517471 0.17113474 0.19240924 0.05907037 0.27428968 
388.00000000 0.10118985 0.13707307 0.06521671 0.17132270 0.19252862 0.05904222 0.27362683 
389.00000000 0.10198363 0.13662686 0.06525075 0.17151998 0.19266419 0.05901811 0.27293647 
390.00000000 0.10277647 0.13618637 0.06527727 0.17172682 0.19281637 0.05899794 0.27221876 
391.00000000 0.10356694 0.13575186 0.06529676 0.17194345 0.19298556 0.05898159 0.27147384 
392.00000000 0.10435364 0.13532361 0.06530965 0.17217010 0.19317219 0.05896899 0.27070182 
393.00000000 0.10513518 0.13490189 0.06531641 0.17240698 0.19337666 0.05896004 0.26990284 
394.00000000 0.10591023 0.13448698 0.06531746 0.17265431 0.19359936 0.05895466 0.26907701 
395.00000000 0.10667746 0.13407914 0.06531322 0.17291228 0.19384066 0.05895278 0.26822446 
396.00000000 0.10743561 0.13367866 0.06530410 0.17318108 0.19410093 0.05895434 0.26734529 
397.00000000 0.10818345 0.13328581 0.06529048 0.17346088 0.19438049 0.05895928 0.26643961 
398.00000000 0.10891980 0.13290090 0.06527274 0.17375183 0.19467964 0.05896757 0.26550754 
399.00000000 0.10964353 0.13252421 0.06525122 0.17405406 0.19499865 0.05897916 0.26454917 
400.00000000 0.11035357 0.13215606 0.06522626 0.17436770 0.19533774 0.05899403 0.26356464 
401.00000000 0.11104892 0.13179674 0.06519815 0.17469285 0.19569711 0.05901217 0.26255406 
402.00000000 0.11172862 0.13144659 0.06516720 0.17502957 0.19607690 0.05903357 0.26151756 
403.00000000 0.11239179 0.13110592 0.06513364 0.17537793 0.19647719 0.05905823 0.26045528 
404.00000000 0.11303762 0.13077509 0.06509774 0.17573796 0.19689802 0.05908618 0.25936740 
405.00000000 0.11366537 0.13045442 0.06505969 0.17610965 0.19733938 0.05911742 0.25825407 
406.00000000 0.11427436 0.13014428 0.06501968 0.17649300 0.19780118 0.05915199 0.25711551 
407.00000000 0.11486399 0.12984501 0.06497788 0.17688795 0.19828328 0.05918994 0.25595194 
408.00000000 0.11543375 0.12955698 0.06493444 0.17729445 0.19878547 0.05923130 0.25476362 
409.00000000 0.11598316 0.12928055 0.06488945 0.17771238 0.19930747 0.05927614 0.25355083 
410.00000000 0.11651188 0.12901610 0.06484303 0.17814164 0.19984893 0.05932452 0.25231390 
411.00000000 0.11701959 0.12876398 0.06479522 0.17858206 0.20040943 0.05937651 0.25105320 
412.00000000 0.11750607 0.12852457 0.06474609 0.17903348 0.20098846 0.05943218 0.24976915 
413.00000000 0.11797119 0.12829824 0.06469565 0.17949568 0.20158544 0.05949161 0.24846219 
414.00000000 0.11841486 0.12808536 0.06464391 0.17996843 0.20219973 0.05955488 0.24713284 
415.00000000 0.11883709 0.12788627 0.06459085 0.18045147 0.20283058 0.05962209 0.24578166 
416.00000000 0.11923795 0.12770133 0.06453643 0.18094452 0.20347717 0.05969331 0.24440928 
417.00000000 0.11961759 0.12753088 0.06448061 0.18144727 0.20413863 0.05976864 0.24301638 
418.00000000 0.11997623 0.12737527 0.06442331 0.18195936 0.20481396 0.05984817 0.24160371 
419.00000000 0.12031415 0.12723481 0.06436445 0.18248043 0.20550213 0.05993198 0.24017205 
420.00000000 0.12063169 0.12710980 0.06430393 0.18301011 0.20620201 0.06002016 0.23872230 
421.00000000 0.12092927 0.12700054 0.06424165 0.18354795 0.20691239 0.06011280 0.23725538 
422.00000000 0.12120736 0.12690731 0.06417750 0.18409354 0.20763202 0.06020998 0.23577230 
423.00000000 0.12146648 0.12683036 0.06411133 0.18464639 0.20835955 0.06031177 0.23427412 
424.00000000 0.12170723 0.12676992 0.06404303 0.18520603 0.20909358 0.06041824 0.23276198 
425.00000000 0.12193022 0.12672622 0.06397245 0.18577195 0.20983265 0.06052945 0.23123707 
426.00000000 0.12213615 0.12669944 0.06389945 0.18634361 0.21057524 0.06064546 0.22970065 
427.00000000 0.12232575 0.12668975 0.06382390 0.18692046 0.21131978 0.06076630 0.22815405 
428.00000000 0.12249977 0.12669730 0.06374565 0.18750194 0.21206466 0.06089203 0.22659865 
429.00000000 0.12265903 0.12672220 0.06366456 0.18808746 0.21280823 0.06102265 0.22503587 
430.00000000 0.12280438 0.12676454 0.06358050 0.18867641 0.21354878 0.06115819 0.22346721 
431.00000000 0.12293667 0.12682438 0.06349333 0.18926818 0.21428462 0.06129863 0.22189420 
432.00000000 0.12305682 0.12690176 0.06340293 0.18986212 0.21501399 0.06144398 0.22031841 
433.00000000 0.12316574 0.12699668 0.06330918 0.19045759 0.21573514 0.06159419 0.21874148 
434.00000000 0.12326437 0.12710912 0.06321199 0.19105393 0.21644631 0.06174924 0.21716505 
435.00000000 0.12335367 0.12723902 0.06311125 0.19165046 0.21714574 0.06190905 0.21559081 
436.00000000 0.12343461 0.12738631 0.06300688 0.19224651 0.21783165 0.06207357 0.21402048 
437.00000000 0.12350816 0.12755087 0.06289881 0.19284138 0.21850230 0.06224269 0.21245579 
438.00000000 0.12357531 0.12773256 0.06278699 0.19343438 0.21915596 0.06241631 0.21089849 
439.00000000 0.12363704 0.12793121 0.06267138 0.19402481 0.21979091 0.06259432 0.20935034 
