0.00000000 0.00225937 0.01191697 0.76937613 0.00190601 0.00102365 0.20810004 0.00541781 
1.00000000 0.00225938 0.01191697 0.76937613 0.00190601 0.00102365 0.20810005 0.00541781 
2.00000000 0.00225939 0.01191700 0.76937670 0.00190602 0.00102366 0.20809944 0.00541779 
3.00000000 0.00225946 0.01191716 0.76937959 0.00190603 0.00102368 0.20809641 0.00541767 
4.00000000 0.00225966 0.01191759 0.76938740 0.00190607 0.00102373 0.20808820 0.00541736 
5.00000000 0.00226007 0.01191847 0.76940325 0.00190614 0.00102384 0.20807152 0.00541672 
6.00000000 0.00226079 0.01191999 0.76943036 0.00190628 0.00102403 0.20804293 0.00541563 
7.00000000 0.00226191 0.01192235 0.76947162 0.00190651 0.00102435 0.20799930 0.00541397 
8.00000000 0.00226352 0.01192570 0.76952920 0.00190687 0.00102483 0.20793819 0.00541168 
9.00000000 0.00226573 0.01193018 0.76960431 0.00190739 0.00102553 0.20785814 0.00540871 
10.00000000 0.00226861 0.01193589 0.76969705 0.00190812 0.00102650 0.20775877 0.00540508 
11.00000000 0.00227221 0.01194286 0.76980647 0.00190911 0.00102778 0.20764074 0.00540083 
12.00000000 0.00227661 0.01195111 0.76993074 0.00191041 0.00102945 0.20750561 0.00539607 
13.00000000 0.00228185 0.01196065 0.77006743 0.00191207 0.00103156 0.20735553 0.00539090 
14.00000000 0.00228801 0.01197146 0.77021387 0.00191416 0.00103418 0.20719288 0.00538545 
15.00000000 0.00229513 0.01198352 0.77036745 0.00191673 0.00103737 0.20701995 0.00537984 
16.00000000 0.00230331 0.01199687 0.77052595 0.00191984 0.00104120 0.20683866 0.00537417 
17.00000000 0.00231263 0.01201152 0.77068773 0.00192354 0.00104574 0.20665031 0.00536854 
18.00000000 0.00232320 0.01202757 0.77085175 0.00192789 0.00105104 0.20645557 0.00536298 
19.00000000 0.00233515 0.01204510 0.77101757 0.00193294 0.00105719 0.20625452 0.00535753 
20.00000000 0.00234860 0.01206423 0.77118513 0.00193875 0.00106425 0.20604681 0.00535222 
21.00000000 0.00236371 0.01208510 0.77135452 0.00194537 0.00107228 0.20583197 0.00534705 
22.00000000 0.00238062 0.01210782 0.77152568 0.00195285 0.00108136 0.20560965 0.00534203 
23.00000000 0.00239947 0.01213249 0.77169815 0.00196125 0.00109155 0.20537989 0.00533721 
24.00000000 0.00242041 0.01215920 0.77187086 0.00197061 0.00110292 0.20514338 0.00533263 
25.00000000 0.00244357 0.01218799 0.77204202 0.00198098 0.00111554 0.20490153 0.00532836 
26.00000000 0.00246908 0.01221889 0.77220915 0.00199243 0.00112948 0.20465646 0.00532451 
27.00000000 0.00249706 0.01225187 0.77236914 0.00200500 0.00114480 0.20441093 0.00532119 
28.00000000 0.00252763 0.01228692 0.77251855 0.00201874 0.00116158 0.20416807 0.00531851 
29.00000000 0.00256092 0.01232399 0.77265378 0.00203370 0.00117987 0.20393115 0.00531660 
30.00000000 0.00259704 0.01236306 0.77277140 0.00204992 0.00119974 0.20370328 0.00531556 
31.00000000 0.00263612 0.01240412 0.77286840 0.00206744 0.00122125 0.20348719 0.00531547 
32.00000000 0.00267832 0.01244718 0.77294234 0.00208631 0.00124446 0.20328500 0.00531640 
33.00000000 0.00272376 0.01249227 0.77299142 0.00210656 0.00126943 0.20309819 0.00531837 
34.00000000 0.00277261 0.01253947 0.77301451 0.00212821 0.00129620 0.20292758 0.00532141 
35.00000000 0.00282503 0.01258885 0.77301102 0.00215130 0.00132484 0.20277347 0.00532549 
36.00000000 0.00288118 0.01264052 0.77298068 0.00217584 0.00135538 0.20263580 0.00533060 
37.00000000 0.00294122 0.01269459 0.77292339 0.00220185 0.00138788 0.20251437 0.00533670 
38.00000000 0.00300532 0.01275115 0.77283894 0.00222935 0.00142237 0.20240910 0.00534377 
39.00000000 0.00307362 0.01281029 0.77272689 0.00225835 0.00145890 0.20232019 0.00535176 
40.00000000 0.00314627 0.01287207 0.77258641 0.00228887 0.00149750 0.20224823 0.00536066 
41.00000000 0.00322340 0.01293653 0.77241627 0.00232092 0.00153820 0.20219425 0.00537044 
42.00000000 0.00330512 0.01300368 0.77221490 0.00235449 0.00158106 0.20215966 0.00538109 
43.00000000 0.00339154 0.01307353 0.77198050 0.00238961 0.00162608 0.20214615 0.00539259 
44.00000000 0.00348277 0.01314606 0.77171122 0.00242628 0.00167330 0.20215547 0.00540490 
45.00000000 0.00357890 0.01322128 0.77140532 0.00246449 0.00172275 0.20218926 0.00541800 
46.00000000 0.00368002 0.01329917 0.77106141 0.00250425 0.00177444 0.20224890 0.00543183 
47.00000000 0.00378620 0.01337976 0.77067852 0.00254554 0.00182839 0.20233528 0.00544631 
48.00000000 0.00389752 0.01346306 0.77025622 0.00258837 0.00188461 0.20244883 0.00546138 
49.00000000 0.00401407 0.01354913 0.76979461 0.00263272 0.00194313 0.20258942 0.00547693 
50.00000000 0.00413589 0.01363804 0.76929425 0.00267856 0.00200393 0.20275646 0.00549286 
51.00000000 0.00426307 0.01372987 0.76875607 0.00272589 0.00206702 0.20294902 0.00550906 
52.00000000 0.00439564 0.01382470 0.76818124 0.00277467 0.00213241 0.20316594 0.00552541 
53.00000000 0.00453364 0.01392261 0.76757097 0.00282489 0.00220008 0.20340602 0.00554180 
54.00000000 0.00467710 0.01402367 0.76692648 0.00287651 0.00227002 0.20366811 0.00555811 
55.00000000 0.00482602 0.01412795 0.76624881 0.00292951 0.00234223 0.20395126 0.00557422 
56.00000000 0.00498041 0.01423547 0.76553886 0.00298385 0.00241669 0.20425469 0.00559002 
57.00000000 0.00514025 0.01434626 0.76479736 0.00303952 0.00249339 0.20457783 0.00560539 
58.00000000 0.00530549 0.01446031 0.76402494 0.00309648 0.00257230 0.20492026 0.00562022 
59.00000000 0.00547608 0.01457761 0.76322222 0.00315471 0.00265339 0.20528159 0.00563439 
60.00000000 0.00565197 0.01469814 0.76238991 0.00321418 0.00273666 0.20566137 0.00564777 
61.00000000 0.00583308 0.01482186 0.76152889 0.00327486 0.00282206 0.20605901 0.00566025 
62.00000000 0.00601931 0.01494877 0.76064028 0.00333671 0.00290956 0.20647368 0.00567169 
63.00000000 0.00621059 0.01507883 0.75972551 0.00339971 0.00299913 0.20690425 0.00568198 
64.00000000 0.00640679 0.01521204 0.75878628 0.00346381 0.00309074 0.20734933 0.00569101 
65.00000000 0.00660782 0.01534841 0.75782453 0.00352899 0.00318433 0.20780726 0.00569867 
66.00000000 0.00681353 0.01548793 0.75684242 0.00359520 0.00327986 0.20827621 0.00570485 
67.00000000 0.00702380 0.01563062 0.75584221 0.00366241 0.00337729 0.20875421 0.00570946 
68.00000000 0.00723848 0.01577648 0.75482623 0.00373057 0.00347656 0.20923926 0.00571241 
69.00000000 0.00745742 0.01592551 0.75379679 0.00379965 0.00357762 0.20972937 0.00571364 
70.00000000 0.00768045 0.01607771 0.75275616 0.00386960 0.00368041 0.21022261 0.00571306 
71.00000000 0.00790740 0.01623303 0.75170658 0.00394039 0.00378487 0.21071712 0.00571062 
72.00000000 0.00813807 0.01639144 0.75065022 0.00401199 0.00389094 0.21121111 0.00570624 
73.00000000 0.00837229 0.01655286 0.74958924 0.00408436 0.00399856 0.21170283 0.00569987 
74.00000000 0.00860983 0.01671722 0.74852584 0.00415746 0.00410766 0.21219053 0.00569146 
75.00000000 0.00885050 0.01688443 0.74746225 0.00423127 0.00421818 0.21267242 0.00568095 
76.00000000 0.00909408 0.01705438 0.74640077 0.00430575 0.00433006 0.21314665 0.00566831 
77.00000000 0.00934036 0.01722696 0.74534377 0.00438089 0.00444321 0.21361130 0.00565350 
78.00000000 0.00958912 0.01740209 0.74429369 0.00445663 0.00455758 0.21406439 0.00563651 
79.00000000 0.00984013 0.01757964 0.74325298 0.00453296 0.00467308 0.21450389 0.00561732 
80.00000000 0.01009317 0.01775953 0.74222411 0.00460984 0.00478964 0.21492775 0.00559596 
81.00000000 0.01034803 0.01794166 0.74120948 0.00468724 0.00490718 0.21533397 0.00557243 
82.00000000 0.01060448 0.01812595 0.74021144 0.00476513 0.00502563 0.21572060 0.00554678 
83.00000000 0.01086230 0.01831230 0.73923224 0.00484346 0.00514490 0.21608575 0.00551905 
84.00000000 0.01112127 0.01850065 0.73827405 0.00492221 0.00526490 0.21642762 0.00548931 
85.00000000 0.01138117 0.01869088 0.73733897 0.00500134 0.00538556 0.21674447 0.00545761 
86.00000000 0.01164179 0.01888290 0.73642908 0.00508082 0.00550679 0.21703460 0.00542403 
87.00000000 0.01190291 0.01907660 0.73554643 0.00516063 0.00562850 0.21729629 0.00538865 
88.00000000 0.01216432 0.01927184 0.73469314 0.00524072 0.00575060 0.21752784 0.00535155 
89.00000000 0.01242582 0.01946850 0.73387133 0.00532107 0.00587302 0.21772745 0.00531281 
90.00000000 0.01268721 0.01966643 0.73308319 0.00540166 0.00599567 0.21789331 0.00527253 
91.00000000 0.01294830 0.01986546 0.73233094 0.00548246 0.00611845 0.21802358 0.00523081 
92.00000000 0.01320891 0.02006546 0.73161674 0.00556344 0.00624129 0.21811641 0.00518775 
93.00000000 0.01346886 0.02026626 0.73094271 0.00564458 0.00636409 0.21817002 0.00514348 
94.00000000 0.01372798 0.02046772 0.73031082 0.00572584 0.00648678 0.21818275 0.00509811 
95.00000000 0.01398612 0.02066970 0.72972288 0.00580721 0.00660925 0.21815307 0.00505178 
96.00000000 0.01424312 0.02087207 0.72918043 0.00588863 0.00673143 0.21807969 0.00500462 
97.00000000 0.01449886 0.02107472 0.72868482 0.00597010 0.00685322 0.21796150 0.00495678 
98.00000000 0.01475319 0.02127755 0.72823716 0.00605155 0.00697454 0.21779760 0.00490840 
99.00000000 0.01500600 0.02148045 0.72783836 0.00613298 0.00709531 0.21758727 0.00485964 
100.00000000 0.01525718 0.02168333 0.72748921 0.00621432 0.00721542 0.21732990 0.00481064 
101.00000000 0.01550662 0.02188611 0.72719043 0.00629555 0.00733480 0.21702493 0.00476156 
102.00000000 0.01575425 0.02208869 0.72694272 0.00637664 0.00745335 0.21667181 0.00471254 
103.00000000 0.01599997 0.02229097 0.72674684 0.00645754 0.00757101 0.21626994 0.00466374 
104.00000000 0.01624371 0.02249286 0.72660360 0.00653821 0.00768768 0.21581864 0.00461530 
105.00000000 0.01648544 0.02269424 0.72651386 0.00661863 0.00780328 0.21531718 0.00456737 
106.00000000 0.01672508 0.02289502 0.72647853 0.00669876 0.00791774 0.21476478 0.00452010 
107.00000000 0.01696262 0.02309507 0.72649847 0.00677856 0.00803097 0.21416067 0.00447365 
108.00000000 0.01719802 0.02329431 0.72657446 0.00685799 0.00814291 0.21350416 0.00442815 
109.00000000 0.01743128 0.02349263 0.72670711 0.00693702 0.00825347 0.21279473 0.00438375 
110.00000000 0.01766238 0.02368997 0.72689678 0.00701561 0.00836260 0.21203206 0.00434060 
111.00000000 0.01789133 0.02388627 0.72714356 0.00709371 0.00847021 0.21121610 0.00429882 
112.00000000 0.01811814 0.02408148 0.72744726 0.00717129 0.00857624 0.21034705 0.00425854 
113.00000000 0.01834283 0.02427558 0.72780740 0.00724829 0.00868062 0.20942540 0.00421988 
114.00000000 0.01856543 0.02446856 0.72822326 0.00732467 0.00878329 0.20845185 0.00418294 
115.00000000 0.01878596 0.02466043 0.72869396 0.00740039 0.00888419 0.20742725 0.00414783 
116.00000000 0.01900447 0.02485119 0.72921851 0.00747539 0.00898326 0.20635255 0.00411463 
117.00000000 0.01922101 0.02504086 0.72979591 0.00754962 0.00908045 0.20522871 0.00408343 
118.00000000 0.01943563 0.02522946 0.73042519 0.00762305 0.00917569 0.20405666 0.00405432 
119.00000000 0.01964839 0.02541700 0.73110545 0.00769562 0.00926896 0.20283723 0.00402736 
120.00000000 0.01985935 0.02560349 0.73183585 0.00776730 0.00936019 0.20157120 0.00400262 
121.00000000 0.02006860 0.02578893 0.73261563 0.00783804 0.00944935 0.20025927 0.00398017 
122.00000000 0.02027622 0.02597333 0.73344403 0.00790779 0.00953640 0.19890215 0.00396008 
123.00000000 0.02048227 0.02615671 0.73432024 0.00797653 0.00962132 0.19750055 0.00394238 
124.00000000 0.02068687 0.02633908 0.73524333 0.00804420 0.00970406 0.19605532 0.00392714 
125.00000000 0.02089009 0.02652047 0.73621222 0.00811077 0.00978460 0.19456749 0.00391437 
126.00000000 0.02109202 0.02670092 0.73722558 0.00817620 0.00986293 0.19303825 0.00390409 
127.00000000 0.02129275 0.02688050 0.73828187 0.00824046 0.00993902 0.19146907 0.00389633 
128.00000000 0.02149239 0.02705928 0.73937931 0.00830349 0.01001286 0.18986161 0.00389107 
129.00000000 0.02169100 0.02723735 0.74051593 0.00836526 0.01008444 0.18821772 0.00388828 
130.00000000 0.02188869 0.02741483 0.74168964 0.00842574 0.01015375 0.18653939 0.00388795 
131.00000000 0.02208554 0.02759182 0.74289823 0.00848489 0.01022080 0.18482869 0.00389003 
132.00000000 0.02228164 0.02776843 0.74413950 0.00854267 0.01028557 0.18308771 0.00389448 
133.00000000 0.02247707 0.02794478 0.74541128 0.00859906 0.01034808 0.18131850 0.00390123 
134.00000000 0.02267192 0.02812098 0.74671145 0.00865403 0.01040835 0.17952304 0.00391024 
135.00000000 0.02286629 0.02829711 0.74803799 0.00870755 0.01046637 0.17770325 0.00392144 
136.00000000 0.02306025 0.02847327 0.74938896 0.00875961 0.01052219 0.17586096 0.00393476 
137.00000000 0.02325390 0.02864955 0.75076244 0.00881018 0.01057582 0.17399797 0.00395014 
138.00000000 0.02344733 0.02882601 0.75215654 0.00885926 0.01062729 0.17211606 0.00396751 
139.00000000 0.02364061 0.02900274 0.75356934 0.00890684 0.01067663 0.17021706 0.00398678 
140.00000000 0.02383384 0.02917981 0.75499883 0.00895290 0.01072389 0.16830286 0.00400788 
141.00000000 0.02402709 0.02935730 0.75644293 0.00899745 0.01076910 0.16637544 0.00403069 
142.00000000 0.02422044 0.02953532 0.75789942 0.00904047 0.01081231 0.16443690 0.00405513 
143.00000000 0.02441395 0.02971396 0.75936601 0.00908198 0.01085357 0.16248945 0.00408108 
144.00000000 0.02460769 0.02989333 0.76084029 0.00912197 0.01089294 0.16053536 0.00410842 
145.00000000 0.02480172 0.03007355 0.76231984 0.00916045 0.01093046 0.15857695 0.00413703 
146.00000000 0.02499609 0.03025475 0.76380219 0.00919742 0.01096621 0.15661657 0.00416677 
147.00000000 0.02519085 0.03043703 0.76528490 0.00923291 0.01100024 0.15465654 0.00419753 
148.00000000 0.02538606 0.03062051 0.76676561 0.00926691 0.01103263 0.15269912 0.00422917 
149.00000000 0.02558176 0.03080529 0.76824198 0.00929947 0.01106344 0.15074651 0.00426155 
150.00000000 0.02577801 0.03099145 0.76971180 0.00933059 0.01109275 0.14880086 0.00429455 
151.00000000 0.02597484 0.03117908 0.77117287 0.00936031 0.01112063 0.14686423 0.00432804 
152.00000000 0.02617236 0.03136792 0.77262434 0.00938868 0.01114718 0.14493757 0.00436195 
153.00000000 0.02637062 0.03155805 0.77406385 0.00941575 0.01117246 0.14302313 0.00439614 
154.00000000 0.02656965 0.03174954 0.77548911 0.00944154 0.01119657 0.14112312 0.00443047 
155.00000000 0.02676948 0.03194245 0.77689784 0.00946610 0.01121960 0.13923973 0.00446481 
156.00000000 0.02697016 0.03213684 0.77828783 0.00948946 0.01124163 0.13737506 0.00449902 
157.00000000 0.02717172 0.03233277 0.77965693 0.00951167 0.01126275 0.13553120 0.00453297 
158.00000000 0.02737419 0.03253028 0.78100302 0.00953279 0.01128306 0.13371014 0.00456653 
159.00000000 0.02757760 0.03272943 0.78232407 0.00955285 0.01130264 0.13191384 0.00459958 
160.00000000 0.02778197 0.03293023 0.78361808 0.00957192 0.01132161 0.13014420 0.00463199 
161.00000000 0.02798735 0.03313273 0.78488316 0.00959005 0.01134004 0.12840302 0.00466365 
162.00000000 0.02819376 0.03333695 0.78611744 0.00960730 0.01135804 0.12669207 0.00469444 
163.00000000 0.02840122 0.03354292 0.78731916 0.00962372 0.01137570 0.12501303 0.00472426 
164.00000000 0.02860977 0.03375063 0.78848660 0.00963938 0.01139313 0.12336749 0.00475299 
165.00000000 0.02881942 0.03396011 0.78961815 0.00965435 0.01141042 0.12175700 0.00478055 
166.00000000 0.02903022 0.03417134 0.79071225 0.00966869 0.01142766 0.12018301 0.00480683 
167.00000000 0.02924217 0.03438434 0.79176743 0.00968246 0.01144495 0.11864689 0.00483176 
168.00000000 0.02945533 0.03459908 0.79278230 0.00969574 0.01146240 0.11714992 0.00485524 
169.00000000 0.02966970 0.03481556 0.79375555 0.00970858 0.01148009 0.11569332 0.00487720 
170.00000000 0.02988532 0.03503375 0.79468597 0.00972107 0.01149811 0.11427821 0.00489757 
171.00000000 0.03010222 0.03525363 0.79557242 0.00973327 0.01151656 0.11290562 0.00491629 
172.00000000 0.03032043 0.03547516 0.79641384 0.00974524 0.01153553 0.11157650 0.00493330 
173.00000000 0.03053997 0.03569831 0.79720927 0.00975707 0.01155511 0.11029173 0.00494854 
174.00000000 0.03076088 0.03592305 0.79795784 0.00976882 0.01157539 0.10905206 0.00496198 
175.00000000 0.03098319 0.03614931 0.79865875 0.00978055 0.01159644 0.10785818 0.00497357 
176.00000000 0.03120693 0.03637707 0.79931133 0.00979235 0.01161835 0.10671070 0.00498328 
177.00000000 0.03143213 0.03660626 0.79991494 0.00980427 0.01164119 0.10561012 0.00499109 
178.00000000 0.03165882 0.03683683 0.80046909 0.00981638 0.01166505 0.10455685 0.00499697 
179.00000000 0.03188704 0.03706872 0.80097333 0.00982876 0.01169000 0.10355123 0.00500092 
180.00000000 0.03211683 0.03730187 0.80142732 0.00984145 0.01171610 0.10259350 0.00500292 
181.00000000 0.03234821 0.03753621 0.80183082 0.00985454 0.01174342 0.10168382 0.00500298 
182.00000000 0.03258123 0.03777168 0.80218366 0.00986807 0.01177202 0.10082226 0.00500110 
183.00000000 0.03281590 0.03800820 0.80248576 0.00988210 0.01180196 0.10000880 0.00499728 
184.00000000 0.03305228 0.03824571 0.80273712 0.00989671 0.01183329 0.09924334 0.00499155 
185.00000000 0.03329039 0.03848413 0.80293785 0.00991193 0.01186607 0.09852570 0.00498393 
186.00000000 0.03353027 0.03872338 0.80308812 0.00992782 0.01190034 0.09785562 0.00497445 
187.00000000 0.03377196 0.03896339 0.80318819 0.00994444 0.01193614 0.09723276 0.00496313 
188.00000000 0.03401548 0.03920409 0.80323840 0.00996182 0.01197351 0.09665669 0.00495001 
189.00000000 0.03426087 0.03944540 0.80323917 0.00998002 0.01201248 0.09612692 0.00493514 
190.00000000 0.03450816 0.03968723 0.80319100 0.00999908 0.01205309 0.09564288 0.00491856 
191.00000000 0.03475739 0.03992952 0.80309447 0.01001903 0.01209535 0.09520393 0.00490031 
192.00000000 0.03500858 0.04017218 0.80295022 0.01003991 0.01213929 0.09480935 0.00488046 
193.00000000 0.03526177 0.04041514 0.80275899 0.01006176 0.01218492 0.09445836 0.00485906 
194.00000000 0.03551697 0.04065833 0.80252155 0.01008460 0.01223225 0.09415013 0.00483616 
195.00000000 0.03577423 0.04090166 0.80223878 0.01010847 0.01228129 0.09388373 0.00481185 
196.00000000 0.03603356 0.04114506 0.80191160 0.01013337 0.01233203 0.09365821 0.00478617 
197.00000000 0.03629498 0.04138846 0.80154099 0.01015935 0.01238449 0.09347254 0.00475919 
198.00000000 0.03655852 0.04163179 0.80112801 0.01018640 0.01243864 0.09332564 0.00473100 
199.00000000 0.03682419 0.04187498 0.80067376 0.01021455 0.01249448 0.09321638 0.00470166 
200.00000000 0.03709202 0.04211796 0.80017941 0.01024380 0.01255199 0.09314359 0.00467125 
201.00000000 0.03736201 0.04236066 0.79964617 0.01027417 0.01261114 0.09310602 0.00463983 
202.00000000 0.03763418 0.04260301 0.79907530 0.01030565 0.01267192 0.09310243 0.00460750 
203.00000000 0.03790854 0.04284496 0.79846813 0.01033824 0.01273430 0.09313150 0.00457432 
204.00000000 0.03818510 0.04308645 0.79782600 0.01037195 0.01279823 0.09319188 0.00454038 
205.00000000 0.03846386 0.04332741 0.79715031 0.01040677 0.01286369 0.09328220 0.00450575 
206.00000000 0.03874482 0.04356779 0.79644250 0.01044268 0.01293064 0.09340105 0.00447052 
207.00000000 0.03902798 0.04380754 0.79570404 0.01047969 0.01299902 0.09354698 0.00443476 
208.00000000 0.03931334 0.04404660 0.79493643 0.01051776 0.01306879 0.09371854 0.00439854 
209.00000000 0.03960089 0.04428493 0.79414120 0.01055689 0.01313989 0.09391424 0.00436195 
210.00000000 0.03989063 0.04452248 0.79331992 0.01059705 0.01321228 0.09413258 0.00432507 
211.00000000 0.04018253 0.04475920 0.79247416 0.01063822 0.01328589 0.09437203 0.00428796 
212.00000000 0.04047659 0.04499506 0.79160553 0.01068038 0.01336067 0.09463107 0.00425071 
213.00000000 0.04077279 0.04523001 0.79071563 0.01072349 0.01343654 0.09490816 0.00421338 
214.00000000 0.04107111 0.04546402 0.78980611 0.01076753 0.01351344 0.09520175 0.00417605 
215.00000000 0.04137152 0.04569706 0.78887860 0.01081247 0.01359129 0.09551028 0.00413878 
216.00000000 0.04167401 0.04592910 0.78793474 0.01085826 0.01367004 0.09583221 0.00410164 
217.00000000 0.04197853 0.04616009 0.78697621 0.01090487 0.01374960 0.09616599 0.00406471 
218.00000000 0.04228507 0.04639003 0.78600464 0.01095227 0.01382990 0.09651007 0.00402802 
219.00000000 0.04259359 0.04661888 0.78502168 0.01100041 0.01391086 0.09686291 0.00399166 
220.00000000 0.04290406 0.04684662 0.78402900 0.01104926 0.01399240 0.09722299 0.00395568 
221.00000000 0.04321644 0.04707323 0.78302822 0.01109876 0.01407443 0.09758879 0.00392012 
222.00000000 0.04353068 0.04729870 0.78202098 0.01114888 0.01415689 0.09795882 0.00388505 
223.00000000 0.04384676 0.04752301 0.78100889 0.01119956 0.01423967 0.09833159 0.00385051 
224.00000000 0.04416463 0.04774614 0.77999355 0.01125077 0.01432271 0.09870565 0.00381655 
225.00000000 0.04448424 0.04796809 0.77897655 0.01130246 0.01440590 0.09907955 0.00378321 
226.00000000 0.04480555 0.04818884 0.77795945 0.01135457 0.01448918 0.09945188 0.00375053 
227.00000000 0.04512851 0.04840839 0.77694378 0.01140705 0.01457245 0.09982126 0.00371855 
228.00000000 0.04545308 0.04862673 0.77593106 0.01145987 0.01465562 0.10018634 0.00368730 
229.00000000 0.04577922 0.04884386 0.77492277 0.01151297 0.01473862 0.10054577 0.00365681 
230.00000000 0.04610686 0.04905976 0.77392035 0.01156629 0.01482135 0.10089828 0.00362711 
231.00000000 0.04643596 0.04927445 0.77292524 0.01161980 0.01490373 0.10124260 0.00359822 
232.00000000 0.04676647 0.04948792 0.77193880 0.01167343 0.01498568 0.10157752 0.00357018 
233.00000000 0.04709835 0.04970018 0.77096239 0.01172715 0.01506710 0.10190185 0.00354298 
234.00000000 0.04743153 0.04991122 0.76999731 0.01178090 0.01514793 0.10221444 0.00351666 
235.00000000 0.04776598 0.05012105 0.76904484 0.01183463 0.01522807 0.10251421 0.00349122 
236.00000000 0.04810164 0.05032968 0.76810618 0.01188830 0.01530745 0.10280008 0.00346667 
237.00000000 0.04843847 0.05053711 0.76718252 0.01194185 0.01538598 0.10307105 0.00344301 
238.00000000 0.04877641 0.05074335 0.76627500 0.01199525 0.01546360 0.10332613 0.00342026 
239.00000000 0.04911541 0.05094840 0.76538469 0.01204844 0.01554021 0.10356442 0.00339842 
240.00000000 0.04945544 0.05115228 0.76451264 0.01210139 0.01561576 0.10378502 0.00337747 
241.00000000 0.04979644 0.05135500 0.76365982 0.01215404 0.01569016 0.10398711 0.00335743 
242.00000000 0.05013837 0.05155656 0.76282719 0.01220635 0.01576334 0.10416991 0.00333828 
243.00000000 0.05048118 0.05175699 0.76201560 0.01225829 0.01583524 0.10433269 0.00332001 
244.00000000 0.05082483 0.05195628 0.76122591 0.01230981 0.01590580 0.10447476 0.00330261 
245.00000000 0.05116929 0.05215445 0.76045888 0.01236088 0.01597494 0.10459548 0.00328607 
246.00000000 0.05151451 0.05235152 0.75971523 0.01241145 0.01604260 0.10469429 0.00327038 
247.00000000 0.05186046 0.05254750 0.75899564 0.01246150 0.01610874 0.10477064 0.00325552 
248.00000000 0.05220709 0.05274241 0.75830071 0.01251098 0.01617328 0.10482406 0.00324147 
249.00000000 0.05255438 0.05293625 0.75763100 0.01255987 0.01623618 0.10485411 0.00322820 
250.00000000 0.05290229 0.05312904 0.75698701 0.01260814 0.01629739 0.10486043 0.00321571 
251.00000000 0.05325079 0.05332080 0.75636919 0.01265575 0.01635686 0.10484267 0.00320395 
252.00000000 0.05359986 0.05351154 0.75577791 0.01270267 0.01641454 0.10480056 0.00319292 
253.00000000 0.05394946 0.05370128 0.75521351 0.01274889 0.01647039 0.10473388 0.00318259 
254.00000000 0.05429957 0.05389004 0.75467628 0.01279438 0.01652437 0.10464244 0.00317292 
255.00000000 0.05465018 0.05407782 0.75416642 0.01283911 0.01657645 0.10452613 0.00316389 
256.00000000 0.05500125 0.05426465 0.75368410 0.01288307 0.01662659 0.10438486 0.00315548 
257.00000000 0.05535278 0.05445054 0.75322943 0.01292623 0.01667476 0.10421860 0.00314765 
258.00000000 0.05570474 0.05463551 0.75280247 0.01296859 0.01672094 0.10402738 0.00314038 
259.00000000 0.05605712 0.05481957 0.75240323 0.01301011 0.01676509 0.10381125 0.00313363 
260.00000000 0.05640991 0.05500274 0.75203164 0.01305080 0.01680721 0.10357032 0.00312737 
261.00000000 0.05676310 0.05518504 0.75168762 0.01309064 0.01684726 0.10330476 0.00312158 
262.00000000 0.05711667 0.05536648 0.75137100 0.01312962 0.01688524 0.10301477 0.00311622 
263.00000000 0.05747064 0.05554708 0.75108159 0.01316772 0.01692113 0.10270058 0.00311126 
264.00000000 0.05782498 0.05572685 0.75081913 0.01320496 0.01695493 0.10236248 0.00310667 
265.00000000 0.05817969 0.05590581 0.75058333 0.01324131 0.01698662 0.10200081 0.00310243 
266.00000000 0.05853479 0.05608398 0.75037385 0.01327677 0.01701620 0.10161592 0.00309849 
267.00000000 0.05889026 0.05626137 0.75019029 0.01331135 0.01704367 0.10120823 0.00309484 
268.00000000 0.05924611 0.05643799 0.75003222 0.01334504 0.01706903 0.10077818 0.00309143 
269.00000000 0.05960234 0.05661387 0.74989917 0.01337785 0.01709230 0.10032624 0.00308825 
270.00000000 0.05995896 0.05678901 0.74979062 0.01340977 0.01711346 0.09985292 0.00308526 
271.00000000 0.06031597 0.05696344 0.74970602 0.01344081 0.01713254 0.09935879 0.00308243 
272.00000000 0.06067339 0.05713716 0.74964478 0.01347097 0.01714955 0.09884441 0.00307974 
273.00000000 0.06103122 0.05731019 0.74960627 0.01350027 0.01716450 0.09831039 0.00307716 
274.00000000 0.06138948 0.05748255 0.74958983 0.01352871 0.01717740 0.09775737 0.00307466 
275.00000000 0.06174817 0.05765424 0.74959477 0.01355629 0.01718829 0.09718601 0.00307223 
276.00000000 0.06210731 0.05782528 0.74962037 0.01358303 0.01719717 0.09659701 0.00306982 
277.00000000 0.06246691 0.05799569 0.74966587 0.01360894 0.01720408 0.09599108 0.00306743 
278.00000000 0.06282698 0.05816548 0.74973050 0.01363402 0.01720904 0.09536896 0.00306502 
279.00000000 0.06318755 0.05833465 0.74981345 0.01365830 0.01721208 0.09473139 0.00306258 
280.00000000 0.06354862 0.05850323 0.74991390 0.01368178 0.01721323 0.09407916 0.00306008 
281.00000000 0.06391022 0.05867122 0.75003100 0.01370449 0.01721251 0.09341306 0.00305750 
282.00000000 0.06427236 0.05883863 0.75016388 0.01372642 0.01720997 0.09273391 0.00305483 
283.00000000 0.06463505 0.05900548 0.75031167 0.01374760 0.01720564 0.09204251 0.00305205 
284.00000000 0.06499832 0.05917177 0.75047346 0.01376805 0.01719956 0.09133971 0.00304913 
285.00000000 0.06536218 0.05933752 0.75064834 0.01378778 0.01719176 0.09062635 0.00304607 
286.00000000 0.06572665 0.05950273 0.75083539 0.01380681 0.01718229 0.08990328 0.00304285 
287.00000000 0.06609175 0.05966741 0.75103367 0.01382515 0.01717119 0.08917138 0.00303945 
288.00000000 0.06645750 0.05983158 0.75124224 0.01384283 0.01715849 0.08843150 0.00303586 
289.00000000 0.06682391 0.05999523 0.75146017 0.01385985 0.01714425 0.08768452 0.00303207 
290.00000000 0.06719099 0.06015839 0.75168649 0.01387625 0.01712851 0.08693131 0.00302806 
291.00000000 0.06755878 0.06032104 0.75192026 0.01389203 0.01711131 0.08617275 0.00302384 
292.00000000 0.06792728 0.06048321 0.75216051 0.01390721 0.01709270 0.08540970 0.00301938 
293.00000000 0.06829651 0.06064489 0.75240631 0.01392183 0.01707273 0.08464305 0.00301468 
294.00000000 0.06866649 0.06080610 0.75265670 0.01393588 0.01705145 0.08387365 0.00300973 
295.00000000 0.06903723 0.06096683 0.75291074 0.01394939 0.01702890 0.08310238 0.00300452 
296.00000000 0.06940876 0.06112709 0.75316750 0.01396239 0.01700514 0.08233007 0.00299906 
297.00000000 0.06978107 0.06128689 0.75342603 0.01397488 0.01698021 0.08155759 0.00299333 
298.00000000 0.07015419 0.06144622 0.75368544 0.01398688 0.01695417 0.08078576 0.00298733 
299.00000000 0.07052813 0.06160509 0.75394480 0.01399843 0.01692707 0.08001542 0.00298105 
300.00000000 0.07090291 0.06176350 0.75420323 0.01400952 0.01689896 0.07924737 0.00297451 
301.00000000 0.07127853 0.06192146 0.75445985 0.01402018 0.01686989 0.07848242 0.00296768 
302.00000000 0.07165500 0.06207896 0.75471379 0.01403043 0.01683990 0.07772134 0.00296058 
303.00000000 0.07203235 0.06223600 0.75496420 0.01404028 0.01680906 0.07696491 0.00295319 
304.00000000 0.07241056 0.06239259 0.75521026 0.01404976 0.01677742 0.07621387 0.00294554 
305.00000000 0.07278967 0.06254872 0.75545116 0.01405887 0.01674502 0.07546896 0.00293760 
306.00000000 0.07316966 0.06270438 0.75568611 0.01406764 0.01671192 0.07473090 0.00292939 
307.00000000 0.07355056 0.06285959 0.75591435 0.01407607 0.01667817 0.07400036 0.00292090 
308.00000000 0.07393236 0.06301433 0.75613514 0.01408420 0.01664381 0.07327802 0.00291215 
309.00000000 0.07431507 0.06316860 0.75634774 0.01409202 0.01660891 0.07256453 0.00290313 
310.00000000 0.07469870 0.06332240 0.75655149 0.01409955 0.01657350 0.07186051 0.00289385 
311.00000000 0.07508324 0.06347572 0.75674569 0.01410682 0.01653765 0.07116656 0.00288431 
312.00000000 0.07546871 0.06362856 0.75692972 0.01411383 0.01650139 0.07048326 0.00287452 
313.00000000 0.07585510 0.06378091 0.75710296 0.01412060 0.01646479 0.06981115 0.00286448 
314.00000000 0.07624242 0.06393277 0.75726483 0.01412714 0.01642788 0.06915076 0.00285420 
315.00000000 0.07663066 0.06408413 0.75741476 0.01413347 0.01639071 0.06850259 0.00284369 
316.00000000 0.07701982 0.06423498 0.75755224 0.01413959 0.01635333 0.06786709 0.00283294 
317.00000000 0.07740990 0.06438532 0.75767677 0.01414552 0.01631579 0.06724473 0.00282198 
318.00000000 0.07780091 0.06453513 0.75778787 0.01415127 0.01627813 0.06663589 0.00281080 
319.00000000 0.07819283 0.06468442 0.75788512 0.01415685 0.01624040 0.06604098 0.00279941 
320.00000000 0.07858566 0.06483316 0.75796811 0.01416228 0.01620264 0.06546035 0.00278782 
321.00000000 0.07897940 0.06498135 0.75803646 0.01416756 0.01616489 0.06489431 0.00277604 
322.00000000 0.07937403 0.06512898 0.75808983 0.01417270 0.01612720 0.06434318 0.00276407 
323.00000000 0.07976957 0.06527604 0.75812791 0.01417773 0.01608960 0.06380722 0.00275193 
324.00000000 0.08016599 0.06542253 0.75815042 0.01418263 0.01605214 0.06328667 0.00273962 
325.00000000 0.08056329 0.06556842 0.75815711 0.01418743 0.01601486 0.06278173 0.00272716 
326.00000000 0.08096146 0.06571372 0.75814777 0.01419214 0.01597779 0.06229259 0.00271454 
327.00000000 0.08136049 0.06585840 0.75812222 0.01419676 0.01594097 0.06181939 0.00270178 
328.00000000 0.08176037 0.06600246 0.75808028 0.01420130 0.01590444 0.06136227 0.00268888 
329.00000000 0.08216109 0.06614588 0.75802186 0.01420577 0.01586824 0.06092130 0.00267586 
330.00000000 0.08256264 0.06628866 0.75794684 0.01421018 0.01583239 0.06049657 0.00266273 
331.00000000 0.08296501 0.06643078 0.75785518 0.01421454 0.01579692 0.06008809 0.00264949 
332.00000000 0.08336818 0.06657223 0.75774683 0.01421885 0.01576188 0.05969589 0.00263615 
333.00000000 0.08377215 0.06671300 0.75762179 0.01422312 0.01572729 0.05931994 0.00262271 
334.00000000 0.08417689 0.06685307 0.75748010 0.01422737 0.01569318 0.05896019 0.00260920 
335.00000000 0.08458240 0.06699245 0.75732181 0.01423159 0.01565957 0.05861658 0.00259561 
336.00000000 0.08498866 0.06713110 0.75714699 0.01423579 0.01562650 0.05828899 0.00258196 
337.00000000 0.08539565 0.06726903 0.75695577 0.01423999 0.01559399 0.05797732 0.00256825 
338.00000000 0.08580336 0.06740622 0.75674827 0.01424418 0.01556206 0.05768141 0.00255449 
339.00000000 0.08621178 0.06754266 0.75652467 0.01424838 0.01553075 0.05740108 0.00254069 
340.00000000 0.08662089 0.06767834 0.75628514 0.01425258 0.01550006 0.05713614 0.00252685 
341.00000000 0.08703066 0.06781325 0.75602990 0.01425681 0.01547002 0.05688638 0.00251299 
342.00000000 0.08744110 0.06794738 0.75575919 0.01426105 0.01544064 0.05665154 0.00249910 
343.00000000 0.08785217 0.06808071 0.75547327 0.01426533 0.01541196 0.05643136 0.00248520 
344.00000000 0.08826386 0.06821324 0.75517242 0.01426964 0.01538397 0.05622557 0.00247130 
345.00000000 0.08867615 0.06834496 0.75485694 0.01427398 0.01535671 0.05603385 0.00245740 
346.00000000 0.08908903 0.06847586 0.75452716 0.01427838 0.01533017 0.05585589 0.00244350 
347.00000000 0.08950248 0.06860593 0.75418341 0.01428282 0.01530438 0.05569135 0.00242961 
348.00000000 0.08991648 0.06873517 0.75382607 0.01428732 0.01527935 0.05553987 0.00241575 
349.00000000 0.09033101 0.06886356 0.75345550 0.01429187 0.01525508 0.05540108 0.00240190 
350.00000000 0.09074606 0.06899111 0.75307210 0.01429649 0.01523158 0.05527458 0.00238808 
351.00000000 0.09116159 0.06911779 0.75267628 0.01430118 0.01520887 0.05515999 0.00237430 
352.00000000 0.09157761 0.06924361 0.75226847 0.01430594 0.01518694 0.05505687 0.00236055 
353.00000000 0.09199408 0.06936857 0.75184911 0.01431078 0.01516581 0.05496481 0.00234685 
354.00000000 0.09241099 0.06949265 0.75141864 0.01431569 0.01514547 0.05488337 0.00233319 
355.00000000 0.09282832 0.06961586 0.75097753 0.01432069 0.01512592 0.05481209 0.00231958 
356.00000000 0.09324605 0.06973819 0.75052625 0.01432578 0.01510718 0.05475052 0.00230602 
357.00000000 0.09366417 0.06985964 0.75006529 0.01433096 0.01508923 0.05469819 0.00229251 
358.00000000 0.09408265 0.06998021 0.74959514 0.01433623 0.01507208 0.05465462 0.00227907 
359.00000000 0.09450147 0.07009989 0.74911629 0.01434160 0.01505573 0.05461934 0.00226568 
360.00000000 0.09492063 0.07021869 0.74862924 0.01434706 0.01504016 0.05459186 0.00225236 
361.00000000 0.09534009 0.07033661 0.74813452 0.01435263 0.01502537 0.05457168 0.00223910 
362.00000000 0.09575984 0.07045365 0.74763263 0.01435829 0.01501136 0.05455832 0.00222591 
363.00000000 0.09617987 0.07056981 0.74712409 0.01436406 0.01499812 0.05455126 0.00221279 
364.00000000 0.09660015 0.07068510 0.74660942 0.01436993 0.01498564 0.05455003 0.00219973 
365.00000000 0.09702067 0.07079951 0.74608915 0.01437591 0.01497391 0.05455411 0.00218675 
366.00000000 0.09744141 0.07091306 0.74556379 0.01438199 0.01496291 0.05456301 0.00217383 
367.00000000 0.09786235 0.07102574 0.74503387 0.01438818 0.01495265 0.05457622 0.00216099 
368.00000000 0.09828348 0.07113757 0.74449991 0.01439447 0.01494309 0.05459325 0.00214822 
369.00000000 0.09870479 0.07124856 0.74396243 0.01440087 0.01493424 0.05461361 0.00213552 
370.00000000 0.09912624 0.07135870 0.74342194 0.01440737 0.01492607 0.05463681 0.00212289 
371.00000000 0.09954783 0.07146801 0.74287895 0.01441397 0.01491856 0.05466235 0.00211033 
372.00000000 0.09996955 0.07157650 0.74233397 0.01442068 0.01491170 0.05468976 0.00209784 
373.00000000 0.10039138 0.07168418 0.74178751 0.01442748 0.01490548 0.05471857 0.00208542 
374.00000000 0.10081330 0.07179105 0.74124005 0.01443438 0.01489986 0.05474830 0.00207307 
375.00000000 0.10123529 0.07189714 0.74069208 0.01444138 0.01489484 0.05477849 0.00206078 
376.00000000 0.10165736 0.07200244 0.74014409 0.01444846 0.01489039 0.05480869 0.00204857 
377.00000000 0.10207947 0.07210698 0.73959654 0.01445564 0.01488649 0.05483847 0.00203642 
378.00000000 0.10250163 0.07221077 0.73904989 0.01446289 0.01488311 0.05486737 0.00202433 
379.00000000 0.10292381 0.07231382 0.73850460 0.01447023 0.01488024 0.05489499 0.00201231 
380.00000000 0.10334601 0.07241615 0.73796110 0.01447764 0.01487785 0.05492089 0.00200035 
381.00000000 0.10376822 0.07251777 0.73741983 0.01448512 0.01487592 0.05494469 0.00198845 
382.00000000 0.10419042 0.07261869 0.73688120 0.01449267 0.01487442 0.05496599 0.00197661 
383.00000000 0.10461260 0.07271894 0.73634562 0.01450028 0.01487332 0.05498442 0.00196483 
384.00000000 0.10503476 0.07281853 0.73581348 0.01450794 0.01487261 0.05499960 0.00195310 
385.00000000 0.10545688 0.07291747 0.73528515 0.01451564 0.01487225 0.05501118 0.00194143 
386.00000000 0.10587896 0.07301578 0.73476101 0.01452339 0.01487222 0.05501882 0.00192981 
387.00000000 0.10630099 0.07311349 0.73424141 0.01453117 0.01487249 0.05502221 0.00191825 
388.00000000 0.10672296 0.07321060 0.73372667 0.01453898 0.01487303 0.05502102 0.00190674 
389.00000000 0.10714487 0.07330713 0.73321713 0.01454681 0.01487382 0.05501496 0.00189528 
390.00000000 0.10756671 0.07340311 0.73271309 0.01455465 0.01487483 0.05500375 0.00188386 
391.00000000 0.10798847 0.07349855 0.73221483 0.01456249 0.01487603 0.05498713 0.00187249 
392.00000000 0.10841016 0.07359348 0.73172264 0.01457032 0.01487739 0.05496483 0.00186117 
393.00000000 0.10883176 0.07368790 0.73123677 0.01457815 0.01487889 0.05493663 0.00184990 
394.00000000 0.10925328 0.07378183 0.73075747 0.01458595 0.01488050 0.05490231 0.00183867 
395.00000000 0.10967470 0.07387530 0.73028496 0.01459372 0.01488218 0.05486166 0.00182748 
396.00000000 0.11009604 0.07396833 0.72981944 0.01460145 0.01488392 0.05481449 0.00181634 
397.00000000 0.11051728 0.07406092 0.72936112 0.01460913 0.01488568 0.05476062 0.00180524 
398.00000000 0.11093843 0.07415311 0.72891017 0.01461676 0.01488744 0.05469992 0.00179418 
399.00000000 0.11135949 0.07424490 0.72846675 0.01462431 0.01488916 0.05463222 0.00178316 
400.00000000 0.11178045 0.07433631 0.72803101 0.01463179 0.01489083 0.05455742 0.00177218 
401.00000000 0.11220133 0.07442737 0.72760306 0.01463918 0.01489242 0.05447539 0.00176124 
402.00000000 0.11262211 0.07451809 0.72718302 0.01464648 0.01489389 0.05438606 0.00175035 
403.00000000 0.11304280 0.07460849 0.72677098 0.01465367 0.01489523 0.05428933 0.00173949 
404.00000000 0.11346341 0.07469858 0.72636702 0.01466074 0.01489641 0.05418516 0.00172868 
405.00000000 0.11388394 0.07478838 0.72597120 0.01466769 0.01489740 0.05407349 0.00171791 
406.00000000 0.11430439 0.07487790 0.72558356 0.01467450 0.01489817 0.05395429 0.00170718 
407.00000000 0.11472477 0.07496716 0.72520414 0.01468117 0.01489872 0.05382756 0.00169649 
408.00000000 0.11514508 0.07505618 0.72483293 0.01468768 0.01489900 0.05369328 0.00168584 
409.00000000 0.11556533 0.07514497 0.72446995 0.01469403 0.01489900 0.05355148 0.00167524 
410.00000000 0.11598552 0.07523354 0.72411517 0.01470020 0.01489870 0.05340218 0.00166469 
411.00000000 0.11640566 0.07532190 0.72376856 0.01470620 0.01489808 0.05324543 0.00165417 
412.00000000 0.11682575 0.07541008 0.72343007 0.01471200 0.01489711 0.05308128 0.00164371 
413.00000000 0.11724581 0.07549807 0.72309964 0.01471760 0.01489578 0.05290981 0.00163329 
414.00000000 0.11766583 0.07558590 0.72277719 0.01472300 0.01489406 0.05273110 0.00162292 
415.00000000 0.11808583 0.07567357 0.72246264 0.01472818 0.01489194 0.05254524 0.00161260 
416.00000000 0.11850582 0.07576109 0.72215588 0.01473313 0.01488940 0.05235234 0.00160234 
417.00000000 0.11892580 0.07584848 0.72185679 0.01473785 0.01488643 0.05215253 0.00159212 
418.00000000 0.11934578 0.07593574 0.72156525 0.01474233 0.01488300 0.05194594 0.00158196 
419.00000000 0.11976578 0.07602287 0.72128111 0.01474656 0.01487911 0.05173271 0.00157186 
420.00000000 0.12018579 0.07610989 0.72100423 0.01475054 0.01487474 0.05151300 0.00156181 
421.00000000 0.12060583 0.07619681 0.72073444 0.01475426 0.01486987 0.05128697 0.00155182 
422.00000000 0.12102591 0.07628363 0.72047157 0.01475771 0.01486450 0.05105479 0.00154189 
423.00000000 0.12144603 0.07637035 0.72021543 0.01476089 0.01485862 0.05081666 0.00153203 
424.00000000 0.12186621 0.07645698 0.71996583 0.01476379 0.01485221 0.05057276 0.00152223 
425.00000000 0.12228645 0.07654352 0.71972256 0.01476641 0.01484526 0.05032330 0.00151249 
426.00000000 0.12270677 0.07662998 0.71948543 0.01476874 0.01483777 0.05006848 0.00150282 
427.00000000 0.12312717 0.07671636 0.71925420 0.01477078 0.01482973 0.04980853 0.00149323 
428.00000000 0.12354767 0.07680266 0.71902865 0.01477252 0.01482114 0.04954367 0.00148370 
429.00000000 0.12396826 0.07688889 0.71880854 0.01477396 0.01481198 0.04927412 0.00147424 
430.00000000 0.12438897 0.07697503 0.71859364 0.01477510 0.01480226 0.04900013 0.00146486 
431.00000000 0.12480980 0.07706111 0.71838370 0.01477593 0.01479197 0.04872194 0.00145556 
432.00000000 0.12523076 0.07714710 0.71817846 0.01477645 0.01478111 0.04843979 0.00144633 
433.00000000 0.12565185 0.07723301 0.71797767 0.01477667 0.01476968 0.04815394 0.00143718 
434.00000000 0.12607309 0.07731885 0.71778106 0.01477657 0.01475767 0.04786465 0.00142811 
435.00000000 0.12649449 0.07740460 0.71758837 0.01477616 0.01474509 0.04757216 0.00141912 
436.00000000 0.12691605 0.07749026 0.71739934 0.01477544 0.01473194 0.04727675 0.00141022 
437.00000000 0.12733778 0.07757584 0.71721368 0.01477441 0.01471822 0.04697867 0.00140140 
438.00000000 0.12775969 0.07766132 0.71703113 0.01477306 0.01470394 0.04667819 0.00139266 
439.00000000 0.12818179 0.07774670 0.71685140 0.01477141 0.01468910 0.04637559 0.00138401 
