0.00000000 1.00000000 0.00000000 0.00000000 0.00000000 0.00000000 0.00000000 0.00000000 
0.50000000 0.99992827 0.00006822 0.00000027 0.00000031 0.00000040 0.00000166 0.00000087 
1.00000000 0.99971311 0.00027285 0.00000108 0.00000124 0.00000159 0.00000666 0.00000348 
1.50000000 0.99935463 0.00061378 0.00000243 0.00000278 0.00000359 0.00001497 0.00000782 
2.00000000 0.99885302 0.00109081 0.00000434 0.00000495 0.00000638 0.00002661 0.00001389 
2.50000000 0.99820853 0.00170369 0.00000681 0.00000774 0.00000998 0.00004155 0.00002169 
3.00000000 0.99742150 0.00245209 0.00000988 0.00001115 0.00001439 0.00005979 0.00003120 
3.50000000 0.99649232 0.00333558 0.00001355 0.00001520 0.00001962 0.00008131 0.00004242 
4.00000000 0.99542148 0.00435369 0.00001785 0.00001988 0.00002567 0.00010608 0.00005534 
4.50000000 0.99420953 0.00550585 0.00002282 0.00002520 0.00003256 0.00013411 0.00006994 
5.00000000 0.99285709 0.00679143 0.00002849 0.00003116 0.00004028 0.00016534 0.00008621 
5.50000000 0.99136488 0.00820970 0.00003489 0.00003778 0.00004885 0.00019977 0.00010412 
6.00000000 0.98973366 0.00975990 0.00004206 0.00004506 0.00005829 0.00023736 0.00012367 
6.50000000 0.98796429 0.01144113 0.00005006 0.00005300 0.00006860 0.00027808 0.00014483 
7.00000000 0.98605770 0.01325247 0.00005892 0.00006162 0.00007980 0.00032190 0.00016759 
7.50000000 0.98401490 0.01519289 0.00006870 0.00007092 0.00009191 0.00036877 0.00019191 
8.00000000 0.98183698 0.01726130 0.00007946 0.00008091 0.00010493 0.00041866 0.00021777 
8.50000000 0.97952509 0.01945651 0.00009125 0.00009161 0.00011888 0.00047151 0.00024515 
9.00000000 0.97708048 0.02177727 0.00010413 0.00010303 0.00013378 0.00052730 0.00027402 
9.50000000 0.97450444 0.02422227 0.00011817 0.00011517 0.00014965 0.00058596 0.00030435 
10.00000000 0.97179837 0.02679011 0.00013343 0.00012804 0.00016651 0.00064744 0.00033610 
10.50000000 0.96896370 0.02947932 0.00014999 0.00014167 0.00018438 0.00071169 0.00036925 
11.00000000 0.96600196 0.03228838 0.00016792 0.00015606 0.00020327 0.00077865 0.00040377 
11.50000000 0.96291474 0.03521567 0.00018729 0.00017122 0.00022321 0.00084826 0.00043961 
12.00000000 0.95970372 0.03825950 0.00020818 0.00018718 0.00024422 0.00092046 0.00047674 
12.50000000 0.95637064 0.04141814 0.00023067 0.00020395 0.00026632 0.00099517 0.00051512 
13.00000000 0.95291729 0.04468975 0.00025485 0.00022153 0.00028953 0.00107234 0.00055472 
13.50000000 0.94934554 0.04807247 0.00028079 0.00023995 0.00031388 0.00115188 0.00059548 
14.00000000 0.94565731 0.05156438 0.00030858 0.00025922 0.00033939 0.00123374 0.00063738 
14.50000000 0.94185455 0.05516349 0.00033832 0.00027936 0.00036609 0.00131782 0.00068037 
15.00000000 0.93793929 0.05886778 0.00037008 0.00030039 0.00039400 0.00140406 0.00072440 
15.50000000 0.93391358 0.06267518 0.00040395 0.00032231 0.00042314 0.00149238 0.00076944 
16.00000000 0.92977955 0.06658357 0.00044003 0.00034516 0.00045355 0.00158270 0.00081544 
16.50000000 0.92553935 0.07059078 0.00047841 0.00036895 0.00048524 0.00167493 0.00086235 
17.00000000 0.92119521 0.07469457 0.00051918 0.00039369 0.00051824 0.00176899 0.00091012 
17.50000000 0.91674942 0.07889266 0.00056243 0.00041940 0.00055259 0.00186479 0.00095871 
18.00000000 0.91220436 0.08318266 0.00060825 0.00044611 0.00058830 0.00196225 0.00100807 
18.50000000 0.90756246 0.08756215 0.00065674 0.00047383 0.00062540 0.00206128 0.00105816 
19.00000000 0.90282625 0.09202860 0.00070799 0.00050257 0.00066392 0.00216177 0.00110891 
19.50000000 0.89799831 0.09657942 0.00076209 0.00053237 0.00070388 0.00226363 0.00116029 
20.00000000 0.89308128 0.10121200 0.00081915 0.00056323 0.00074532 0.00236677 0.00121224 
20.50000000 0.88807782 0.10592369 0.00087925 0.00059518 0.00078826 0.00247109 0.00126471 
21.00000000 0.88299061 0.11071182 0.00094248 0.00062823 0.00083272 0.00257648 0.00131766 
21.50000000 0.87782232 0.11557374 0.00100894 0.00066240 0.00087874 0.00268285 0.00137101 
22.00000000 0.87257565 0.12050675 0.00107870 0.00069772 0.00092634 0.00279010 0.00142474 
22.50000000 0.86725330 0.12550817 0.00115188 0.00073420 0.00097554 0.00289813 0.00147878 
23.00000000 0.86185802 0.13057529 0.00122853 0.00077186 0.00102636 0.00300684 0.00153309 
23.50000000 0.85639256 0.13570536 0.00130877 0.00081071 0.00107885 0.00311614 0.00158762 
24.00000000 0.85085971 0.14089563 0.00139265 0.00085078 0.00113301 0.00322591 0.00164230 
24.50000000 0.84526230 0.14614329 0.00148028 0.00089208 0.00118888 0.00333607 0.00169710 
25.00000000 0.83960325 0.15144546 0.00157172 0.00093463 0.00124649 0.00344650 0.00175195 
25.50000000 0.83388549 0.15679924 0.00166705 0.00097845 0.00130585 0.00355710 0.00180682 
26.00000000 0.82811208 0.16220161 0.00176636 0.00102354 0.00136699 0.00366777 0.00186164 
26.50000000 0.82228609 0.16764956 0.00186971 0.00106993 0.00142993 0.00377840 0.00191638 
27.00000000 0.81641064 0.17314001 0.00197718 0.00111763 0.00149470 0.00388888 0.00197096 
27.50000000 0.81048887 0.17866988 0.00208884 0.00116665 0.00156131 0.00399908 0.00202536 
28.00000000 0.80452393 0.18423609 0.00220476 0.00121700 0.00162979 0.00410892 0.00207951 
28.50000000 0.79851898 0.18983554 0.00232499 0.00126871 0.00170016 0.00421826 0.00213337 
29.00000000 0.79247719 0.19546512 0.00244960 0.00132177 0.00177244 0.00432701 0.00218688 
29.50000000 0.78640178 0.20112168 0.00257864 0.00137620 0.00184664 0.00443506 0.00224000 
30.00000000 0.78029598 0.20680207 0.00271216 0.00143202 0.00192278 0.00454231 0.00229268 
30.50000000 0.77416304 0.21250312 0.00285022 0.00148922 0.00200088 0.00464864 0.00234489 
31.00000000 0.76800618 0.21822168 0.00299285 0.00154783 0.00208094 0.00475396 0.00239656 
31.50000000 0.76182860 0.22395464 0.00314010 0.00160784 0.00216300 0.00485816 0.00244766 
32.00000000 0.75563344 0.22969894 0.00329201 0.00166927 0.00224705 0.00496115 0.00249815 
32.50000000 0.74942381 0.23545154 0.00344859 0.00173212 0.00233311 0.00506285 0.00254798 
33.00000000 0.74320280 0.24120945 0.00360988 0.00179640 0.00242120 0.00516315 0.00259712 
33.50000000 0.73697346 0.24696972 0.00377590 0.00186211 0.00251132 0.00526197 0.00264553 
34.00000000 0.73073878 0.25272944 0.00394666 0.00192925 0.00260348 0.00535922 0.00269318 
34.50000000 0.72450170 0.25848576 0.00412218 0.00199783 0.00269769 0.00545482 0.00274002 
35.00000000 0.71826515 0.26423586 0.00430247 0.00206783 0.00279396 0.00554869 0.00278604 
35.50000000 0.71203202 0.26997697 0.00448752 0.00213928 0.00289229 0.00564073 0.00283118 
36.00000000 0.70580523 0.27570627 0.00467735 0.00221215 0.00299270 0.00573086 0.00287543 
36.50000000 0.69958778 0.28142089 0.00487195 0.00228644 0.00309519 0.00581901 0.00291875 
37.00000000 0.69338270 0.28711791 0.00507129 0.00236216 0.00319976 0.00590508 0.00296111 
37.50000000 0.68719307 0.29279438 0.00527537 0.00243929 0.00330641 0.00598899 0.00300248 
38.00000000 0.68102196 0.29844738 0.00548418 0.00251782 0.00341515 0.00607067 0.00304284 
38.50000000 0.67487233 0.30407407 0.00569770 0.00259775 0.00352597 0.00615002 0.00308216 
39.00000000 0.66874704 0.30967172 0.00591590 0.00267905 0.00363888 0.00622699 0.00312041 
39.50000000 0.66264887 0.31523769 0.00613877 0.00276173 0.00375388 0.00630150 0.00315757 
40.00000000 0.65658050 0.32076943 0.00636625 0.00284576 0.00387095 0.00637348 0.00319363 
40.50000000 0.65054457 0.32626444 0.00659830 0.00293113 0.00399011 0.00644288 0.00322857 
41.00000000 0.64454368 0.33172027 0.00683489 0.00301781 0.00411134 0.00650964 0.00326238 
41.50000000 0.63858039 0.33713450 0.00707595 0.00310580 0.00423463 0.00657370 0.00329504 
42.00000000 0.63265724 0.34250473 0.00732143 0.00319506 0.00435997 0.00663502 0.00332654 
42.50000000 0.62677672 0.34782863 0.00757127 0.00328558 0.00448736 0.00669354 0.00335689 
43.00000000 0.62094137 0.35310380 0.00782542 0.00337733 0.00461679 0.00674922 0.00338606 
43.50000000 0.61515376 0.35832783 0.00808381 0.00347028 0.00474825 0.00680200 0.00341406 
44.00000000 0.60941653 0.36349825 0.00834637 0.00356440 0.00488173 0.00685185 0.00344088 
44.50000000 0.60373236 0.36861253 0.00861302 0.00365966 0.00501721 0.00689871 0.00346652 
45.00000000 0.59810390 0.37366819 0.00888371 0.00375603 0.00515466 0.00694254 0.00349097 
45.50000000 0.59253368 0.37866285 0.00915835 0.00385347 0.00529408 0.00698332 0.00351424 
46.00000000 0.58702407 0.38359430 0.00943690 0.00395195 0.00543544 0.00702101 0.00353633 
46.50000000 0.58157729 0.38846048 0.00971927 0.00405143 0.00557872 0.00705558 0.00355724 
47.00000000 0.57619540 0.39325945 0.01000540 0.00415187 0.00572390 0.00708701 0.00357697 
47.50000000 0.57088043 0.39798937 0.01029519 0.00425323 0.00587095 0.00711530 0.00359554 
48.00000000 0.56563436 0.40264839 0.01058854 0.00435546 0.00601986 0.00714043 0.00361295 
48.50000000 0.56045915 0.40723474 0.01088535 0.00445853 0.00617060 0.00716240 0.00362922 
49.00000000 0.55535671 0.41174666 0.01118553 0.00456239 0.00632313 0.00718121 0.00364437 
49.50000000 0.55032881 0.41618251 0.01148897 0.00466699 0.00647744 0.00719686 0.00365841 
50.00000000 0.54537717 0.42054076 0.01179558 0.00477229 0.00663350 0.00720936 0.00367136 
50.50000000 0.54050338 0.42481993 0.01210524 0.00487822 0.00679128 0.00721871 0.00368323 
51.00000000 0.53570904 0.42901862 0.01241785 0.00498475 0.00695075 0.00722494 0.00369404 
51.50000000 0.53099568 0.43313542 0.01273328 0.00509182 0.00711190 0.00722806 0.00370383 
52.00000000 0.52636486 0.43716897 0.01305142 0.00519937 0.00727468 0.00722810 0.00371262 
52.50000000 0.52181802 0.44111796 0.01337214 0.00530734 0.00743905 0.00722507 0.00372043 
53.00000000 0.51735651 0.44498120 0.01369533 0.00541568 0.00760500 0.00721900 0.00372729 
53.50000000 0.51298154 0.44875763 0.01402089 0.00552432 0.00777247 0.00720993 0.00373323 
54.00000000 0.50869425 0.45244625 0.01434869 0.00563320 0.00794144 0.00719789 0.00373828 
54.50000000 0.50449578 0.45604608 0.01467861 0.00574227 0.00811187 0.00718291 0.00374248 
55.00000000 0.50038731 0.45955610 0.01501052 0.00585146 0.00828372 0.00716503 0.00374585 
55.50000000 0.49637006 0.46297525 0.01534428 0.00596071 0.00845697 0.00714429 0.00374844 
56.00000000 0.49244523 0.46630249 0.01567976 0.00606995 0.00863155 0.00712074 0.00375028 
56.50000000 0.48861391 0.46953687 0.01601685 0.00617913 0.00880743 0.00709442 0.00375139 
57.00000000 0.48487696 0.47267764 0.01635545 0.00628816 0.00898457 0.00706540 0.00375182 
57.50000000 0.48123508 0.47572424 0.01669544 0.00639698 0.00916292 0.00703374 0.00375160 
58.00000000 0.47768878 0.47867627 0.01703673 0.00650552 0.00934245 0.00699949 0.00375077 
58.50000000 0.47423851 0.48153340 0.01737918 0.00661372 0.00952311 0.00696272 0.00374936 
59.00000000 0.47088471 0.48429533 0.01772267 0.00672149 0.00970486 0.00692351 0.00374743 
59.50000000 0.46762786 0.48696172 0.01806707 0.00682876 0.00988766 0.00688193 0.00374501 
60.00000000 0.46446844 0.48953221 0.01841225 0.00693546 0.01007144 0.00683804 0.00374215 
60.50000000 0.46140695 0.49200647 0.01875809 0.00704151 0.01025617 0.00679193 0.00373888 
61.00000000 0.45844385 0.49438413 0.01910445 0.00714684 0.01044180 0.00674367 0.00373527 
61.50000000 0.45557965 0.49666482 0.01945121 0.00725137 0.01062828 0.00669334 0.00373134 
62.00000000 0.45281496 0.49884809 0.01979822 0.00735502 0.01081556 0.00664102 0.00372714 
62.50000000 0.45015044 0.50093344 0.02014533 0.00745771 0.01100359 0.00658677 0.00372272 
63.00000000 0.44758678 0.50292031 0.02049240 0.00755939 0.01119232 0.00653069 0.00371811 
63.50000000 0.44512460 0.50480824 0.02083928 0.00765996 0.01138169 0.00647286 0.00371336 
64.00000000 0.44276428 0.50659698 0.02118585 0.00775936 0.01157165 0.00641337 0.00370852 
64.50000000 0.44050591 0.50828653 0.02153199 0.00785751 0.01176214 0.00635232 0.00370361 
65.00000000 0.43834932 0.50987716 0.02187758 0.00795434 0.01195311 0.00628979 0.00369869 
65.50000000 0.43629419 0.51136933 0.02222250 0.00804978 0.01214453 0.00622587 0.00369380 
66.00000000 0.43434012 0.51276352 0.02256660 0.00814377 0.01233632 0.00616067 0.00368900 
66.50000000 0.43248678 0.51406021 0.02290973 0.00823623 0.01252845 0.00609428 0.00368432 
67.00000000 0.43073390 0.51525981 0.02325171 0.00832709 0.01272086 0.00602680 0.00367982 
67.50000000 0.42908124 0.51636268 0.02359242 0.00841630 0.01291349 0.00595833 0.00367554 
68.00000000 0.42752853 0.51736920 0.02393170 0.00850379 0.01310628 0.00588898 0.00367152 
68.50000000 0.42607550 0.51827976 0.02426943 0.00858949 0.01329918 0.00581883 0.00366781 
69.00000000 0.42472186 0.51909475 0.02460548 0.00867333 0.01349213 0.00574800 0.00366445 
69.50000000 0.42346737 0.51981453 0.02493970 0.00875525 0.01368507 0.00567659 0.00366147 
70.00000000 0.42231188 0.52043941 0.02527196 0.00883520 0.01387794 0.00560470 0.00365892 
70.50000000 0.42125524 0.52096962 0.02560211 0.00891310 0.01407066 0.00553244 0.00365684 
71.00000000 0.42029728 0.52140548 0.02593001 0.00898890 0.01426317 0.00545991 0.00365525 
71.50000000 0.41943769 0.52174737 0.02625557 0.00906255 0.01445538 0.00538724 0.00365419 
72.00000000 0.41867602 0.52199586 0.02657866 0.00913399 0.01464723 0.00531453 0.00365371 
72.50000000 0.41801168 0.52215159 0.02689917 0.00920318 0.01483866 0.00524189 0.00365383 
73.00000000 0.41744407 0.52221527 0.02721698 0.00927006 0.01502959 0.00516942 0.00365460 
73.50000000 0.41697263 0.52218757 0.02753194 0.00933462 0.01521996 0.00509724 0.00365604 
74.00000000 0.41659682 0.52206911 0.02784391 0.00939680 0.01540970 0.00502546 0.00365820 
74.50000000 0.41631613 0.52186052 0.02815274 0.00945659 0.01559874 0.00495418 0.00366111 
75.00000000 0.41612988 0.52156255 0.02845832 0.00951394 0.01578700 0.00488352 0.00366479 
75.50000000 0.41603719 0.52117613 0.02876054 0.00956884 0.01597442 0.00481359 0.00366928 
76.00000000 0.41603696 0.52070241 0.02905933 0.00962126 0.01616095 0.00474450 0.00367460 
76.50000000 0.41612788 0.52014271 0.02935458 0.00967119 0.01634652 0.00467635 0.00368077 
77.00000000 0.41630861 0.51949845 0.02964620 0.00971860 0.01653107 0.00460924 0.00368784 
77.50000000 0.41657779 0.51877101 0.02993408 0.00976348 0.01671453 0.00454329 0.00369582 
78.00000000 0.41693414 0.51796174 0.03021812 0.00980583 0.01689684 0.00447859 0.00370474 
78.50000000 0.41737639 0.51707196 0.03049822 0.00984563 0.01707793 0.00441525 0.00371463 
79.00000000 0.41790327 0.51610295 0.03077431 0.00988288 0.01725771 0.00435338 0.00372550 
79.50000000 0.41851354 0.51505600 0.03104630 0.00991757 0.01743613 0.00429307 0.00373739 
80.00000000 0.41920593 0.51393237 0.03131414 0.00994970 0.01761311 0.00423444 0.00375031 
80.50000000 0.41997931 0.51273326 0.03157775 0.00997929 0.01778858 0.00417756 0.00376426 
81.00000000 0.42083262 0.51145973 0.03183703 0.01000633 0.01796246 0.00412255 0.00377928 
81.50000000 0.42176489 0.51011282 0.03209191 0.01003084 0.01813469 0.00406950 0.00379535 
82.00000000 0.42277512 0.50869353 0.03234233 0.01005283 0.01830517 0.00401852 0.00381249 
82.50000000 0.42386221 0.50720297 0.03258825 0.01007231 0.01847385 0.00396969 0.00383071 
83.00000000 0.42502483 0.50564244 0.03282966 0.01008931 0.01864064 0.00392310 0.00385001 
83.50000000 0.42626154 0.50401336 0.03306655 0.01010384 0.01880549 0.00387884 0.00387039 
84.00000000 0.42757082 0.50231720 0.03329888 0.01011594 0.01896831 0.00383698 0.00389186 
84.50000000 0.42895121 0.50055541 0.03352663 0.01012565 0.01912906 0.00379762 0.00391442 
85.00000000 0.43040142 0.49872929 0.03374973 0.01013301 0.01928765 0.00376082 0.00393807 
85.50000000 0.43192029 0.49684000 0.03396815 0.01013805 0.01944402 0.00372667 0.00396283 
86.00000000 0.43350674 0.49488860 0.03418183 0.01014081 0.01959809 0.00369524 0.00398869 
86.50000000 0.43515973 0.49287613 0.03439075 0.01014135 0.01974979 0.00366660 0.00401565 
87.00000000 0.43687814 0.49080366 0.03459489 0.01013972 0.01989905 0.00364083 0.00404370 
87.50000000 0.43866083 0.48867232 0.03479425 0.01013598 0.02004581 0.00361797 0.00407284 
88.00000000 0.44050662 0.48648324 0.03498880 0.01013018 0.02019000 0.00359810 0.00410305 
88.50000000 0.44241433 0.48423760 0.03517853 0.01012239 0.02033155 0.00358129 0.00413431 
89.00000000 0.44438272 0.48193661 0.03536343 0.01011267 0.02047039 0.00356757 0.00416662 
89.50000000 0.44641045 0.47958156 0.03554349 0.01010108 0.02060645 0.00355702 0.00419994 
90.00000000 0.44849604 0.47717387 0.03571875 0.01008771 0.02073966 0.00354969 0.00423428 
90.50000000 0.45063783 0.47471514 0.03588922 0.01007262 0.02086996 0.00354562 0.00426961 
91.00000000 0.45283408 0.47220702 0.03605493 0.01005591 0.02099727 0.00354487 0.00430591 
91.50000000 0.45508303 0.46965122 0.03621589 0.01003766 0.02112154 0.00354748 0.00434317 
92.00000000 0.45738303 0.46704934 0.03637208 0.01001797 0.02124270 0.00355350 0.00438138 
92.50000000 0.45973255 0.46440288 0.03652348 0.00999692 0.02136069 0.00356297 0.00442050 
93.00000000 0.46213016 0.46171325 0.03667007 0.00997461 0.02147545 0.00357593 0.00446054 
93.50000000 0.46457441 0.45898182 0.03681185 0.00995113 0.02158691 0.00359241 0.00450146 
94.00000000 0.46706382 0.45621003 0.03694884 0.00992659 0.02169502 0.00361246 0.00454325 
94.50000000 0.46959679 0.45339940 0.03708106 0.00990108 0.02179971 0.00363609 0.00458586 
95.00000000 0.47217167 0.45055150 0.03720854 0.00987474 0.02190094 0.00366332 0.00462928 
95.50000000 0.47478682 0.44766792 0.03733131 0.00984765 0.02199866 0.00369417 0.00467347 
96.00000000 0.47744065 0.44475018 0.03744937 0.00981995 0.02209280 0.00372865 0.00471841 
96.50000000 0.48013166 0.44179974 0.03756274 0.00979174 0.02218331 0.00376676 0.00476405 
97.00000000 0.48285837 0.43881801 0.03767144 0.00976315 0.02227015 0.00380851 0.00481038 
97.50000000 0.48561930 0.43580639 0.03777551 0.00973429 0.02235325 0.00385390 0.00485736 
98.00000000 0.48841298 0.43276631 0.03787497 0.00970529 0.02243258 0.00390292 0.00490495 
98.50000000 0.49123791 0.42969917 0.03796987 0.00967628 0.02250808 0.00395558 0.00495313 
99.00000000 0.49409263 0.42660636 0.03806023 0.00964738 0.02257971 0.00401184 0.00500184 
99.50000000 0.49697575 0.42348922 0.03814608 0.00961874 0.02264745 0.00407171 0.00505105 
100.00000000 0.49988591 0.42034904 0.03822743 0.00959047 0.02271125 0.00413516 0.00510073 
100.50000000 0.50282171 0.41718715 0.03830434 0.00956269 0.02277109 0.00420218 0.00515084 
101.00000000 0.50578166 0.41400493 0.03837687 0.00953554 0.02282693 0.00427275 0.00520133 
101.50000000 0.50876412 0.41080391 0.03844509 0.00950914 0.02287875 0.00434683 0.00525216 
102.00000000 0.51176732 0.40758572 0.03850910 0.00948363 0.02292653 0.00442440 0.00530331 
102.50000000 0.51478950 0.40435200 0.03856896 0.00945915 0.02297023 0.00450543 0.00535473 
103.00000000 0.51782894 0.40110436 0.03862474 0.00943582 0.02300985 0.00458989 0.00540639 
103.50000000 0.52088406 0.39784429 0.03867649 0.00941379 0.02304536 0.00467774 0.00545827 
104.00000000 0.52395342 0.39457316 0.03872423 0.00939317 0.02307675 0.00476896 0.00551032 
104.50000000 0.52703565 0.39129222 0.03876801 0.00937411 0.02310399 0.00486350 0.00556252 
105.00000000 0.53012947 0.38800269 0.03880790 0.00935672 0.02312709 0.00496131 0.00561483 
105.50000000 0.53323354 0.38470578 0.03884394 0.00934114 0.02314603 0.00506234 0.00566722 
106.00000000 0.53634658 0.38140271 0.03887621 0.00932751 0.02316082 0.00516653 0.00571963 
106.50000000 0.53946730 0.37809464 0.03890478 0.00931596 0.02317146 0.00527381 0.00577204 
107.00000000 0.54259446 0.37478273 0.03892971 0.00930662 0.02317797 0.00538412 0.00582439 
107.50000000 0.54572681 0.37146812 0.03895108 0.00929962 0.02318035 0.00549738 0.00587665 
108.00000000 0.54886308 0.36815197 0.03896897 0.00929507 0.02317861 0.00561352 0.00592878 
108.50000000 0.55200191 0.36483549 0.03898348 0.00929309 0.02317279 0.00573248 0.00598075 
109.00000000 0.55514185 0.36151999 0.03899473 0.00929382 0.02316288 0.00585419 0.00603254 
109.50000000 0.55828143 0.35820679 0.03900282 0.00929738 0.02314892 0.00597857 0.00608410 
110.00000000 0.56141918 0.35489721 0.03900784 0.00930388 0.02313091 0.00610555 0.00613542 
110.50000000 0.56455374 0.35159251 0.03900988 0.00931345 0.02310889 0.00623507 0.00618647 
111.00000000 0.56768385 0.34829383 0.03900899 0.00932618 0.02308288 0.00636704 0.00623722 
111.50000000 0.57080831 0.34500229 0.03900526 0.00934218 0.02305292 0.00650138 0.00628765 
112.00000000 0.57392592 0.34171897 0.03899876 0.00936155 0.02301904 0.00663802 0.00633774 
112.50000000 0.57703542 0.33844501 0.03898960 0.00938437 0.02298128 0.00677685 0.00638745 
113.00000000 0.58013551 0.33518162 0.03897790 0.00941076 0.02293968 0.00691779 0.00643675 
113.50000000 0.58322482 0.33193002 0.03896376 0.00944080 0.02289428 0.00706071 0.00648560 
114.00000000 0.58630202 0.32869144 0.03894731 0.00947460 0.02284511 0.00720554 0.00653399 
114.50000000 0.58936582 0.32546705 0.03892864 0.00951224 0.02279222 0.00735215 0.00658187 
115.00000000 0.59241498 0.32225800 0.03890786 0.00955379 0.02273566 0.00750047 0.00662923 
115.50000000 0.59544829 0.31906538 0.03888507 0.00959934 0.02267548 0.00765039 0.00667604 
116.00000000 0.59846454 0.31589028 0.03886037 0.00964896 0.02261174 0.00780182 0.00672228 
116.50000000 0.60146254 0.31273378 0.03883385 0.00970273 0.02254451 0.00795465 0.00676794 
117.00000000 0.60444114 0.30959690 0.03880562 0.00976072 0.02247384 0.00810878 0.00681300 
117.50000000 0.60739924 0.30648064 0.03877575 0.00982300 0.02239982 0.00826411 0.00685744 
118.00000000 0.61033584 0.30338590 0.03874432 0.00988964 0.02232252 0.00842054 0.00690124 
118.50000000 0.61324999 0.30031355 0.03871138 0.00996069 0.02224204 0.00857796 0.00694439 
119.00000000 0.61614071 0.29726446 0.03867701 0.01003621 0.02215845 0.00873627 0.00698689 
119.50000000 0.61900696 0.29423958 0.03864128 0.01011625 0.02207186 0.00889536 0.00702872 
120.00000000 0.62184762 0.29123990 0.03860428 0.01020087 0.02198235 0.00905511 0.00706987 
120.50000000 0.62466147 0.28826651 0.03856611 0.01029011 0.02189000 0.00921544 0.00711035 
121.00000000 0.62744733 0.28532050 0.03852685 0.01038401 0.02179492 0.00937624 0.00715014 
121.50000000 0.63020404 0.28240293 0.03848658 0.01048263 0.02169717 0.00953741 0.00718924 
122.00000000 0.63293054 0.27951478 0.03844534 0.01058599 0.02159686 0.00969884 0.00722765 
122.50000000 0.63562584 0.27665698 0.03840320 0.01069411 0.02149409 0.00986043 0.00726536 
123.00000000 0.63828902 0.27383039 0.03836018 0.01080700 0.02138897 0.01002206 0.00730239 
123.50000000 0.64091919 0.27103586 0.03831636 0.01092467 0.02128161 0.01018360 0.00733871 
124.00000000 0.64351547 0.26827422 0.03827181 0.01104715 0.02117212 0.01034493 0.00737432 
124.50000000 0.64607700 0.26554626 0.03822659 0.01117443 0.02106061 0.01050591 0.00740921 
125.00000000 0.64860298 0.26285274 0.03818076 0.01130652 0.02094721 0.01066641 0.00744338 
125.50000000 0.65109262 0.26019441 0.03813439 0.01144342 0.02083203 0.01082631 0.00747682 
126.00000000 0.65354516 0.25757197 0.03808754 0.01158512 0.02071518 0.01098549 0.00750953 
126.50000000 0.65595979 0.25498618 0.03804026 0.01173160 0.02059680 0.01114384 0.00754154 
127.00000000 0.65833568 0.25243779 0.03799261 0.01188283 0.02047700 0.01130125 0.00757283 
127.50000000 0.66067191 0.24992764 0.03794468 0.01203880 0.02035590 0.01145762 0.00760344 
128.00000000 0.66296761 0.24745652 0.03789653 0.01219947 0.02023363 0.01161287 0.00763337 
128.50000000 0.66522194 0.24502520 0.03784821 0.01236481 0.02011031 0.01176690 0.00766264 
129.00000000 0.66743417 0.24263435 0.03779976 0.01253476 0.01998607 0.01191962 0.00769127 
129.50000000 0.66960368 0.24028457 0.03775120 0.01270929 0.01986105 0.01207092 0.00771929 
130.00000000 0.67172991 0.23797641 0.03770255 0.01288832 0.01973540 0.01222070 0.00774670 
130.50000000 0.67381234 0.23571036 0.03765384 0.01307180 0.01960927 0.01236884 0.00777353 
131.00000000 0.67585043 0.23348696 0.03760511 0.01325967 0.01948281 0.01251522 0.00779979 
131.50000000 0.67784363 0.23130671 0.03755641 0.01345187 0.01935616 0.01265973 0.00782550 
132.00000000 0.67979136 0.22917016 0.03750778 0.01364834 0.01922946 0.01280224 0.00785066 
132.50000000 0.68169309 0.22707782 0.03745929 0.01384900 0.01910283 0.01294267 0.00787530 
133.00000000 0.68354826 0.22503021 0.03741096 0.01405380 0.01897642 0.01308091 0.00789943 
133.50000000 0.68535635 0.22302783 0.03736283 0.01426263 0.01885036 0.01321689 0.00792310 
134.00000000 0.68711683 0.22107118 0.03731492 0.01447541 0.01872480 0.01335051 0.00794634 
134.50000000 0.68882914 0.21916076 0.03726729 0.01469205 0.01859989 0.01348169 0.00796917 
135.00000000 0.69049272 0.21729709 0.03721997 0.01491245 0.01847578 0.01361037 0.00799164 
135.50000000 0.69210701 0.21548064 0.03717302 0.01513650 0.01835261 0.01373644 0.00801377 
136.00000000 0.69367154 0.21371187 0.03712649 0.01536410 0.01823054 0.01385984 0.00803561 
136.50000000 0.69518588 0.21199116 0.03708041 0.01559513 0.01810974 0.01398049 0.00805719 
137.00000000 0.69664967 0.21031886 0.03703481 0.01582947 0.01799035 0.01409829 0.00807855 
137.50000000 0.69806258 0.20869527 0.03698970 0.01606701 0.01787256 0.01421316 0.00809972 
138.00000000 0.69942429 0.20712070 0.03694511 0.01630763 0.01775651 0.01432502 0.00812074 
138.50000000 0.70073446 0.20559544 0.03690109 0.01655121 0.01764236 0.01443379 0.00814165 
139.00000000 0.70199277 0.20411979 0.03685769 0.01679763 0.01753024 0.01453941 0.00816247 
139.50000000 0.70319894 0.20269400 0.03681494 0.01704677 0.01742030 0.01464183 0.00818323 
140.00000000 0.70435273 0.20131826 0.03677287 0.01729851 0.01731268 0.01474099 0.00820396 
140.50000000 0.70545401 0.19999271 0.03673151 0.01755272 0.01720750 0.01483684 0.00822472 
141.00000000 0.70650268 0.19871744 0.03669086 0.01780926 0.01710493 0.01492933 0.00824552 
141.50000000 0.70749871 0.19749247 0.03665093 0.01806799 0.01700510 0.01501840 0.00826640 
142.00000000 0.70844206 0.19631784 0.03661175 0.01832879 0.01690816 0.01510400 0.00828740 
142.50000000 0.70933268 0.19519356 0.03657336 0.01859153 0.01681425 0.01518606 0.00830856 
143.00000000 0.71017056 0.19411962 0.03653580 0.01885607 0.01672352 0.01526454 0.00832990 
143.50000000 0.71095565 0.19309603 0.03649912 0.01912228 0.01663606 0.01533940 0.00835146 
144.00000000 0.71168795 0.19212281 0.03646331 0.01939003 0.01655202 0.01541061 0.00837328 
144.50000000 0.71236741 0.19119998 0.03642840 0.01965918 0.01647150 0.01547813 0.00839541 
145.00000000 0.71299397 0.19032760 0.03639437 0.01992960 0.01639461 0.01554196 0.00841788 
145.50000000 0.71356755 0.18950577 0.03636125 0.02020115 0.01632145 0.01560208 0.00844076 
146.00000000 0.71408801 0.18873459 0.03632904 0.02047369 0.01625211 0.01565849 0.00846406 
146.50000000 0.71455525 0.18801415 0.03629777 0.02074709 0.01618669 0.01571119 0.00848785 
147.00000000 0.71496921 0.18734450 0.03626748 0.02102120 0.01612529 0.01576018 0.00851214 
147.50000000 0.71532992 0.18672560 0.03623816 0.02129588 0.01606800 0.01580545 0.00853698 
148.00000000 0.71563752 0.18615737 0.03620983 0.02157098 0.01601493 0.01584698 0.00856240 
148.50000000 0.71589223 0.18563959 0.03618248 0.02184635 0.01596617 0.01588475 0.00858843 
149.00000000 0.71609435 0.18517200 0.03615612 0.02212186 0.01592184 0.01591872 0.00861511 
149.50000000 0.71624420 0.18475431 0.03613078 0.02239737 0.01588203 0.01594886 0.00864244 
150.00000000 0.71634212 0.18438617 0.03610649 0.02267277 0.01584683 0.01597515 0.00867046 
150.50000000 0.71638849 0.18406722 0.03608326 0.02294793 0.01581630 0.01599760 0.00869919 
151.00000000 0.71638366 0.18379710 0.03606113 0.02322273 0.01579052 0.01601621 0.00872864 
151.50000000 0.71632800 0.18357545 0.03604007 0.02349705 0.01576955 0.01603101 0.00875886 
152.00000000 0.71622188 0.18340193 0.03602008 0.02377077 0.01575346 0.01604201 0.00878987 
152.50000000 0.71606563 0.18327622 0.03600112 0.02404377 0.01574230 0.01604925 0.00882171 
153.00000000 0.71585956 0.18319800 0.03598321 0.02431591 0.01573614 0.01605277 0.00885441 
153.50000000 0.71560396 0.18316695 0.03596635 0.02458709 0.01573503 0.01605262 0.00888800 
154.00000000 0.71529914 0.18318277 0.03595055 0.02485716 0.01573904 0.01604882 0.00892251 
154.50000000 0.71494544 0.18324510 0.03593584 0.02512601 0.01574820 0.01604142 0.00895798 
155.00000000 0.71454327 0.18335354 0.03592222 0.02539351 0.01576258 0.01603046 0.00899442 
155.50000000 0.71409308 0.18350766 0.03590970 0.02565954 0.01578221 0.01601596 0.00903185 
156.00000000 0.71359536 0.18370699 0.03589825 0.02592399 0.01580713 0.01599797 0.00907030 
156.50000000 0.71305065 0.18395104 0.03588790 0.02618676 0.01583735 0.01597652 0.00910978 
157.00000000 0.71245944 0.18423930 0.03587864 0.02644778 0.01587289 0.01595165 0.00915030 
157.50000000 0.71182226 0.18457126 0.03587050 0.02670695 0.01591374 0.01592342 0.00919187 
158.00000000 0.71113961 0.18494642 0.03586351 0.02696419 0.01595989 0.01589191 0.00923448 
158.50000000 0.71041202 0.18536425 0.03585766 0.02721943 0.01601132 0.01585717 0.00927815 
159.00000000 0.70964002 0.18582424 0.03585296 0.02747258 0.01606804 0.01581928 0.00932289 
159.50000000 0.70882417 0.18632584 0.03584941 0.02772357 0.01613002 0.01577830 0.00936870 
160.00000000 0.70796504 0.18686851 0.03584699 0.02797232 0.01619726 0.01573430 0.00941559 
160.50000000 0.70706321 0.18745165 0.03584572 0.02821876 0.01626976 0.01568735 0.00946356 
161.00000000 0.70611928 0.18807467 0.03584561 0.02846281 0.01634750 0.01563751 0.00951262 
161.50000000 0.70513388 0.18873693 0.03584668 0.02870440 0.01643046 0.01558488 0.00956277 
162.00000000 0.70410766 0.18943780 0.03584893 0.02894347 0.01651861 0.01552953 0.00961401 
162.50000000 0.70304128 0.19017664 0.03585234 0.02917996 0.01661192 0.01547154 0.00966633 
163.00000000 0.70193542 0.19095281 0.03585687 0.02941382 0.01671035 0.01541099 0.00971974 
163.50000000 0.70079076 0.19176569 0.03586248 0.02964499 0.01681385 0.01534799 0.00977423 
164.00000000 0.69960796 0.19261466 0.03586915 0.02987343 0.01692237 0.01528261 0.00982981 
164.50000000 0.69838765 0.19349910 0.03587686 0.03009911 0.01703587 0.01521496 0.00988645 
165.00000000 0.69713050 0.19441839 0.03588561 0.03032196 0.01715426 0.01514512 0.00994416 
165.50000000 0.69583714 0.19537190 0.03589540 0.03054195 0.01727750 0.01507320 0.01000291 
166.00000000 0.69450824 0.19635899 0.03590624 0.03075902 0.01740553 0.01499929 0.01006269 
166.50000000 0.69314449 0.19737899 0.03591815 0.03097312 0.01753827 0.01492348 0.01012350 
167.00000000 0.69174661 0.19843122 0.03593112 0.03118421 0.01767566 0.01484585 0.01018531 
167.50000000 0.69031533 0.19951498 0.03594519 0.03139226 0.01781763 0.01476650 0.01024811 
168.00000000 0.68885135 0.20062956 0.03596037 0.03159722 0.01796410 0.01468552 0.01031188 
168.50000000 0.68735537 0.20177426 0.03597670 0.03179907 0.01811498 0.01460302 0.01037660 
169.00000000 0.68582807 0.20294843 0.03599419 0.03199780 0.01827016 0.01451910 0.01044224 
169.50000000 0.68427010 0.20415143 0.03601285 0.03219338 0.01842955 0.01443390 0.01050879 
170.00000000 0.68268210 0.20538265 0.03603266 0.03238580 0.01859302 0.01434754 0.01057623 
170.50000000 0.68106472 0.20664148 0.03605360 0.03257505 0.01876049 0.01426014 0.01064454 
171.00000000 0.67941866 0.20792725 0.03607564 0.03276110 0.01893184 0.01417181 0.01071370 
171.50000000 0.67774465 0.20923925 0.03609876 0.03294396 0.01910698 0.01408268 0.01078371 
172.00000000 0.67604353 0.21057670 0.03612296 0.03312360 0.01928580 0.01399287 0.01085454 
172.50000000 0.67431619 0.21193872 0.03614822 0.03330001 0.01946820 0.01390251 0.01092615 
173.00000000 0.67256361 0.21332436 0.03617455 0.03347319 0.01965408 0.01381169 0.01099852 
173.50000000 0.67078687 0.21473259 0.03620193 0.03364313 0.01984333 0.01372053 0.01107161 
174.00000000 0.66898709 0.21616237 0.03623035 0.03380985 0.02003584 0.01362912 0.01114539 
174.50000000 0.66716539 0.21761260 0.03625979 0.03397336 0.02023149 0.01353757 0.01121981 
175.00000000 0.66532291 0.21908220 0.03629023 0.03413372 0.02043015 0.01344595 0.01129483 
175.50000000 0.66346072 0.22057016 0.03632169 0.03429096 0.02063170 0.01335438 0.01137040 
176.00000000 0.66157979 0.22207552 0.03635415 0.03444514 0.02083600 0.01326293 0.01144647 
176.50000000 0.65968103 0.22359743 0.03638762 0.03459629 0.02104291 0.01317172 0.01152299 
177.00000000 0.65776524 0.22513512 0.03642211 0.03474447 0.02125231 0.01308084 0.01159991 
177.50000000 0.65583318 0.22668788 0.03645760 0.03488972 0.02146406 0.01299038 0.01167719 
178.00000000 0.65388558 0.22825503 0.03649409 0.03503206 0.02167804 0.01290042 0.01175478 
178.50000000 0.65192317 0.22983586 0.03653159 0.03517153 0.02189413 0.01281107 0.01183264 
179.00000000 0.64994673 0.23142965 0.03657010 0.03530816 0.02211220 0.01272242 0.01191074 
179.50000000 0.64795706 0.23303563 0.03660965 0.03544198 0.02233213 0.01263455 0.01198900 
180.00000000 0.64595500 0.23465299 0.03665024 0.03557302 0.02255378 0.01254758 0.01206739 
180.50000000 0.64394143 0.23628091 0.03669188 0.03570132 0.02277704 0.01246158 0.01214584 
181.00000000 0.64191727 0.23791855 0.03673455 0.03582694 0.02300176 0.01237665 0.01222429 
181.50000000 0.63988344 0.23956503 0.03677822 0.03594992 0.02322782 0.01229287 0.01230270 
182.00000000 0.63784091 0.24121946 0.03682288 0.03607033 0.02345509 0.01221032 0.01238101 
182.50000000 0.63579065 0.24288095 0.03686850 0.03618824 0.02368343 0.01212908 0.01245915 
183.00000000 0.63373362 0.24454859 0.03691505 0.03630368 0.02391274 0.01204923 0.01253709 
183.50000000 0.63167078 0.24622149 0.03696253 0.03641673 0.02414286 0.01197086 0.01261475 
184.00000000 0.62960307 0.24789876 0.03701092 0.03652742 0.02437370 0.01189404 0.01269209 
184.50000000 0.62753143 0.24957954 0.03706020 0.03663580 0.02460511 0.01181886 0.01276905 
185.00000000 0.62545678 0.25126297 0.03711037 0.03674192 0.02483699 0.01174538 0.01284559 
185.50000000 0.62338004 0.25294818 0.03716139 0.03684582 0.02506922 0.01167369 0.01292167 
186.00000000 0.62130210 0.25463434 0.03721328 0.03694753 0.02530169 0.01160383 0.01299722 
186.50000000 0.61922381 0.25632065 0.03726602 0.03704713 0.02553429 0.01153589 0.01307222 
187.00000000 0.61714593 0.25800639 0.03731961 0.03714466 0.02576690 0.01146991 0.01314660 
187.50000000 0.61506919 0.25969089 0.03737405 0.03724018 0.02599942 0.01140596 0.01322032 
188.00000000 0.61299420 0.26137358 0.03742931 0.03733374 0.02623173 0.01134408 0.01329334 
188.50000000 0.61092159 0.26305391 0.03748539 0.03742541 0.02646375 0.01128431 0.01336563 
189.00000000 0.60885195 0.26473135 0.03754224 0.03751524 0.02669538 0.01122669 0.01343716 
189.50000000 0.60678591 0.26640531 0.03759984 0.03760326 0.02692655 0.01117123 0.01350789 
190.00000000 0.60472417 0.26807514 0.03765820 0.03768953 0.02715717 0.01111799 0.01357781 
190.50000000 0.60266750 0.26974014 0.03771729 0.03777407 0.02738714 0.01106699 0.01364687 
191.00000000 0.60061675 0.27139950 0.03777713 0.03785694 0.02761637 0.01101826 0.01371505 
191.50000000 0.59857283 0.27305237 0.03783771 0.03793816 0.02784478 0.01097185 0.01378230 
192.00000000 0.59653673 0.27469782 0.03789903 0.03801781 0.02807225 0.01092778 0.01384858 
192.50000000 0.59450945 0.27633489 0.03796107 0.03809593 0.02829870 0.01088608 0.01391387 
193.00000000 0.59249200 0.27796263 0.03802384 0.03817261 0.02852403 0.01084676 0.01397813 
193.50000000 0.59048535 0.27958010 0.03808733 0.03824792 0.02874814 0.01080986 0.01404131 
194.00000000 0.58849038 0.28118645 0.03815153 0.03832194 0.02897093 0.01077539 0.01410338 
194.50000000 0.58650789 0.28278092 0.03821644 0.03839475 0.02919231 0.01074338 0.01416431 
195.00000000 0.58453857 0.28436287 0.03828203 0.03846643 0.02941220 0.01071384 0.01422407 
195.50000000 0.58258301 0.28593173 0.03834827 0.03853703 0.02963052 0.01068679 0.01428264 
196.00000000 0.58064181 0.28748698 0.03841514 0.03860660 0.02984721 0.01066224 0.01434003 
196.50000000 0.57871552 0.28902807 0.03848259 0.03867519 0.03006220 0.01064020 0.01439622 
197.00000000 0.57680475 0.29055447 0.03855060 0.03874283 0.03027545 0.01062068 0.01445122 
197.50000000 0.57491012 0.29206558 0.03861914 0.03880956 0.03048689 0.01060369 0.01450502 
198.00000000 0.57303225 0.29356080 0.03868819 0.03887543 0.03069647 0.01058924 0.01455761 
198.50000000 0.57117181 0.29503955 0.03875775 0.03894046 0.03090412 0.01057733 0.01460897 
199.00000000 0.56932940 0.29650124 0.03882780 0.03900473 0.03110979 0.01056796 0.01465909 
199.50000000 0.56750563 0.29794531 0.03889832 0.03906827 0.03131341 0.01056110 0.01470795 
200.00000000 0.56570107 0.29937126 0.03896929 0.03913116 0.03151493 0.01055675 0.01475554 
200.50000000 0.56391624 0.30077858 0.03904071 0.03919344 0.03171431 0.01055488 0.01480184 
201.00000000 0.56215163 0.30216682 0.03911258 0.03925516 0.03191148 0.01055549 0.01484684 
201.50000000 0.56040768 0.30353560 0.03918488 0.03931637 0.03210640 0.01055855 0.01489052 
202.00000000 0.55868480 0.30488451 0.03925764 0.03937710 0.03229901 0.01056406 0.01493288 
202.50000000 0.55698340 0.30621322 0.03933084 0.03943737 0.03248928 0.01057199 0.01497391 
203.00000000 0.55530388 0.30752134 0.03940450 0.03949720 0.03267716 0.01058232 0.01501360 
203.50000000 0.55364671 0.30880843 0.03947860 0.03955663 0.03286262 0.01059504 0.01505196 
204.00000000 0.55201238 0.31007404 0.03955315 0.03961568 0.03304564 0.01061013 0.01508898 
204.50000000 0.55040142 0.31131766 0.03962815 0.03967437 0.03322619 0.01062755 0.01512467 
205.00000000 0.54881432 0.31253878 0.03970361 0.03973275 0.03340425 0.01064727 0.01515901 
205.50000000 0.54725159 0.31373694 0.03977954 0.03979086 0.03357980 0.01066927 0.01519200 
206.00000000 0.54571363 0.31491171 0.03985594 0.03984875 0.03375284 0.01069350 0.01522364 
206.50000000 0.54420086 0.31606269 0.03993282 0.03990646 0.03392334 0.01071990 0.01525392 
207.00000000 0.54271365 0.31718952 0.04001018 0.03996405 0.03409133 0.01074842 0.01528286 
207.50000000 0.54125240 0.31829180 0.04008801 0.04002154 0.03425679 0.01077900 0.01531047 
208.00000000 0.53981753 0.31936910 0.04016630 0.04007895 0.03441974 0.01081160 0.01533677 
208.50000000 0.53840953 0.32042097 0.04024506 0.04013632 0.03458019 0.01084614 0.01536179 
209.00000000 0.53702889 0.32144690 0.04032430 0.04019367 0.03473814 0.01088257 0.01538553 
209.50000000 0.53567615 0.32244638 0.04040403 0.04025100 0.03489359 0.01092084 0.01540801 
210.00000000 0.53435184 0.32341887 0.04048427 0.04030835 0.03504653 0.01096088 0.01542925 
210.50000000 0.53305650 0.32436386 0.04056503 0.04036574 0.03519698 0.01100262 0.01544927 
211.00000000 0.53179063 0.32528084 0.04064633 0.04042320 0.03534494 0.01104599 0.01546807 
211.50000000 0.53055468 0.32616936 0.04072817 0.04048076 0.03549044 0.01109093 0.01548567 
212.00000000 0.52934905 0.32702901 0.04081056 0.04053844 0.03563350 0.01113735 0.01550209 
212.50000000 0.52817401 0.32785950 0.04089352 0.04059626 0.03577415 0.01118520 0.01551736 
213.00000000 0.52702979 0.32866062 0.04097705 0.04065424 0.03591241 0.01123440 0.01553149 
213.50000000 0.52591652 0.32943222 0.04106115 0.04071238 0.03604831 0.01128488 0.01554453 
214.00000000 0.52483436 0.33017416 0.04114580 0.04077068 0.03618190 0.01133658 0.01555652 
214.50000000 0.52378349 0.33088625 0.04123099 0.04082912 0.03631322 0.01138941 0.01556752 
215.00000000 0.52276420 0.33156823 0.04131669 0.04088768 0.03644231 0.01144330 0.01557759 
215.50000000 0.52177686 0.33221975 0.04140288 0.04094634 0.03656922 0.01149818 0.01558678 
216.00000000 0.52082191 0.33284035 0.04148956 0.04100508 0.03669398 0.01155398 0.01559515 
216.50000000 0.51989984 0.33342957 0.04157671 0.04106388 0.03681663 0.01161062 0.01560274 
217.00000000 0.51901113 0.33398694 0.04166436 0.04112276 0.03693718 0.01166802 0.01560960 
217.50000000 0.51815622 0.33451202 0.04175250 0.04118172 0.03705568 0.01172611 0.01561575 
218.00000000 0.51733547 0.33500443 0.04184113 0.04124077 0.03717215 0.01178481 0.01562125 
218.50000000 0.51654919 0.33546385 0.04193025 0.04129993 0.03728662 0.01184404 0.01562612 
219.00000000 0.51579763 0.33589005 0.04201986 0.04135919 0.03739914 0.01190372 0.01563041 
219.50000000 0.51508092 0.33628284 0.04210996 0.04141855 0.03750975 0.01196380 0.01563417 
220.00000000 0.51439914 0.33664218 0.04220055 0.04147800 0.03761848 0.01202421 0.01563745 
