0.00000000 0.00000000 0.00000000 0.00000000 0.00000000 0.00000000 1.00000000 0.00000000 
0.50000000 0.00000166 0.00000124 0.00000082 0.00000256 0.00005834 0.99992140 0.00001398 
1.00000000 0.00000666 0.00000494 0.00000327 0.00001027 0.00023332 0.99968564 0.00005591 
1.50000000 0.00001497 0.00001111 0.00000736 0.00002313 0.00052482 0.99929286 0.00012574 
2.00000000 0.00002661 0.00001976 0.00001308 0.00004120 0.00093265 0.99874328 0.00022342 
2.50000000 0.00004155 0.00003087 0.00002043 0.00006454 0.00145653 0.99803722 0.00034887 
3.00000000 0.00005979 0.00004444 0.00002942 0.00009322 0.00209611 0.99717506 0.00050196 
3.50000000 0.00008131 0.00006047 0.00004004 0.00012733 0.00285096 0.99615731 0.00068257 
4.00000000 0.00010609 0.00007897 0.00005230 0.00016700 0.00372058 0.99498453 0.00089053 
4.50000000 0.00013412 0.00009991 0.00006619 0.00021235 0.00470439 0.99365738 0.00112566 
5.00000000 0.00016537 0.00012331 0.00008171 0.00026352 0.00580174 0.99217660 0.00138776 
5.50000000 0.00019981 0.00014916 0.00009886 0.00032067 0.00701190 0.99054302 0.00167659 
6.00000000 0.00023742 0.00017744 0.00011764 0.00038398 0.00833407 0.98875753 0.00199191 
6.50000000 0.00027818 0.00020816 0.00013805 0.00045364 0.00976739 0.98682114 0.00233344 
7.00000000 0.00032204 0.00024132 0.00016009 0.00052987 0.01131090 0.98473490 0.00270088 
7.50000000 0.00036897 0.00027689 0.00018376 0.00061287 0.01296361 0.98249997 0.00309392 
8.00000000 0.00041894 0.00031489 0.00020907 0.00070290 0.01472444 0.98011756 0.00351221 
8.50000000 0.00047190 0.00035530 0.00023600 0.00080019 0.01659225 0.97758897 0.00395540 
9.00000000 0.00052782 0.00039811 0.00026456 0.00090502 0.01856586 0.97491555 0.00442309 
9.50000000 0.00058665 0.00044332 0.00029475 0.00101765 0.02064399 0.97209876 0.00491489 
10.00000000 0.00064834 0.00049091 0.00032657 0.00113838 0.02282532 0.96914010 0.00543037 
10.50000000 0.00071285 0.00054090 0.00036001 0.00126751 0.02510847 0.96604115 0.00596910 
11.00000000 0.00078013 0.00059325 0.00039509 0.00140535 0.02749199 0.96280357 0.00653062 
11.50000000 0.00085012 0.00064798 0.00043179 0.00155223 0.02997437 0.95942906 0.00711445 
12.00000000 0.00092277 0.00070506 0.00047012 0.00170848 0.03255406 0.95591942 0.00772010 
12.50000000 0.00099802 0.00076448 0.00051006 0.00187443 0.03522943 0.95227650 0.00834707 
13.00000000 0.00107583 0.00082624 0.00055163 0.00205044 0.03799880 0.94850222 0.00899483 
13.50000000 0.00115612 0.00089033 0.00059482 0.00223686 0.04086043 0.94459858 0.00966285 
14.00000000 0.00123884 0.00095674 0.00063962 0.00243407 0.04381251 0.94056764 0.01035058 
14.50000000 0.00132393 0.00102545 0.00068604 0.00264244 0.04685320 0.93641152 0.01105743 
15.00000000 0.00141130 0.00109647 0.00073407 0.00286235 0.04998061 0.93213240 0.01178281 
15.50000000 0.00150091 0.00116977 0.00078370 0.00309421 0.05319280 0.92773249 0.01252612 
16.00000000 0.00159267 0.00124535 0.00083495 0.00333840 0.05648781 0.92321407 0.01328674 
16.50000000 0.00168653 0.00132321 0.00088780 0.00359535 0.05986364 0.91857942 0.01406405 
17.00000000 0.00178241 0.00140333 0.00094225 0.00386544 0.06331825 0.91383091 0.01485742 
17.50000000 0.00188023 0.00148570 0.00099830 0.00414912 0.06684954 0.90897092 0.01566619 
18.00000000 0.00197992 0.00157032 0.00105595 0.00444679 0.07045538 0.90400190 0.01648973 
18.50000000 0.00208141 0.00165718 0.00111519 0.00475889 0.07413362 0.89892632 0.01732738 
19.00000000 0.00218463 0.00174627 0.00117602 0.00508585 0.07788206 0.89374668 0.01817849 
19.50000000 0.00228949 0.00183758 0.00123844 0.00542810 0.08169851 0.88846549 0.01904239 
20.00000000 0.00239592 0.00193110 0.00130244 0.00578607 0.08558075 0.88308528 0.01991843 
20.50000000 0.00250385 0.00202683 0.00136804 0.00616017 0.08952653 0.87760862 0.02080596 
21.00000000 0.00261319 0.00212476 0.00143521 0.00655085 0.09353357 0.87203810 0.02170431 
21.50000000 0.00272385 0.00222489 0.00150398 0.00695852 0.09759957 0.86637638 0.02261281 
22.00000000 0.00283575 0.00232721 0.00157433 0.00738361 0.10172219 0.86062612 0.02353079 
22.50000000 0.00294881 0.00243173 0.00164625 0.00782655 0.10589909 0.85479002 0.02445756 
23.00000000 0.00306293 0.00253842 0.00171975 0.00828773 0.11012792 0.84887081 0.02539245 
23.50000000 0.00317804 0.00264730 0.00179481 0.00876755 0.11440633 0.84287119 0.02633478 
24.00000000 0.00329405 0.00275835 0.00187142 0.00926641 0.11873194 0.83679395 0.02728388 
24.50000000 0.00341087 0.00287157 0.00194957 0.00978469 0.12310233 0.83064189 0.02823908 
25.00000000 0.00352841 0.00298695 0.00202925 0.01032276 0.12751504 0.82441788 0.02919971 
25.50000000 0.00364657 0.00310450 0.00211045 0.01088101 0.13196755 0.81812485 0.03016507 
26.00000000 0.00376527 0.00322421 0.00219316 0.01145981 0.13645734 0.81176574 0.03113447 
26.50000000 0.00388442 0.00334607 0.00227737 0.01205952 0.14098190 0.80534350 0.03210722 
27.00000000 0.00400392 0.00347008 0.00236306 0.01268052 0.14553875 0.79886105 0.03308263 
27.50000000 0.00412369 0.00359625 0.00245022 0.01332314 0.15012539 0.79232129 0.03406002 
28.00000000 0.00424363 0.00372457 0.00253885 0.01398772 0.15473936 0.78572716 0.03503871 
28.50000000 0.00436365 0.00385504 0.00262893 0.01467459 0.15937815 0.77908160 0.03601804 
29.00000000 0.00448365 0.00398767 0.00272045 0.01538405 0.16403923 0.77238760 0.03699734 
29.50000000 0.00460355 0.00412245 0.00281340 0.01611640 0.16872010 0.76564815 0.03797596 
30.00000000 0.00472324 0.00425938 0.00290774 0.01687190 0.17341827 0.75886622 0.03895325 
30.50000000 0.00484265 0.00439845 0.00300348 0.01765077 0.17813131 0.75204474 0.03992860 
31.00000000 0.00496168 0.00453966 0.00310058 0.01845321 0.18285684 0.74518661 0.04090142 
31.50000000 0.00508025 0.00468301 0.00319902 0.01927938 0.18759251 0.73829470 0.04187112 
32.00000000 0.00519826 0.00482849 0.00329880 0.02012946 0.19233595 0.73137191 0.04283713 
32.50000000 0.00531564 0.00497610 0.00339988 0.02100356 0.19708479 0.72442116 0.04379887 
33.00000000 0.00543227 0.00512584 0.00350225 0.02190183 0.20183669 0.71744538 0.04475575 
33.50000000 0.00554808 0.00527771 0.00360589 0.02282438 0.20658932 0.71044746 0.04570717 
34.00000000 0.00566297 0.00543171 0.00371077 0.02377132 0.21134042 0.70343023 0.04665257 
34.50000000 0.00577685 0.00558785 0.00381688 0.02474276 0.21608780 0.69639647 0.04759139 
35.00000000 0.00588965 0.00574612 0.00392419 0.02573877 0.22082929 0.68934889 0.04852310 
35.50000000 0.00600127 0.00590651 0.00403266 0.02675943 0.22556268 0.68229026 0.04944719 
36.00000000 0.00611164 0.00606904 0.00414227 0.02780483 0.23028573 0.67522335 0.05036315 
36.50000000 0.00622066 0.00623369 0.00425298 0.02887501 0.23499613 0.66815103 0.05127050 
37.00000000 0.00632825 0.00640046 0.00436478 0.02997003 0.23969155 0.66107619 0.05216873 
37.50000000 0.00643433 0.00656935 0.00447762 0.03108991 0.24436970 0.65400170 0.05305739 
38.00000000 0.00653882 0.00674036 0.00459147 0.03223465 0.24902830 0.64693040 0.05393600 
38.50000000 0.00664165 0.00691346 0.00470631 0.03340423 0.25366514 0.63986506 0.05480414 
39.00000000 0.00674272 0.00708867 0.00482211 0.03459858 0.25827804 0.63280849 0.05566137 
39.50000000 0.00684197 0.00726598 0.00493884 0.03581765 0.26286482 0.62576349 0.05650726 
40.00000000 0.00693929 0.00744540 0.00505648 0.03706132 0.26742331 0.61873286 0.05734135 
40.50000000 0.00703461 0.00762692 0.00517499 0.03832946 0.27195139 0.61171943 0.05816320 
41.00000000 0.00712785 0.00781054 0.00529435 0.03962190 0.27644704 0.60472593 0.05897238 
41.50000000 0.00721893 0.00799627 0.00541451 0.04093842 0.28090832 0.59775503 0.05976851 
42.00000000 0.00730778 0.00818409 0.00553544 0.04227876 0.28533343 0.59080925 0.06055124 
42.50000000 0.00739435 0.00837401 0.00565709 0.04364263 0.28972061 0.58389105 0.06132027 
43.00000000 0.00747855 0.00856600 0.00577943 0.04502968 0.29406817 0.57700284 0.06207532 
43.50000000 0.00756034 0.00876007 0.00590242 0.04643960 0.29837437 0.57014706 0.06281615 
44.00000000 0.00763963 0.00895620 0.00602602 0.04787201 0.30263750 0.56332611 0.06354252 
44.50000000 0.00771638 0.00915440 0.00615020 0.04932656 0.30685586 0.55654239 0.06425421 
45.00000000 0.00779053 0.00935464 0.00627494 0.05080285 0.31102784 0.54979817 0.06495103 
45.50000000 0.00786201 0.00955692 0.00640019 0.05230051 0.31515189 0.54309564 0.06563283 
46.00000000 0.00793079 0.00976124 0.00652593 0.05381911 0.31922656 0.53643688 0.06629949 
46.50000000 0.00799681 0.00996758 0.00665211 0.05535825 0.32325041 0.52982392 0.06695093 
47.00000000 0.00806000 0.01017593 0.00677869 0.05691750 0.32722198 0.52325883 0.06758705 
47.50000000 0.00812033 0.01038630 0.00690564 0.05849640 0.33113981 0.51674373 0.06820779 
48.00000000 0.00817773 0.01059866 0.00703291 0.06009446 0.33500242 0.51028076 0.06881306 
48.50000000 0.00823216 0.01081300 0.00716045 0.06171113 0.33880838 0.50387205 0.06940284 
49.00000000 0.00828357 0.01102930 0.00728821 0.06334583 0.34255637 0.49751963 0.06997709 
49.50000000 0.00833192 0.01124754 0.00741615 0.06499794 0.34624515 0.49122546 0.07053583 
50.00000000 0.00837719 0.01146769 0.00754420 0.06666682 0.34987357 0.48499143 0.07107910 
50.50000000 0.00841933 0.01168973 0.00767233 0.06835180 0.35344048 0.47881940 0.07160693 
51.00000000 0.00845832 0.01191363 0.00780050 0.07005222 0.35694476 0.47271126 0.07211931 
51.50000000 0.00849410 0.01213938 0.00792867 0.07176742 0.36038529 0.46666889 0.07261624 
52.00000000 0.00852667 0.01236696 0.00805680 0.07349673 0.36376101 0.46069411 0.07309772 
52.50000000 0.00855600 0.01259632 0.00818486 0.07523943 0.36707098 0.45478864 0.07356377 
53.00000000 0.00858207 0.01282744 0.00831280 0.07699481 0.37031435 0.44895406 0.07401446 
53.50000000 0.00860489 0.01306028 0.00844057 0.07876212 0.37349040 0.44319183 0.07444990 
54.00000000 0.00862445 0.01329480 0.00856811 0.08054058 0.37659845 0.43750334 0.07487026 
54.50000000 0.00864074 0.01353096 0.00869539 0.08232936 0.37963779 0.43189005 0.07527571 
55.00000000 0.00865377 0.01376870 0.00882234 0.08412762 0.38260769 0.42635345 0.07566643 
55.50000000 0.00866354 0.01400800 0.00894894 0.08593445 0.38550739 0.42089506 0.07604263 
56.00000000 0.00867004 0.01424878 0.00907514 0.08774893 0.38833620 0.41551639 0.07640452 
56.50000000 0.00867329 0.01449100 0.00920089 0.08957010 0.39109350 0.41021886 0.07675235 
57.00000000 0.00867331 0.01473461 0.00932616 0.09139699 0.39377877 0.40500379 0.07708637 
57.50000000 0.00867010 0.01497957 0.00945091 0.09322866 0.39639152 0.39987244 0.07740681 
58.00000000 0.00866367 0.01522582 0.00957509 0.09506419 0.39893126 0.39482609 0.07771389 
58.50000000 0.00865402 0.01547334 0.00969867 0.09690266 0.40139746 0.38986608 0.07800778 
59.00000000 0.00864117 0.01572207 0.00982161 0.09874318 0.40378955 0.38499377 0.07828863 
59.50000000 0.00862513 0.01597199 0.00994389 0.10058487 0.40610699 0.38021053 0.07855660 
60.00000000 0.00860593 0.01622305 0.01006544 0.10242682 0.40834932 0.37551759 0.07881185 
60.50000000 0.00858359 0.01647518 0.01018622 0.10426813 0.41051618 0.37091607 0.07905462 
61.00000000 0.00855815 0.01672835 0.01030617 0.10610789 0.41260729 0.36640698 0.07928517 
61.50000000 0.00852964 0.01698249 0.01042524 0.10794519 0.41462239 0.36199125 0.07950380 
62.00000000 0.00849812 0.01723754 0.01054339 0.10977909 0.41656122 0.35766983 0.07971082 
62.50000000 0.00846361 0.01749344 0.01066059 0.11160867 0.41842349 0.35344367 0.07990653 
63.00000000 0.00842616 0.01775015 0.01077683 0.11343299 0.42020892 0.34931371 0.08009123 
63.50000000 0.00838583 0.01800757 0.01089208 0.11525110 0.42191735 0.34528082 0.08026527 
64.00000000 0.00834267 0.01826566 0.01100631 0.11706200 0.42354871 0.34134567 0.08042897 
64.50000000 0.00829674 0.01852434 0.01111951 0.11886470 0.42510313 0.33750884 0.08058273 
65.00000000 0.00824812 0.01878353 0.01123165 0.12065819 0.42658082 0.33377079 0.08072691 
65.50000000 0.00819686 0.01904317 0.01134270 0.12244139 0.42798202 0.33013197 0.08086189 
66.00000000 0.00814303 0.01930316 0.01145266 0.12421323 0.42930699 0.32659289 0.08098802 
66.50000000 0.00808671 0.01956344 0.01156151 0.12597258 0.43055601 0.32315409 0.08110566 
67.00000000 0.00802796 0.01982391 0.01166922 0.12771830 0.43172938 0.31981608 0.08121516 
67.50000000 0.00796686 0.02008448 0.01177577 0.12944922 0.43282747 0.31657928 0.08131691 
68.00000000 0.00790352 0.02034505 0.01188114 0.13116423 0.43385077 0.31344401 0.08141129 
68.50000000 0.00783801 0.02060553 0.01198530 0.13286224 0.43479977 0.31041044 0.08149872 
69.00000000 0.00777042 0.02086582 0.01208823 0.13454223 0.43567497 0.30747876 0.08157957 
69.50000000 0.00770085 0.02112584 0.01218993 0.13620328 0.43647674 0.30464915 0.08165420 
70.00000000 0.00762939 0.02138550 0.01229040 0.13784453 0.43720539 0.30192188 0.08172291 
70.50000000 0.00755612 0.02164469 0.01238964 0.13946520 0.43786114 0.29929719 0.08178601 
71.00000000 0.00748117 0.02190335 0.01248764 0.14106455 0.43844425 0.29677527 0.08184378 
71.50000000 0.00740463 0.02216136 0.01258437 0.14264185 0.43895505 0.29435618 0.08189656 
72.00000000 0.00732661 0.02241863 0.01267983 0.14419639 0.43939394 0.29203989 0.08194471 
72.50000000 0.00724722 0.02267507 0.01277398 0.14572739 0.43976139 0.28982633 0.08198861 
73.00000000 0.00716657 0.02293058 0.01286680 0.14723407 0.44005785 0.28771546 0.08202867 
73.50000000 0.00708477 0.02318505 0.01295829 0.14871554 0.44028375 0.28570735 0.08206527 
74.00000000 0.00700192 0.02343838 0.01304844 0.15017088 0.44043951 0.28380209 0.08209878 
74.50000000 0.00691814 0.02369047 0.01313724 0.15159915 0.44052560 0.28199979 0.08212961 
75.00000000 0.00683354 0.02394122 0.01322469 0.15299939 0.44054260 0.28030045 0.08215812 
75.50000000 0.00674822 0.02419054 0.01331078 0.15437064 0.44049119 0.27870393 0.08218470 
76.00000000 0.00666232 0.02443831 0.01339552 0.15571199 0.44037214 0.27721002 0.08220970 
76.50000000 0.00657594 0.02468444 0.01347890 0.15702257 0.44018624 0.27581845 0.08223345 
77.00000000 0.00648921 0.02492885 0.01356093 0.15830156 0.43993423 0.27452902 0.08225621 
77.50000000 0.00640225 0.02517142 0.01364160 0.15954819 0.43961682 0.27334150 0.08227822 
78.00000000 0.00631519 0.02541207 0.01372092 0.16076177 0.43923468 0.27225566 0.08229971 
78.50000000 0.00622818 0.02565068 0.01379884 0.16194165 0.43878852 0.27127119 0.08232093 
79.00000000 0.00614133 0.02588716 0.01387536 0.16308721 0.43827913 0.27038763 0.08234218 
79.50000000 0.00605481 0.02612139 0.01395042 0.16419788 0.43770730 0.26960444 0.08236376 
80.00000000 0.00596873 0.02635327 0.01402401 0.16527308 0.43707382 0.26892104 0.08238604 
80.50000000 0.00588325 0.02658268 0.01409612 0.16631230 0.43637942 0.26833690 0.08240933 
81.00000000 0.00579850 0.02680952 0.01416673 0.16731502 0.43562473 0.26785156 0.08243394 
81.50000000 0.00571461 0.02703369 0.01423587 0.16828080 0.43481032 0.26746459 0.08246012 
82.00000000 0.00563172 0.02725506 0.01430356 0.16920923 0.43393678 0.26717551 0.08248814 
82.50000000 0.00554997 0.02747355 0.01436980 0.17009994 0.43300478 0.26698374 0.08251821 
83.00000000 0.00546951 0.02768904 0.01443463 0.17095260 0.43201509 0.26688860 0.08255054 
83.50000000 0.00539045 0.02790143 0.01449804 0.17176685 0.43096856 0.26688933 0.08258534 
84.00000000 0.00531295 0.02811062 0.01456008 0.17254237 0.42986610 0.26698514 0.08262275 
84.50000000 0.00523715 0.02831651 0.01462075 0.17327880 0.42870861 0.26717528 0.08266291 
85.00000000 0.00516317 0.02851900 0.01468007 0.17397578 0.42749702 0.26745901 0.08270595 
85.50000000 0.00509116 0.02871799 0.01473805 0.17463298 0.42623227 0.26783556 0.08275199 
86.00000000 0.00502127 0.02891339 0.01479470 0.17525006 0.42491534 0.26830403 0.08280120 
86.50000000 0.00495363 0.02910509 0.01485003 0.17582673 0.42354733 0.26886343 0.08285376 
87.00000000 0.00488838 0.02929301 0.01490403 0.17636270 0.42212935 0.26951264 0.08290989 
87.50000000 0.00482566 0.02947706 0.01495673 0.17685773 0.42066248 0.27025054 0.08296979 
88.00000000 0.00476561 0.02965715 0.01500815 0.17731164 0.41914778 0.27107601 0.08303365 
88.50000000 0.00470837 0.02983321 0.01505831 0.17772431 0.41758621 0.27198799 0.08310159 
89.00000000 0.00465408 0.03000515 0.01510724 0.17809566 0.41597869 0.27298542 0.08317375 
89.50000000 0.00460288 0.03017289 0.01515496 0.17842567 0.41432615 0.27406721 0.08325023 
90.00000000 0.00455491 0.03033636 0.01520148 0.17871431 0.41262957 0.27523222 0.08333115 
90.50000000 0.00451030 0.03049548 0.01524679 0.17896156 0.41089000 0.27647926 0.08341662 
91.00000000 0.00446918 0.03065017 0.01529089 0.17916736 0.40910849 0.27780715 0.08350676 
91.50000000 0.00443169 0.03080037 0.01533377 0.17933162 0.40728607 0.27921480 0.08360168 
92.00000000 0.00439794 0.03094600 0.01537544 0.17945427 0.40542369 0.28070124 0.08370143 
92.50000000 0.00436804 0.03108699 0.01541590 0.17953524 0.40352226 0.28226553 0.08380604 
93.00000000 0.00434212 0.03122327 0.01545518 0.17957451 0.40158262 0.28390678 0.08391551 
93.50000000 0.00432029 0.03135477 0.01549329 0.17957214 0.39960562 0.28562406 0.08402983 
94.00000000 0.00430265 0.03148145 0.01553025 0.17952825 0.39759213 0.28741632 0.08414895 
94.50000000 0.00428931 0.03160324 0.01556609 0.17944307 0.39554302 0.28928248 0.08427279 
95.00000000 0.00428036 0.03172009 0.01560082 0.17931689 0.39345916 0.29122142 0.08440125 
95.50000000 0.00427591 0.03183196 0.01563449 0.17915010 0.39134139 0.29323199 0.08453416 
96.00000000 0.00427606 0.03193881 0.01566710 0.17894317 0.38919050 0.29531304 0.08467133 
96.50000000 0.00428090 0.03204059 0.01569866 0.17869661 0.38700729 0.29746335 0.08481259 
97.00000000 0.00429054 0.03213726 0.01572918 0.17841097 0.38479262 0.29968167 0.08495777 
97.50000000 0.00430506 0.03222879 0.01575862 0.17808680 0.38254735 0.30196662 0.08510676 
98.00000000 0.00432456 0.03231514 0.01578697 0.17772463 0.38027242 0.30431679 0.08525949 
98.50000000 0.00434912 0.03239627 0.01581423 0.17732496 0.37796874 0.30673079 0.08541589 
99.00000000 0.00437881 0.03247216 0.01584037 0.17688831 0.37563718 0.30920725 0.08557592 
99.50000000 0.00441372 0.03254278 0.01586542 0.17641518 0.37327855 0.31174488 0.08573948 
100.00000000 0.00445392 0.03260810 0.01588938 0.17590609 0.37089362 0.31434243 0.08590646 
100.50000000 0.00449949 0.03266811 0.01591229 0.17536160 0.36848315 0.31699866 0.08607671 
101.00000000 0.00455049 0.03272279 0.01593417 0.17478230 0.36604790 0.31971229 0.08625007 
101.50000000 0.00460699 0.03277213 0.01595503 0.17416882 0.36358869 0.32248200 0.08642633 
102.00000000 0.00466905 0.03281612 0.01597490 0.17352182 0.36110638 0.32530644 0.08660528 
102.50000000 0.00473672 0.03285476 0.01599379 0.17284198 0.35860183 0.32818425 0.08678666 
103.00000000 0.00481005 0.03288806 0.01601173 0.17212999 0.35607589 0.33111409 0.08697018 
103.50000000 0.00488908 0.03291602 0.01602874 0.17138654 0.35352940 0.33409465 0.08715556 
104.00000000 0.00497387 0.03293864 0.01604483 0.17061232 0.35096320 0.33712462 0.08734252 
104.50000000 0.00506445 0.03295592 0.01606003 0.16980803 0.34837810 0.34020268 0.08753079 
105.00000000 0.00516086 0.03296787 0.01607436 0.16897435 0.34577493 0.34332747 0.08772016 
105.50000000 0.00526312 0.03297450 0.01608788 0.16811194 0.34315451 0.34649761 0.08791043 
106.00000000 0.00537126 0.03297584 0.01610064 0.16722147 0.34051765 0.34971174 0.08810141 
106.50000000 0.00548529 0.03297189 0.01611272 0.16630358 0.33786513 0.35296850 0.08829289 
107.00000000 0.00560524 0.03296268 0.01612421 0.16535894 0.33519774 0.35626654 0.08848466 
107.50000000 0.00573112 0.03294823 0.01613519 0.16438818 0.33251627 0.35960453 0.08867647 
108.00000000 0.00586293 0.03292859 0.01614574 0.16339194 0.32982158 0.36298111 0.08886810 
108.50000000 0.00600069 0.03290378 0.01615593 0.16237084 0.32711458 0.36639486 0.08905932 
109.00000000 0.00614438 0.03287386 0.01616579 0.16132547 0.32439625 0.36984432 0.08924993 
109.50000000 0.00629400 0.03283885 0.01617539 0.16025643 0.32166763 0.37332798 0.08943971 
110.00000000 0.00644955 0.03279882 0.01618475 0.15916433 0.31892975 0.37684431 0.08962849 
110.50000000 0.00661101 0.03275380 0.01619393 0.15804975 0.31618363 0.38039182 0.08981606 
111.00000000 0.00677837 0.03270386 0.01620295 0.15691337 0.31343023 0.38396899 0.09000223 
111.50000000 0.00695162 0.03264905 0.01621187 0.15575586 0.31067044 0.38757436 0.09018679 
112.00000000 0.00713074 0.03258945 0.01622071 0.15457801 0.30790511 0.39120641 0.09036957 
112.50000000 0.00731571 0.03252512 0.01622951 0.15338066 0.30513500 0.39486362 0.09055038 
113.00000000 0.00750650 0.03245616 0.01623831 0.15216473 0.30236087 0.39854442 0.09072901 
113.50000000 0.00770307 0.03238266 0.01624714 0.15093120 0.29958343 0.40224722 0.09090526 
114.00000000 0.00790537 0.03230473 0.01625604 0.14968111 0.29680340 0.40597043 0.09107891 
114.50000000 0.00811335 0.03222246 0.01626504 0.14841550 0.29402147 0.40971246 0.09124971 
115.00000000 0.00832696 0.03213597 0.01627417 0.14713539 0.29123834 0.41347177 0.09141740 
115.50000000 0.00854613 0.03204538 0.01628342 0.14584180 0.28845469 0.41724683 0.09158175 
116.00000000 0.00877079 0.03195079 0.01629281 0.14453569 0.28567124 0.42103614 0.09174253 
116.50000000 0.00900086 0.03185233 0.01630235 0.14321801 0.28288872 0.42483820 0.09189953 
117.00000000 0.00923626 0.03175009 0.01631206 0.14188962 0.28010786 0.42865156 0.09205256 
117.50000000 0.00947691 0.03164418 0.01632198 0.14055136 0.27732936 0.43247477 0.09220143 
118.00000000 0.00972271 0.03153473 0.01633214 0.13920404 0.27455396 0.43630647 0.09234595 
118.50000000 0.00997358 0.03142183 0.01634261 0.13784843 0.27178232 0.44014532 0.09248591 
119.00000000 0.01022942 0.03130560 0.01635344 0.13648529 0.26901515 0.44399004 0.09262107 
119.50000000 0.01049013 0.03118616 0.01636466 0.13511536 0.26625314 0.44783934 0.09275120 
120.00000000 0.01075561 0.03106362 0.01637633 0.13373943 0.26349706 0.45169190 0.09287605 
120.50000000 0.01102572 0.03093811 0.01638847 0.13235826 0.26074772 0.45554632 0.09299539 
121.00000000 0.01130036 0.03080976 0.01640111 0.13097263 0.25800601 0.45940114 0.09310899 
121.50000000 0.01157940 0.03067869 0.01641428 0.12958332 0.25527283 0.46325487 0.09321661 
122.00000000 0.01186272 0.03054502 0.01642799 0.12819108 0.25254912 0.46710602 0.09331805 
122.50000000 0.01215021 0.03040888 0.01644226 0.12679667 0.24983577 0.47095310 0.09341312 
123.00000000 0.01244173 0.03027040 0.01645710 0.12540081 0.24713362 0.47479468 0.09350166 
123.50000000 0.01273719 0.03012971 0.01647251 0.12400425 0.24444344 0.47862934 0.09358356 
124.00000000 0.01303644 0.02998695 0.01648852 0.12260776 0.24176595 0.48245568 0.09365870 
124.50000000 0.01333936 0.02984226 0.01650516 0.12121207 0.23910184 0.48627228 0.09372702 
125.00000000 0.01364583 0.02969580 0.01652247 0.11981794 0.23645175 0.49007776 0.09378846 
125.50000000 0.01395568 0.02954772 0.01654049 0.11842608 0.23381634 0.49387076 0.09384293 
126.00000000 0.01426878 0.02939821 0.01655926 0.11703720 0.23119624 0.49764994 0.09389037 
126.50000000 0.01458496 0.02924744 0.01657881 0.11565200 0.22859210 0.50141401 0.09393068 
127.00000000 0.01490407 0.02909559 0.01659917 0.11427116 0.22600456 0.50516167 0.09396377 
127.50000000 0.01522594 0.02894285 0.01662034 0.11289538 0.22343435 0.50889159 0.09398955 
128.00000000 0.01555039 0.02878941 0.01664234 0.11152533 0.22088221 0.51260237 0.09400795 
128.50000000 0.01587725 0.02863544 0.01666518 0.11016168 0.21834896 0.51629256 0.09401892 
129.00000000 0.01620636 0.02848112 0.01668887 0.10880507 0.21583542 0.51996070 0.09402245 
129.50000000 0.01653758 0.02832663 0.01671342 0.10745609 0.21334241 0.52360535 0.09401852 
130.00000000 0.01687074 0.02817214 0.01673885 0.10611534 0.21087068 0.52722510 0.09400716 
130.50000000 0.01720572 0.02801782 0.01676515 0.10478338 0.20842095 0.53081860 0.09398838 
131.00000000 0.01754235 0.02786382 0.01679234 0.10346081 0.20599392 0.53438453 0.09396222 
131.50000000 0.01788050 0.02771034 0.01682042 0.10214819 0.20359028 0.53792153 0.09392874 
132.00000000 0.01822001 0.02755754 0.01684938 0.10084608 0.20121078 0.54142819 0.09388800 
132.50000000 0.01856070 0.02740561 0.01687925 0.09955503 0.19885623 0.54490310 0.09384007 
133.00000000 0.01890242 0.02725472 0.01691003 0.09827553 0.19652745 0.54834483 0.09378502 
133.50000000 0.01924500 0.02710506 0.01694170 0.09700807 0.19422527 0.55175202 0.09372289 
134.00000000 0.01958826 0.02695680 0.01697425 0.09575310 0.19195051 0.55512335 0.09365374 
134.50000000 0.01993206 0.02681011 0.01700766 0.09451109 0.18970394 0.55845752 0.09357762 
135.00000000 0.02027621 0.02666515 0.01704193 0.09328249 0.18748633 0.56175329 0.09349461 
135.50000000 0.02062056 0.02652207 0.01707702 0.09206775 0.18529843 0.56500936 0.09340479 
136.00000000 0.02096495 0.02638104 0.01711295 0.09086732 0.18314099 0.56822448 0.09330827 
136.50000000 0.02130921 0.02624221 0.01714970 0.08968159 0.18101472 0.57139739 0.09320517 
137.00000000 0.02165317 0.02610575 0.01718728 0.08851098 0.17892029 0.57452692 0.09309561 
137.50000000 0.02199666 0.02597182 0.01722569 0.08735587 0.17685831 0.57761197 0.09297968 
138.00000000 0.02233950 0.02584059 0.01726492 0.08621666 0.17482939 0.58065145 0.09285748 
138.50000000 0.02268150 0.02571224 0.01730494 0.08509377 0.17283412 0.58364432 0.09272910 
139.00000000 0.02302246 0.02558696 0.01734576 0.08398759 0.17087315 0.58658947 0.09259462 
139.50000000 0.02336216 0.02546494 0.01738734 0.08289852 0.16894719 0.58948573 0.09245413 
140.00000000 0.02370041 0.02534636 0.01742966 0.08182691 0.16705700 0.59233193 0.09230773 
140.50000000 0.02403699 0.02523142 0.01747270 0.08077308 0.16520336 0.59512689 0.09215554 
141.00000000 0.02437174 0.02512031 0.01751644 0.07973731 0.16338700 0.59786953 0.09199767 
141.50000000 0.02470446 0.02501319 0.01756085 0.07871986 0.16160856 0.60055883 0.09183426 
142.00000000 0.02503498 0.02491023 0.01760588 0.07772097 0.15986863 0.60319386 0.09166544 
142.50000000 0.02536315 0.02481160 0.01765152 0.07674085 0.15816776 0.60577372 0.09149139 
143.00000000 0.02568879 0.02471745 0.01769773 0.07577972 0.15650647 0.60829755 0.09131229 
143.50000000 0.02601174 0.02462795 0.01774450 0.07483772 0.15488529 0.61076448 0.09112833 
144.00000000 0.02633182 0.02454325 0.01779179 0.07391501 0.15330473 0.61317368 0.09093972 
144.50000000 0.02664886 0.02446353 0.01783959 0.07301170 0.15176528 0.61552440 0.09074665 
145.00000000 0.02696269 0.02438893 0.01788786 0.07212793 0.15026738 0.61781592 0.09054929 
145.50000000 0.02727313 0.02431962 0.01793657 0.07126383 0.14881147 0.62004756 0.09034782 
146.00000000 0.02758001 0.02425573 0.01798567 0.07041955 0.14739798 0.62221864 0.09014241 
146.50000000 0.02788317 0.02419741 0.01803512 0.06959523 0.14602738 0.62432843 0.08993326 
147.00000000 0.02818244 0.02414477 0.01808488 0.06879101 0.14470016 0.62637615 0.08972058 
147.50000000 0.02847767 0.02409796 0.01813493 0.06800699 0.14341685 0.62836100 0.08950460 
148.00000000 0.02876874 0.02405708 0.01818523 0.06724327 0.14217791 0.63028221 0.08928556 
148.50000000 0.02905552 0.02402224 0.01823576 0.06649991 0.14098374 0.63213910 0.08906372 
149.00000000 0.02933788 0.02399357 0.01828651 0.06577697 0.13983469 0.63393106 0.08883933 
149.50000000 0.02961571 0.02397115 0.01833746 0.06507449 0.13873103 0.63565752 0.08861263 
150.00000000 0.02988887 0.02395512 0.01838858 0.06439252 0.13767308 0.63731794 0.08838389 
150.50000000 0.03015722 0.02394559 0.01843987 0.06373104 0.13666115 0.63891175 0.08815338 
151.00000000 0.03042061 0.02394269 0.01849130 0.06309005 0.13569562 0.64043835 0.08792137 
151.50000000 0.03067890 0.02394656 0.01854287 0.06246950 0.13477687 0.64189718 0.08768812 
152.00000000 0.03093194 0.02395730 0.01859454 0.06186932 0.13390530 0.64328770 0.08745389 
152.50000000 0.03117961 0.02397504 0.01864630 0.06128943 0.13308123 0.64460944 0.08721896 
153.00000000 0.03142178 0.02399987 0.01869810 0.06072973 0.13230498 0.64586195 0.08698358 
153.50000000 0.03165834 0.02403187 0.01874992 0.06019011 0.13157687 0.64704483 0.08674806 
154.00000000 0.03188921 0.02407112 0.01880172 0.05967042 0.13089720 0.64815762 0.08651272 
154.50000000 0.03211430 0.02411768 0.01885347 0.05917049 0.13026630 0.64919987 0.08627789 
155.00000000 0.03233352 0.02417164 0.01890514 0.05869014 0.12968452 0.65017113 0.08604392 
155.50000000 0.03254681 0.02423305 0.01895670 0.05822916 0.12915215 0.65107101 0.08581112 
156.00000000 0.03275409 0.02430199 0.01900815 0.05778733 0.12866946 0.65189916 0.08557982 
156.50000000 0.03295526 0.02437854 0.01905944 0.05736447 0.12823668 0.65265532 0.08535029 
157.00000000 0.03315025 0.02446276 0.01911056 0.05696035 0.12785403 0.65333924 0.08512281 
157.50000000 0.03333895 0.02455474 0.01916146 0.05657479 0.12752176 0.65395066 0.08489764 
158.00000000 0.03352126 0.02465456 0.01921210 0.05620757 0.12724017 0.65448930 0.08467504 
158.50000000 0.03369707 0.02476228 0.01926247 0.05585848 0.12700957 0.65495489 0.08445526 
159.00000000 0.03386629 0.02487797 0.01931251 0.05552728 0.12683024 0.65534715 0.08423855 
159.50000000 0.03402885 0.02500169 0.01936221 0.05521373 0.12670245 0.65566591 0.08402516 
160.00000000 0.03418469 0.02513346 0.01941153 0.05491761 0.12662638 0.65591103 0.08381531 
160.50000000 0.03433374 0.02527330 0.01946046 0.05463864 0.12660214 0.65608246 0.08360925 
161.00000000 0.03447598 0.02542123 0.01950898 0.05437657 0.12662986 0.65618014 0.08340723 
161.50000000 0.03461137 0.02557726 0.01955708 0.05413113 0.12670961 0.65620403 0.08320952 
162.00000000 0.03473985 0.02574140 0.01960473 0.05390204 0.12684153 0.65615407 0.08301638 
162.50000000 0.03486139 0.02591366 0.01965195 0.05368902 0.12702572 0.65603019 0.08282806 
163.00000000 0.03497597 0.02609405 0.01969874 0.05349181 0.12726226 0.65583238 0.08264480 
163.50000000 0.03508354 0.02628257 0.01974508 0.05331014 0.12755122 0.65556063 0.08246682 
164.00000000 0.03518409 0.02647921 0.01979097 0.05314376 0.12789262 0.65521501 0.08229435 
164.50000000 0.03527761 0.02668395 0.01983639 0.05299239 0.12828649 0.65479556 0.08212761 
165.00000000 0.03536409 0.02689676 0.01988133 0.05285577 0.12873285 0.65430235 0.08196686 
165.50000000 0.03544355 0.02711761 0.01992576 0.05273359 0.12923171 0.65373543 0.08181235 
166.00000000 0.03551601 0.02734645 0.01996969 0.05262556 0.12978308 0.65309489 0.08166433 
166.50000000 0.03558150 0.02758323 0.02001309 0.05253135 0.13038689 0.65238088 0.08152306 
167.00000000 0.03564008 0.02782791 0.02005598 0.05245064 0.13104302 0.65159362 0.08138876 
167.50000000 0.03569177 0.02808043 0.02009834 0.05238310 0.13175128 0.65073344 0.08126164 
168.00000000 0.03573661 0.02834075 0.02014018 0.05232842 0.13251141 0.64980075 0.08114189 
168.50000000 0.03577461 0.02860881 0.02018148 0.05228628 0.13332312 0.64879598 0.08102970 
169.00000000 0.03580579 0.02888461 0.02022224 0.05225640 0.13418612 0.64771960 0.08092525 
169.50000000 0.03583013 0.02916809 0.02026242 0.05223846 0.13510009 0.64657210 0.08082870 
170.00000000 0.03584763 0.02945925 0.02030203 0.05223219 0.13606469 0.64535402 0.08074019 
170.50000000 0.03585828 0.02975804 0.02034103 0.05223733 0.13707953 0.64406594 0.08065986 
171.00000000 0.03586207 0.03006440 0.02037941 0.05225360 0.13814419 0.64270849 0.08058783 
171.50000000 0.03585905 0.03037828 0.02041715 0.05228073 0.13925822 0.64128236 0.08052422 
172.00000000 0.03584924 0.03069957 0.02045423 0.05231845 0.14042113 0.63978822 0.08046917 
172.50000000 0.03583269 0.03102820 0.02049064 0.05236647 0.14163245 0.63822674 0.08042281 
173.00000000 0.03580946 0.03136404 0.02052637 0.05242453 0.14289169 0.63659861 0.08038528 
173.50000000 0.03577963 0.03170701 0.02056146 0.05249236 0.14419835 0.63490449 0.08035669 
174.00000000 0.03574327 0.03205700 0.02059591 0.05256970 0.14555189 0.63314511 0.08033712 
174.50000000 0.03570045 0.03241391 0.02062974 0.05265633 0.14695174 0.63132122 0.08032661 
175.00000000 0.03565126 0.03277761 0.02066299 0.05275202 0.14839732 0.62943361 0.08032519 
175.50000000 0.03559576 0.03314801 0.02069565 0.05285658 0.14988799 0.62748312 0.08033289 
176.00000000 0.03553403 0.03352497 0.02072774 0.05296982 0.15142312 0.62547058 0.08034973 
176.50000000 0.03546616 0.03390838 0.02075926 0.05309155 0.15300206 0.62339684 0.08037576 
177.00000000 0.03539221 0.03429811 0.02079021 0.05322158 0.15462411 0.62126276 0.08041101 
177.50000000 0.03531229 0.03469401 0.02082060 0.05335973 0.15628857 0.61906925 0.08045554 
178.00000000 0.03522652 0.03509594 0.02085044 0.05350578 0.15799466 0.61681729 0.08050938 
178.50000000 0.03513501 0.03550371 0.02087972 0.05365953 0.15974161 0.61450786 0.08057255 
179.00000000 0.03503790 0.03591716 0.02090848 0.05382079 0.16152860 0.61214197 0.08064509 
179.50000000 0.03493533 0.03633612 0.02093673 0.05398934 0.16335482 0.60972064 0.08072703 
180.00000000 0.03482743 0.03676040 0.02096451 0.05416502 0.16521941 0.60724486 0.08081837 
180.50000000 0.03471432 0.03718986 0.02099183 0.05434769 0.16712155 0.60471564 0.08091911 
181.00000000 0.03459614 0.03762435 0.02101873 0.05453724 0.16906034 0.60213401 0.08102920 
181.50000000 0.03447298 0.03806370 0.02104525 0.05473359 0.17103489 0.59950102 0.08114857 
182.00000000 0.03434497 0.03850778 0.02107141 0.05493669 0.17304427 0.59681776 0.08127713 
182.50000000 0.03421220 0.03895643 0.02109723 0.05514650 0.17508754 0.59408535 0.08141476 
183.00000000 0.03407480 0.03940949 0.02112274 0.05536297 0.17716373 0.59130491 0.08156136 
183.50000000 0.03393289 0.03986679 0.02114795 0.05558608 0.17927187 0.58847757 0.08171685 
184.00000000 0.03378658 0.04032816 0.02117289 0.05581579 0.18141096 0.58560449 0.08188113 
184.50000000 0.03363601 0.04079340 0.02119759 0.05605206 0.18357997 0.58268685 0.08205412 
185.00000000 0.03348133 0.04126233 0.02122208 0.05629481 0.18577785 0.57972589 0.08223571 
185.50000000 0.03332268 0.04173477 0.02124642 0.05654397 0.18800353 0.57672287 0.08242575 
186.00000000 0.03316022 0.04221052 0.02127063 0.05679947 0.19025594 0.57367912 0.08262409 
186.50000000 0.03299410 0.04268939 0.02129478 0.05706121 0.19253403 0.57059594 0.08283055 
187.00000000 0.03282446 0.04317118 0.02131890 0.05732912 0.19483671 0.56747466 0.08304497 
187.50000000 0.03265144 0.04365569 0.02134304 0.05760313 0.19716293 0.56431661 0.08326717 
188.00000000 0.03247518 0.04414274 0.02136721 0.05788319 0.19951158 0.56112312 0.08349698 
188.50000000 0.03229582 0.04463211 0.02139145 0.05816926 0.20188157 0.55789555 0.08373423 
189.00000000 0.03211352 0.04512360 0.02141577 0.05846128 0.20427177 0.55463530 0.08397876 
189.50000000 0.03192843 0.04561699 0.02144018 0.05875922 0.20668105 0.55134372 0.08423042 
190.00000000 0.03174072 0.04611204 0.02146470 0.05906301 0.20910829 0.54802219 0.08448905 
190.50000000 0.03155056 0.04660851 0.02148934 0.05937263 0.21155238 0.54467202 0.08475456 
191.00000000 0.03135815 0.04710617 0.02151413 0.05968805 0.21401218 0.54129449 0.08502683 
191.50000000 0.03116367 0.04760476 0.02153909 0.06000927 0.21648655 0.53789090 0.08530575 
192.00000000 0.03096731 0.04810406 0.02156425 0.06033632 0.21897429 0.53446256 0.08559121 
192.50000000 0.03076925 0.04860385 0.02158966 0.06066922 0.22147418 0.53101081 0.08588302 
193.00000000 0.03056968 0.04910391 0.02161535 0.06100802 0.22398500 0.52753701 0.08618101 
193.50000000 0.03036876 0.04960406 0.02164136 0.06135277 0.22650551 0.52404257 0.08648497 
194.00000000 0.03016665 0.05010410 0.02166771 0.06170351 0.22903446 0.52052888 0.08679469 
194.50000000 0.02996348 0.05060383 0.02169445 0.06206031 0.23157062 0.51699734 0.08710996 
195.00000000 0.02975942 0.05110307 0.02172158 0.06242322 0.23411273 0.51344936 0.08743062 
195.50000000 0.02955461 0.05160160 0.02174913 0.06279226 0.23665953 0.50988639 0.08775647 
196.00000000 0.02934921 0.05209924 0.02177713 0.06316744 0.23920975 0.50630988 0.08808735 
196.50000000 0.02914338 0.05259577 0.02180560 0.06354873 0.24176215 0.50272131 0.08842308 
197.00000000 0.02893730 0.05309096 0.02183456 0.06393605 0.24431554 0.49912212 0.08876346 
197.50000000 0.02873115 0.05358461 0.02186407 0.06432935 0.24686878 0.49551373 0.08910831 
198.00000000 0.02852513 0.05407647 0.02189418 0.06472855 0.24942077 0.49189750 0.08945740 
198.50000000 0.02831940 0.05456633 0.02192492 0.06513361 0.25197041 0.48827479 0.08981054 
199.00000000 0.02811416 0.05505395 0.02195635 0.06554450 0.25451658 0.48464697 0.09016748 
199.50000000 0.02790958 0.05553912 0.02198853 0.06596123 0.25705812 0.48101543 0.09052799 
200.00000000 0.02770582 0.05602164 0.02202150 0.06638380 0.25959384 0.47738161 0.09089180 
200.50000000 0.02750304 0.05650130 0.02205528 0.06681222 0.26212258 0.47374694 0.09125864 
201.00000000 0.02730140 0.05697790 0.02208992 0.06724652 0.26464312 0.47011288 0.09162825 
201.50000000 0.02710104 0.05745124 0.02212544 0.06768671 0.26715430 0.46648084 0.09200042 
202.00000000 0.02690209 0.05792113 0.02216186 0.06813283 0.26965492 0.46285223 0.09237494 
202.50000000 0.02670470 0.05838736 0.02219920 0.06858488 0.27214374 0.45922849 0.09275162 
203.00000000 0.02650902 0.05884974 0.02223747 0.06904285 0.27461953 0.45561109 0.09313030 
203.50000000 0.02631517 0.05930808 0.02227670 0.06950673 0.27708103 0.45200153 0.09351076 
204.00000000 0.02612332 0.05976219 0.02231691 0.06997644 0.27952698 0.44840135 0.09389280 
204.50000000 0.02593360 0.06021192 0.02235813 0.07045195 0.28195619 0.44481206 0.09427616 
205.00000000 0.02574613 0.06065709 0.02240038 0.07093319 0.28436749 0.44123515 0.09466057 
205.50000000 0.02556105 0.06109756 0.02244369 0.07142017 0.28675971 0.43767210 0.09504572 
206.00000000 0.02537846 0.06153317 0.02248810 0.07191290 0.28913170 0.43412434 0.09543133 
206.50000000 0.02519849 0.06196378 0.02253361 0.07241143 0.29148231 0.43059330 0.09581709 
207.00000000 0.02502124 0.06238924 0.02258025 0.07291580 0.29381036 0.42708039 0.09620273 
207.50000000 0.02484683 0.06280943 0.02262801 0.07342609 0.29611471 0.42358697 0.09658797 
208.00000000 0.02467537 0.06322420 0.02267690 0.07394233 0.29839429 0.42011434 0.09697257 
208.50000000 0.02450699 0.06363343 0.02272692 0.07446457 0.30064805 0.41666371 0.09735633 
209.00000000 0.02434182 0.06403696 0.02277809 0.07499282 0.30287503 0.41323621 0.09773908 
209.50000000 0.02417996 0.06443466 0.02283040 0.07552712 0.30507426 0.40983291 0.09812070 
210.00000000 0.02402157 0.06482637 0.02288386 0.07606744 0.30724478 0.40645491 0.09850107 
210.50000000 0.02386676 0.06521195 0.02293850 0.07661375 0.30938563 0.40310331 0.09888009 
211.00000000 0.02371567 0.06559128 0.02299431 0.07716600 0.31149581 0.39977928 0.09925765 
211.50000000 0.02356840 0.06596423 0.02305133 0.07772409 0.31357433 0.39648400 0.09963361 
212.00000000 0.02342506 0.06633072 0.02310956 0.07828795 0.31562024 0.39321866 0.10000782 
212.50000000 0.02328573 0.06669063 0.02316901 0.07885748 0.31763260 0.38998443 0.10038013 
213.00000000 0.02315048 0.06704387 0.02322970 0.07943260 0.31961051 0.38678246 0.10075038 
213.50000000 0.02301938 0.06739036 0.02329162 0.08001325 0.32155305 0.38361390 0.10111844 
214.00000000 0.02289250 0.06773000 0.02335476 0.08059932 0.32345934 0.38047991 0.10148417 
214.50000000 0.02276991 0.06806270 0.02341912 0.08119070 0.32532850 0.37738161 0.10184746 
215.00000000 0.02265167 0.06838837 0.02348468 0.08178723 0.32715971 0.37432015 0.10220818 
215.50000000 0.02253789 0.06870690 0.02355145 0.08238874 0.32895221 0.37129660 0.10256621 
216.00000000 0.02242863 0.06901821 0.02361942 0.08299504 0.33070532 0.36831196 0.10292141 
216.50000000 0.02232399 0.06932219 0.02368861 0.08360595 0.33241842 0.36536720 0.10327364 
217.00000000 0.02222406 0.06961875 0.02375902 0.08422129 0.33409090 0.36246325 0.10362275 
217.50000000 0.02212890 0.06990778 0.02383068 0.08484088 0.33572218 0.35960101 0.10396857 
218.00000000 0.02203861 0.07018921 0.02390360 0.08546454 0.33731166 0.35678145 0.10431094 
218.50000000 0.02195324 0.07046296 0.02397780 0.08609208 0.33885875 0.35400549 0.10464968 
219.00000000 0.02187285 0.07072897 0.02405330 0.08672328 0.34036290 0.35127407 0.10498462 
219.50000000 0.02179750 0.07098720 0.02413011 0.08735792 0.34182365 0.34858805 0.10531557 
220.00000000 0.02172721 0.07123759 0.02420824 0.08799574 0.34324059 0.34594823 0.10564240 
