0.00000000 0.00009100 0.00824756 0.00398765 0.00044719 0.21730518 0.00593771 0.76398371 
0.50000000 0.00009100 0.00824770 0.00398767 0.00044715 0.21730578 0.00593773 0.76398296 
1.00000000 0.00009098 0.00824813 0.00398775 0.00044703 0.21730754 0.00593780 0.76398077 
1.50000000 0.00009096 0.00824894 0.00398793 0.00044684 0.21731183 0.00593792 0.76397558 
2.00000000 0.00009094 0.00825014 0.00398822 0.00044658 0.21731880 0.00593812 0.76396720 
2.50000000 0.00009092 0.00825178 0.00398866 0.00044627 0.21732942 0.00593842 0.76395453 
3.00000000 0.00009091 0.00825383 0.00398924 0.00044594 0.21734374 0.00593885 0.76393749 
3.50000000 0.00009092 0.00825636 0.00398999 0.00044561 0.21736262 0.00593942 0.76391508 
4.00000000 0.00009095 0.00825941 0.00399095 0.00044532 0.21738706 0.00594010 0.76388621 
4.50000000 0.00009099 0.00826309 0.00399217 0.00044509 0.21741838 0.00594088 0.76384940 
5.00000000 0.00009104 0.00826751 0.00399369 0.00044498 0.21745762 0.00594172 0.76380344 
5.50000000 0.00009112 0.00827270 0.00399551 0.00044503 0.21750513 0.00594264 0.76374787 
6.00000000 0.00009121 0.00827868 0.00399763 0.00044530 0.21756066 0.00594369 0.76368282 
6.50000000 0.00009134 0.00828544 0.00400003 0.00044585 0.21762393 0.00594493 0.76360847 
7.00000000 0.00009151 0.00829301 0.00400276 0.00044675 0.21769533 0.00594640 0.76352424 
7.50000000 0.00009173 0.00830150 0.00400586 0.00044807 0.21777625 0.00594811 0.76342850 
8.00000000 0.00009199 0.00831104 0.00400941 0.00044991 0.21786867 0.00595001 0.76331897 
8.50000000 0.00009230 0.00832177 0.00401346 0.00045236 0.21797426 0.00595208 0.76319376 
9.00000000 0.00009266 0.00833374 0.00401801 0.00045548 0.21809342 0.00595433 0.76305235 
9.50000000 0.00009309 0.00834687 0.00402300 0.00045933 0.21822513 0.00595681 0.76289576 
10.00000000 0.00009360 0.00836106 0.00402839 0.00046395 0.21836759 0.00595957 0.76272585 
10.50000000 0.00009418 0.00837620 0.00403418 0.00046934 0.21851945 0.00596266 0.76254399 
11.00000000 0.00009483 0.00839232 0.00404043 0.00047556 0.21868063 0.00596609 0.76235015 
11.50000000 0.00009555 0.00840952 0.00404721 0.00048267 0.21885234 0.00596981 0.76214290 
12.00000000 0.00009635 0.00842795 0.00405462 0.00049076 0.21903613 0.00597377 0.76192042 
12.50000000 0.00009723 0.00844774 0.00406266 0.00049992 0.21923267 0.00597796 0.76168182 
13.00000000 0.00009822 0.00846885 0.00407129 0.00051027 0.21944124 0.00598243 0.76142769 
13.50000000 0.00009933 0.00849118 0.00408043 0.00052194 0.21966020 0.00598728 0.76115964 
14.00000000 0.00010060 0.00851458 0.00409002 0.00053508 0.21988834 0.00599258 0.76087879 
14.50000000 0.00010204 0.00853901 0.00410006 0.00054989 0.22012607 0.00599832 0.76058461 
15.00000000 0.00010364 0.00856452 0.00411062 0.00056655 0.22037560 0.00600443 0.76027464 
15.50000000 0.00010540 0.00859125 0.00412177 0.00058522 0.22063991 0.00601081 0.75994563 
16.00000000 0.00010733 0.00861936 0.00413355 0.00060597 0.22092109 0.00601743 0.75959526 
16.50000000 0.00010943 0.00864889 0.00414596 0.00062877 0.22121924 0.00602434 0.75922337 
17.00000000 0.00011171 0.00867980 0.00415895 0.00065353 0.22153272 0.00603171 0.75883158 
17.50000000 0.00011419 0.00871201 0.00417251 0.00068017 0.22185964 0.00603979 0.75842169 
18.00000000 0.00011686 0.00874554 0.00418670 0.00070868 0.22219978 0.00604874 0.75799369 
18.50000000 0.00011974 0.00878058 0.00420164 0.00073912 0.22255548 0.00605868 0.75754476 
19.00000000 0.00012281 0.00881746 0.00421748 0.00077164 0.22293091 0.00606958 0.75707012 
19.50000000 0.00012607 0.00885656 0.00423429 0.00080636 0.22333025 0.00608141 0.75656506 
20.00000000 0.00012956 0.00889815 0.00425205 0.00084336 0.22375569 0.00609413 0.75602706 
20.50000000 0.00013328 0.00894233 0.00427068 0.00088269 0.22420675 0.00610776 0.75545651 
21.00000000 0.00013726 0.00898900 0.00429001 0.00092444 0.22468127 0.00612229 0.75485573 
21.50000000 0.00014150 0.00903795 0.00430995 0.00096875 0.22517728 0.00613770 0.75422685 
22.00000000 0.00014601 0.00908900 0.00433046 0.00101589 0.22569456 0.00615381 0.75357027 
22.50000000 0.00015076 0.00914204 0.00435154 0.00106609 0.22623466 0.00617042 0.75288449 
23.00000000 0.00015575 0.00919705 0.00437325 0.00111949 0.22679954 0.00618729 0.75216763 
23.50000000 0.00016098 0.00925406 0.00439559 0.00117606 0.22738959 0.00620432 0.75141942 
24.00000000 0.00016646 0.00931300 0.00441851 0.00123567 0.22800264 0.00622159 0.75064212 
24.50000000 0.00017223 0.00937375 0.00444198 0.00129828 0.22863460 0.00623933 0.74983983 
25.00000000 0.00017831 0.00943617 0.00446597 0.00136402 0.22928149 0.00625780 0.74901624 
25.50000000 0.00018470 0.00950015 0.00449052 0.00143326 0.22994151 0.00627721 0.74817265 
26.00000000 0.00019142 0.00956578 0.00451571 0.00150647 0.23061570 0.00629760 0.74730733 
26.50000000 0.00019845 0.00963327 0.00454160 0.00158400 0.23130685 0.00631891 0.74641691 
27.00000000 0.00020582 0.00970289 0.00456823 0.00166597 0.23201722 0.00634106 0.74549880 
27.50000000 0.00021354 0.00977482 0.00459553 0.00175228 0.23274663 0.00636401 0.74455319 
28.00000000 0.00022161 0.00984906 0.00462344 0.00184271 0.23349215 0.00638782 0.74358321 
28.50000000 0.00023005 0.00992536 0.00465185 0.00193722 0.23424980 0.00641261 0.74259311 
29.00000000 0.00023886 0.01000340 0.00468073 0.00203595 0.23501695 0.00643841 0.74158569 
29.50000000 0.00024803 0.01008284 0.00471007 0.00213921 0.23579410 0.00646517 0.74056058 
30.00000000 0.00025754 0.01016350 0.00473992 0.00224718 0.23658467 0.00649274 0.73951445 
30.50000000 0.00026739 0.01024542 0.00477033 0.00235982 0.23739316 0.00652095 0.73844294 
31.00000000 0.00027761 0.01032881 0.00480134 0.00247683 0.23822263 0.00654971 0.73734307 
31.50000000 0.00028824 0.01041394 0.00483295 0.00259795 0.23907345 0.00657908 0.73621438 
32.00000000 0.00029933 0.01050101 0.00486515 0.00272314 0.23994374 0.00660924 0.73505839 
32.50000000 0.00031092 0.01059008 0.00489792 0.00285270 0.24083127 0.00664031 0.73387680 
33.00000000 0.00032302 0.01068113 0.00493122 0.00298705 0.24173529 0.00667236 0.73266993 
33.50000000 0.00033563 0.01077414 0.00496500 0.00312643 0.24265691 0.00670526 0.73143664 
34.00000000 0.00034874 0.01086916 0.00499921 0.00327057 0.24359777 0.00673885 0.73017570 
34.50000000 0.00036233 0.01096631 0.00503381 0.00341875 0.24455789 0.00677302 0.72888789 
35.00000000 0.00037638 0.01106573 0.00506875 0.00357012 0.24553410 0.00680781 0.72757712 
35.50000000 0.00039085 0.01116747 0.00510400 0.00372409 0.24652033 0.00684346 0.72624980 
36.00000000 0.00040574 0.01127142 0.00513956 0.00388073 0.24750973 0.00688027 0.72491256 
36.50000000 0.00042101 0.01137737 0.00517542 0.00404069 0.24849731 0.00691850 0.72356972 
37.00000000 0.00043663 0.01148514 0.00521157 0.00420487 0.24948164 0.00695821 0.72222193 
37.50000000 0.00045259 0.01159470 0.00524803 0.00437401 0.25046451 0.00699928 0.72086688 
38.00000000 0.00046889 0.01170624 0.00528476 0.00454846 0.25144872 0.00704148 0.71950144 
38.50000000 0.00048554 0.01182010 0.00532178 0.00472822 0.25243575 0.00708458 0.71812403 
39.00000000 0.00050257 0.01193653 0.00535907 0.00491333 0.25342439 0.00712842 0.71673568 
39.50000000 0.00051999 0.01205554 0.00539661 0.00510408 0.25441154 0.00717294 0.71533930 
40.00000000 0.00053783 0.01217675 0.00543434 0.00530097 0.25539431 0.00721804 0.71393776 
40.50000000 0.00055606 0.01229952 0.00547215 0.00550445 0.25637203 0.00726357 0.71253221 
41.00000000 0.00057468 0.01242317 0.00550995 0.00571448 0.25734680 0.00730928 0.71112164 
41.50000000 0.00059367 0.01254728 0.00554767 0.00593032 0.25832211 0.00735496 0.70970398 
42.00000000 0.00061301 0.01267179 0.00558536 0.00615075 0.25930070 0.00740056 0.70827782 
42.50000000 0.00063270 0.01279696 0.00562312 0.00637458 0.26028290 0.00744628 0.70684344 
43.00000000 0.00065273 0.01292323 0.00566112 0.00660130 0.26126668 0.00749254 0.70540240 
43.50000000 0.00067308 0.01305094 0.00569951 0.00683132 0.26224939 0.00753981 0.70395595 
44.00000000 0.00069377 0.01318033 0.00573836 0.00706574 0.26322985 0.00758848 0.70250348 
44.50000000 0.00071480 0.01331156 0.00577764 0.00730567 0.26420935 0.00763870 0.70104228 
45.00000000 0.00073621 0.01344485 0.00581724 0.00755164 0.26519092 0.00769039 0.69956875 
45.50000000 0.00075805 0.01358051 0.00585706 0.00780332 0.26617714 0.00774335 0.69808056 
46.00000000 0.00078030 0.01371888 0.00589702 0.00805979 0.26716821 0.00779743 0.69657836 
46.50000000 0.00080296 0.01386008 0.00593707 0.00832022 0.26816116 0.00785257 0.69506595 
47.00000000 0.00082598 0.01400386 0.00597712 0.00858435 0.26915117 0.00790878 0.69354874 
47.50000000 0.00084931 0.01414961 0.00601707 0.00885257 0.27013385 0.00796608 0.69203151 
48.00000000 0.00087295 0.01429648 0.00605675 0.00912547 0.27110727 0.00802436 0.69051672 
48.50000000 0.00089690 0.01444381 0.00609600 0.00940327 0.27207234 0.00808341 0.68900428 
49.00000000 0.00092123 0.01459133 0.00613474 0.00968541 0.27303154 0.00814298 0.68749278 
49.50000000 0.00094599 0.01473928 0.00617302 0.00997084 0.27398676 0.00820291 0.68598120 
50.00000000 0.00097121 0.01488827 0.00621101 0.01025865 0.27493779 0.00826324 0.68446983 
50.50000000 0.00099690 0.01503894 0.00624891 0.01054876 0.27588236 0.00832412 0.68296002 
51.00000000 0.00102308 0.01519170 0.00628687 0.01084201 0.27681760 0.00838574 0.68145300 
51.50000000 0.00104982 0.01534671 0.00632490 0.01113968 0.27774191 0.00844813 0.67994886 
52.00000000 0.00107719 0.01550392 0.00636286 0.01144257 0.27865577 0.00851116 0.67844654 
52.50000000 0.00110528 0.01566325 0.00640055 0.01175044 0.27956110 0.00857455 0.67694482 
53.00000000 0.00113410 0.01582465 0.00643785 0.01206205 0.28045957 0.00863809 0.67544370 
53.50000000 0.00116357 0.01598807 0.00647470 0.01237588 0.28135098 0.00870172 0.67394508 
54.00000000 0.00119358 0.01615332 0.00651118 0.01269118 0.28223291 0.00876564 0.67245219 
54.50000000 0.00122400 0.01631998 0.00654739 0.01300855 0.28310185 0.00883020 0.67096803 
55.00000000 0.00125475 0.01648750 0.00658338 0.01332972 0.28395510 0.00889574 0.66949382 
55.50000000 0.00128586 0.01665541 0.00661912 0.01365662 0.28479210 0.00896243 0.66802846 
56.00000000 0.00131744 0.01682357 0.00665454 0.01399040 0.28561446 0.00903027 0.66656930 
56.50000000 0.00134960 0.01699225 0.00668963 0.01433100 0.28642471 0.00909914 0.66511366 
57.00000000 0.00138241 0.01716206 0.00672446 0.01467747 0.28722449 0.00916899 0.66366012 
57.50000000 0.00141586 0.01733369 0.00675924 0.01502882 0.28801342 0.00923990 0.66220907 
58.00000000 0.00144990 0.01750766 0.00679416 0.01538476 0.28878927 0.00931211 0.66076213 
58.50000000 0.00148454 0.01768419 0.00682936 0.01574573 0.28954923 0.00938584 0.65932112 
59.00000000 0.00151980 0.01786328 0.00686480 0.01611235 0.29029126 0.00946120 0.65788731 
59.50000000 0.00155578 0.01804494 0.00690030 0.01648460 0.29101490 0.00953820 0.65646128 
60.00000000 0.00159254 0.01822924 0.00693569 0.01686142 0.29172078 0.00961680 0.65504353 
60.50000000 0.00163004 0.01841637 0.00697089 0.01724104 0.29240951 0.00969706 0.65363509 
61.00000000 0.00166816 0.01860644 0.00700600 0.01762187 0.29308059 0.00977926 0.65223768 
61.50000000 0.00170676 0.01879939 0.00704125 0.01800354 0.29373221 0.00986380 0.65085305 
62.00000000 0.00174576 0.01899494 0.00707685 0.01838726 0.29436216 0.00995107 0.64948196 
62.50000000 0.00178524 0.01919272 0.00711289 0.01877517 0.29496920 0.01004122 0.64812356 
63.00000000 0.00182541 0.01939240 0.00714924 0.01916921 0.29555399 0.01013409 0.64677566 
63.50000000 0.00186650 0.01959376 0.00718568 0.01956999 0.29611897 0.01022923 0.64543588 
64.00000000 0.00190866 0.01979663 0.00722194 0.01997647 0.29666738 0.01032606 0.64410286 
64.50000000 0.00195189 0.02000073 0.00725790 0.02038656 0.29720196 0.01042408 0.64277688 
65.00000000 0.00199604 0.02020556 0.00729350 0.02079825 0.29772417 0.01052298 0.64145951 
65.50000000 0.00204088 0.02041047 0.00732877 0.02121056 0.29823424 0.01062257 0.64015251 
66.00000000 0.00208625 0.02061491 0.00736363 0.02162368 0.29873188 0.01072273 0.63885691 
66.50000000 0.00213205 0.02081870 0.00739793 0.02203841 0.29921683 0.01082334 0.63757273 
67.00000000 0.00217829 0.02102221 0.00743141 0.02245521 0.29968910 0.01092427 0.63629951 
67.50000000 0.00222497 0.02122622 0.00746393 0.02287371 0.30014863 0.01102548 0.63503706 
68.00000000 0.00227204 0.02143167 0.00749550 0.02329299 0.30059498 0.01112712 0.63378570 
68.50000000 0.00231939 0.02163938 0.00752639 0.02371239 0.30102711 0.01122953 0.63254581 
69.00000000 0.00236692 0.02184989 0.00755697 0.02413236 0.30144369 0.01133310 0.63131708 
69.50000000 0.00241459 0.02206352 0.00758756 0.02455457 0.30184359 0.01143815 0.63009801 
70.00000000 0.00246252 0.02228047 0.00761831 0.02498110 0.30222630 0.01154478 0.62888652 
70.50000000 0.00251089 0.02250088 0.00764908 0.02541336 0.30259193 0.01165285 0.62768102 
71.00000000 0.00255983 0.02272471 0.00767963 0.02585116 0.30294097 0.01176212 0.62648158 
71.50000000 0.00260936 0.02295159 0.00770975 0.02629275 0.30327398 0.01187240 0.62529017 
72.00000000 0.00265929 0.02318078 0.00773941 0.02673573 0.30359126 0.01198367 0.62410987 
72.50000000 0.00270940 0.02341127 0.00776872 0.02717830 0.30389280 0.01209603 0.62294348 
73.00000000 0.00275951 0.02364214 0.00779790 0.02762016 0.30417827 0.01220963 0.62179239 
73.50000000 0.00280960 0.02387280 0.00782705 0.02806246 0.30444713 0.01232449 0.62065648 
74.00000000 0.00285981 0.02410312 0.00785614 0.02850683 0.30469868 0.01244046 0.61953496 
74.50000000 0.00291039 0.02433331 0.00788500 0.02895433 0.30493223 0.01255731 0.61842743 
75.00000000 0.00296152 0.02456372 0.00791352 0.02940474 0.30514742 0.01267481 0.61733427 
75.50000000 0.00301327 0.02479463 0.00794172 0.02985684 0.30534466 0.01279287 0.61625601 
76.00000000 0.00306559 0.02502627 0.00796977 0.03030929 0.30552534 0.01291149 0.61519226 
76.50000000 0.00311833 0.02525889 0.00799790 0.03076145 0.30569168 0.01303071 0.61414104 
77.00000000 0.00317136 0.02549289 0.00802622 0.03121370 0.30584606 0.01315048 0.61309928 
77.50000000 0.00322460 0.02572887 0.00805464 0.03166692 0.30599008 0.01327069 0.61206420 
78.00000000 0.00327796 0.02596749 0.00808285 0.03212168 0.30612398 0.01339121 0.61103482 
78.50000000 0.00333131 0.02620936 0.00811053 0.03257765 0.30624667 0.01351209 0.61001238 
79.00000000 0.00338449 0.02645476 0.00813750 0.03303373 0.30635649 0.01363356 0.60899946 
79.50000000 0.00343731 0.02670357 0.00816383 0.03348890 0.30645217 0.01375602 0.60799820 
80.00000000 0.00348967 0.02695541 0.00818980 0.03394318 0.30653328 0.01387988 0.60700879 
80.50000000 0.00354159 0.02720977 0.00821571 0.03439803 0.30660009 0.01400542 0.60602939 
81.00000000 0.00359324 0.02746621 0.00824175 0.03485583 0.30665295 0.01413269 0.60505733 
81.50000000 0.00364490 0.02772443 0.00826787 0.03531871 0.30669170 0.01426148 0.60409090 
82.00000000 0.00369680 0.02798417 0.00829388 0.03578741 0.30671587 0.01439151 0.60313036 
82.50000000 0.00374908 0.02824515 0.00831955 0.03626075 0.30672545 0.01452253 0.60217750 
83.00000000 0.00380173 0.02850699 0.00834478 0.03673613 0.30672183 0.01465437 0.60123418 
83.50000000 0.00385462 0.02876921 0.00836964 0.03721065 0.30670809 0.01478693 0.60030084 
84.00000000 0.00390757 0.02903146 0.00839424 0.03768225 0.30668811 0.01492013 0.59937624 
84.50000000 0.00396037 0.02929367 0.00841863 0.03815013 0.30666492 0.01505382 0.59845846 
85.00000000 0.00401285 0.02955613 0.00844272 0.03861458 0.30663910 0.01518781 0.59754682 
85.50000000 0.00406491 0.02981941 0.00846631 0.03907619 0.30660816 0.01532200 0.59664302 
86.00000000 0.00411648 0.03008410 0.00848922 0.03953536 0.30656759 0.01545644 0.59575082 
86.50000000 0.00416757 0.03035048 0.00851140 0.03999213 0.30651281 0.01559135 0.59487426 
87.00000000 0.00421817 0.03061844 0.00853303 0.04044671 0.30644114 0.01572709 0.59401543 
87.50000000 0.00426832 0.03088751 0.00855434 0.04089985 0.30635254 0.01586398 0.59317346 
88.00000000 0.00431805 0.03115710 0.00857553 0.04135301 0.30624879 0.01600220 0.59234532 
88.50000000 0.00436736 0.03142672 0.00859660 0.04180772 0.30613190 0.01614166 0.59152806 
89.00000000 0.00441625 0.03169611 0.00861728 0.04226474 0.30600270 0.01628212 0.59072080 
89.50000000 0.00446469 0.03196518 0.00863719 0.04272350 0.30586079 0.01642329 0.58992535 
90.00000000 0.00451264 0.03223381 0.00865600 0.04318211 0.30570566 0.01656495 0.58914482 
90.50000000 0.00456009 0.03250167 0.00867356 0.04363812 0.30553813 0.01670699 0.58838144 
91.00000000 0.00460703 0.03276823 0.00868993 0.04408964 0.30536081 0.01684934 0.58763502 
91.50000000 0.00465350 0.03303293 0.00870532 0.04453609 0.30517702 0.01699194 0.58690320 
92.00000000 0.00469954 0.03329543 0.00871990 0.04497830 0.30498885 0.01713458 0.58618339 
92.50000000 0.00474522 0.03355573 0.00873374 0.04541791 0.30479557 0.01727700 0.58547483 
93.00000000 0.00479068 0.03381407 0.00874675 0.04585645 0.30459375 0.01741889 0.58477942 
93.50000000 0.00483611 0.03407073 0.00875885 0.04629467 0.30437909 0.01756004 0.58410052 
94.00000000 0.00488170 0.03432573 0.00876998 0.04673239 0.30414914 0.01770040 0.58344065 
94.50000000 0.00492757 0.03457877 0.00878023 0.04716890 0.30390493 0.01784006 0.58279953 
95.00000000 0.00497367 0.03482931 0.00878972 0.04760349 0.30365067 0.01797915 0.58217399 
95.50000000 0.00501979 0.03507688 0.00879852 0.04803577 0.30339157 0.01811772 0.58155975 
96.00000000 0.00506563 0.03532134 0.00880658 0.04846568 0.30313104 0.01825569 0.58095403 
96.50000000 0.00511088 0.03556303 0.00881377 0.04889310 0.30286917 0.01839295 0.58035710 
97.00000000 0.00515536 0.03580258 0.00881993 0.04931760 0.30260319 0.01852940 0.57977193 
97.50000000 0.00519910 0.03604063 0.00882506 0.04973850 0.30232961 0.01866512 0.57920198 
98.00000000 0.00524229 0.03627754 0.00882937 0.05015517 0.30204643 0.01880035 0.57864884 
98.50000000 0.00528520 0.03651328 0.00883326 0.05056756 0.30175409 0.01893541 0.57811121 
99.00000000 0.00532800 0.03674750 0.00883712 0.05097634 0.30145450 0.01907061 0.57758592 
99.50000000 0.00537071 0.03697982 0.00884126 0.05138274 0.30114912 0.01920605 0.57707030 
100.00000000 0.00541324 0.03720996 0.00884573 0.05178785 0.30083754 0.01934161 0.57656407 
100.50000000 0.00545553 0.03743781 0.00885040 0.05219208 0.30051767 0.01947705 0.57606946 
101.00000000 0.00549760 0.03766337 0.00885507 0.05259483 0.30018768 0.01961210 0.57558936 
101.50000000 0.00553959 0.03788653 0.00885955 0.05299472 0.29984818 0.01974664 0.57512479 
102.00000000 0.00558167 0.03810697 0.00886381 0.05339019 0.29950314 0.01988068 0.57467355 
102.50000000 0.00562387 0.03832418 0.00886788 0.05378018 0.29915866 0.02001426 0.57423097 
103.00000000 0.00566609 0.03853764 0.00887184 0.05416450 0.29882019 0.02014740 0.57379234 
103.50000000 0.00570816 0.03874709 0.00887575 0.05454376 0.29848985 0.02027994 0.57335545 
104.00000000 0.00575003 0.03895261 0.00887962 0.05491905 0.29816551 0.02041165 0.57292153 
104.50000000 0.00579184 0.03915459 0.00888345 0.05529145 0.29784222 0.02054235 0.57249409 
105.00000000 0.00583398 0.03935349 0.00888728 0.05566174 0.29751514 0.02067203 0.57207634 
105.50000000 0.00587684 0.03954949 0.00889124 0.05603031 0.29718207 0.02080091 0.57166915 
106.00000000 0.00592068 0.03974247 0.00889543 0.05639731 0.29684409 0.02092932 0.57127071 
106.50000000 0.00596540 0.03993203 0.00889991 0.05676269 0.29650427 0.02105749 0.57087821 
107.00000000 0.00601066 0.04011781 0.00890461 0.05712614 0.29616525 0.02118537 0.57049016 
107.50000000 0.00605602 0.04029972 0.00890933 0.05748699 0.29582754 0.02131265 0.57010775 
108.00000000 0.00610119 0.04047809 0.00891382 0.05784417 0.29548954 0.02143886 0.56973433 
108.50000000 0.00614620 0.04065344 0.00891795 0.05819628 0.29514916 0.02156364 0.56937333 
109.00000000 0.00619134 0.04082621 0.00892172 0.05854196 0.29480576 0.02168687 0.56902614 
109.50000000 0.00623693 0.04099647 0.00892534 0.05888028 0.29446084 0.02180873 0.56869141 
110.00000000 0.00628311 0.04116384 0.00892915 0.05921105 0.29411693 0.02192950 0.56836642 
110.50000000 0.00632975 0.04132768 0.00893347 0.05953492 0.29377536 0.02204942 0.56804941 
111.00000000 0.00637655 0.04148732 0.00893853 0.05985320 0.29343432 0.02216861 0.56774147 
111.50000000 0.00642323 0.04164236 0.00894445 0.06016743 0.29308885 0.02228708 0.56744659 
112.00000000 0.00646967 0.04179265 0.00895121 0.06047902 0.29273272 0.02240496 0.56716977 
112.50000000 0.00651592 0.04193810 0.00895868 0.06078887 0.29236136 0.02252259 0.56691447 
113.00000000 0.00656202 0.04207845 0.00896673 0.06109731 0.29197391 0.02264058 0.56668099 
113.50000000 0.00660788 0.04221317 0.00897519 0.06140418 0.29157331 0.02275955 0.56646672 
114.00000000 0.00665321 0.04234158 0.00898387 0.06170905 0.29116433 0.02287995 0.56626802 
114.50000000 0.00669769 0.04246314 0.00899259 0.06201147 0.29075097 0.02300184 0.56608230 
115.00000000 0.00674113 0.04257784 0.00900125 0.06231108 0.29033474 0.02312493 0.56590903 
115.50000000 0.00678365 0.04268622 0.00900978 0.06260774 0.28991478 0.02324879 0.56574905 
116.00000000 0.00682560 0.04278925 0.00901827 0.06290149 0.28948943 0.02337309 0.56560285 
116.50000000 0.00686746 0.04288797 0.00902689 0.06319259 0.28905801 0.02349778 0.56546930 
117.00000000 0.00690951 0.04298309 0.00903585 0.06348142 0.28862157 0.02362299 0.56534558 
117.50000000 0.00695173 0.04307489 0.00904534 0.06376845 0.28818212 0.02374887 0.56522860 
118.00000000 0.00699378 0.04316333 0.00905543 0.06405417 0.28774104 0.02387530 0.56511695 
118.50000000 0.00703517 0.04324828 0.00906609 0.06433896 0.28729779 0.02400183 0.56501188 
119.00000000 0.00707550 0.04332980 0.00907714 0.06462301 0.28684995 0.02412779 0.56491681 
119.50000000 0.00711462 0.04340815 0.00908838 0.06490622 0.28639450 0.02425258 0.56483554 
120.00000000 0.00715264 0.04348375 0.00909965 0.06518822 0.28592969 0.02437583 0.56477024 
120.50000000 0.00718982 0.04355686 0.00911084 0.06546842 0.28545609 0.02449750 0.56472048 
121.00000000 0.00722643 0.04362751 0.00912199 0.06574622 0.28497627 0.02461772 0.56468385 
121.50000000 0.00726272 0.04369553 0.00913323 0.06602112 0.28449323 0.02473655 0.56465762 
122.00000000 0.00729887 0.04376077 0.00914478 0.06629288 0.28400855 0.02485383 0.56464032 
122.50000000 0.00733506 0.04382334 0.00915688 0.06656157 0.28352146 0.02496928 0.56463240 
123.00000000 0.00737154 0.04388364 0.00916978 0.06682750 0.28302930 0.02508273 0.56463551 
123.50000000 0.00740856 0.04394222 0.00918366 0.06709111 0.28252912 0.02519429 0.56465103 
124.00000000 0.00744630 0.04399957 0.00919859 0.06735269 0.28201932 0.02530451 0.56467902 
124.50000000 0.00748476 0.04405578 0.00921455 0.06761227 0.28150046 0.02541413 0.56471805 
125.00000000 0.00752380 0.04411056 0.00923142 0.06786946 0.28097482 0.02552380 0.56476614 
125.50000000 0.00756313 0.04416338 0.00924902 0.06812363 0.28044514 0.02563372 0.56482198 
126.00000000 0.00760251 0.04421373 0.00926716 0.06837401 0.27991332 0.02574365 0.56488563 
126.50000000 0.00764181 0.04426134 0.00928573 0.06862004 0.27937990 0.02585302 0.56495816 
127.00000000 0.00768105 0.04430625 0.00930474 0.06886147 0.27884450 0.02596137 0.56504063 
127.50000000 0.00772033 0.04434868 0.00932435 0.06909834 0.27830679 0.02606850 0.56513301 
128.00000000 0.00775976 0.04438887 0.00934479 0.06933091 0.27776718 0.02617459 0.56523390 
128.50000000 0.00779937 0.04442695 0.00936636 0.06955947 0.27722676 0.02627997 0.56534114 
129.00000000 0.00783908 0.04446298 0.00938930 0.06978426 0.27668657 0.02638481 0.56545300 
129.50000000 0.00787873 0.04449711 0.00941380 0.07000553 0.27614658 0.02648903 0.56556921 
130.00000000 0.00791809 0.04452965 0.00943995 0.07022353 0.27560518 0.02659234 0.56569127 
130.50000000 0.00795690 0.04456108 0.00946772 0.07043854 0.27505950 0.02669449 0.56582176 
131.00000000 0.00799495 0.04459199 0.00949700 0.07065073 0.27450649 0.02679552 0.56596332 
131.50000000 0.00803209 0.04462290 0.00952759 0.07086000 0.27394409 0.02689575 0.56611759 
132.00000000 0.00806832 0.04465418 0.00955924 0.07106592 0.27337193 0.02699562 0.56628479 
132.50000000 0.00810379 0.04468601 0.00959177 0.07126782 0.27279128 0.02709533 0.56646400 
133.00000000 0.00813874 0.04471848 0.00962509 0.07146501 0.27220416 0.02719468 0.56665384 
133.50000000 0.00817345 0.04475164 0.00965925 0.07165710 0.27161242 0.02729305 0.56685309 
134.00000000 0.00820814 0.04478553 0.00969445 0.07184419 0.27101704 0.02738976 0.56706089 
134.50000000 0.00824293 0.04482016 0.00973101 0.07202687 0.27041817 0.02748435 0.56727651 
135.00000000 0.00827786 0.04485541 0.00976921 0.07220597 0.26981576 0.02757684 0.56749896 
135.50000000 0.00831294 0.04489096 0.00980927 0.07238230 0.26921020 0.02766763 0.56772669 
136.00000000 0.00834819 0.04492631 0.00985129 0.07255636 0.26860272 0.02775724 0.56795788 
136.50000000 0.00838364 0.04496083 0.00989521 0.07272832 0.26799512 0.02784595 0.56819093 
137.00000000 0.00841926 0.04499383 0.00994090 0.07289810 0.26738907 0.02793369 0.56842514 
137.50000000 0.00845495 0.04502465 0.00998817 0.07306558 0.26678549 0.02802015 0.56866101 
138.00000000 0.00849053 0.04505270 0.01003683 0.07323065 0.26618427 0.02810505 0.56889996 
138.50000000 0.00852575 0.04507749 0.01008675 0.07339328 0.26558472 0.02818837 0.56914362 
139.00000000 0.00856051 0.04509869 0.01013782 0.07355331 0.26498623 0.02827041 0.56939304 
139.50000000 0.00859486 0.04511616 0.01018995 0.07371036 0.26438908 0.02835157 0.56964802 
140.00000000 0.00862905 0.04513007 0.01024312 0.07386388 0.26379461 0.02843215 0.56990712 
140.50000000 0.00866336 0.04514082 0.01029736 0.07401326 0.26320495 0.02851213 0.57016812 
141.00000000 0.00869797 0.04514900 0.01035274 0.07415807 0.26262215 0.02859128 0.57042878 
141.50000000 0.00873281 0.04515520 0.01040935 0.07429822 0.26204742 0.02866936 0.57068763 
142.00000000 0.00876764 0.04515987 0.01046719 0.07443394 0.26148066 0.02874641 0.57094430 
142.50000000 0.00880213 0.04516321 0.01052620 0.07456562 0.26092070 0.02882278 0.57119936 
143.00000000 0.00883611 0.04516521 0.01058617 0.07469360 0.26036605 0.02889902 0.57145384 
143.50000000 0.00886957 0.04516571 0.01064682 0.07481803 0.25981569 0.02897554 0.57170864 
144.00000000 0.00890267 0.04516443 0.01070786 0.07493898 0.25926943 0.02905234 0.57196429 
144.50000000 0.00893554 0.04516108 0.01076910 0.07505656 0.25872765 0.02912899 0.57222108 
145.00000000 0.00896819 0.04515529 0.01083048 0.07517116 0.25819058 0.02920478 0.57247952 
145.50000000 0.00900046 0.04514666 0.01089210 0.07528352 0.25765764 0.02927908 0.57274053 
146.00000000 0.00903214 0.04513484 0.01095414 0.07539459 0.25712736 0.02935161 0.57300533 
146.50000000 0.00906313 0.04511965 0.01101679 0.07550525 0.25659786 0.02942245 0.57327486 
147.00000000 0.00909353 0.04510127 0.01108018 0.07561611 0.25606780 0.02949193 0.57354918 
147.50000000 0.00912367 0.04508021 0.01114437 0.07572732 0.25553703 0.02956029 0.57382710 
148.00000000 0.00915388 0.04505727 0.01120935 0.07583869 0.25500670 0.02962761 0.57410649 
148.50000000 0.00918435 0.04503328 0.01127508 0.07594992 0.25447854 0.02969378 0.57438504 
149.00000000 0.00921503 0.04500888 0.01134151 0.07606083 0.25395389 0.02975873 0.57466112 
149.50000000 0.00924568 0.04498436 0.01140854 0.07617146 0.25343296 0.02982263 0.57493437 
150.00000000 0.00927608 0.04495973 0.01147602 0.07628196 0.25291491 0.02988585 0.57520545 
150.50000000 0.00930616 0.04493482 0.01154378 0.07639243 0.25239862 0.02994885 0.57547534 
151.00000000 0.00933608 0.04490947 0.01161169 0.07650278 0.25188379 0.03001190 0.57574429 
151.50000000 0.00936611 0.04488362 0.01167965 0.07661272 0.25137177 0.03007489 0.57601124 
152.00000000 0.00939643 0.04485726 0.01174769 0.07672195 0.25086538 0.03013741 0.57627386 
152.50000000 0.00942701 0.04483036 0.01181595 0.07683039 0.25036797 0.03019896 0.57652937 
153.00000000 0.00945762 0.04480274 0.01188458 0.07693821 0.24988216 0.03025924 0.57677544 
153.50000000 0.00948798 0.04477423 0.01195368 0.07704583 0.24940909 0.03031833 0.57701087 
154.00000000 0.00951792 0.04474465 0.01202326 0.07715360 0.24894845 0.03037658 0.57723554 
154.50000000 0.00954753 0.04471406 0.01209322 0.07726159 0.24849942 0.03043440 0.57744978 
155.00000000 0.00957706 0.04468265 0.01216344 0.07736951 0.24806181 0.03049200 0.57765352 
155.50000000 0.00960681 0.04465073 0.01223380 0.07747681 0.24763657 0.03054924 0.57784603 
156.00000000 0.00963692 0.04461850 0.01230428 0.07758294 0.24722544 0.03060578 0.57802615 
156.50000000 0.00966730 0.04458599 0.01237492 0.07768760 0.24682977 0.03066123 0.57819319 
157.00000000 0.00969768 0.04455302 0.01244581 0.07779082 0.24644959 0.03071544 0.57834764 
157.50000000 0.00972781 0.04451936 0.01251704 0.07789279 0.24608330 0.03076846 0.57849124 
158.00000000 0.00975758 0.04448490 0.01258864 0.07799362 0.24572859 0.03082050 0.57862617 
158.50000000 0.00978710 0.04444982 0.01266065 0.07809309 0.24538386 0.03087166 0.57875381 
159.00000000 0.00981659 0.04441451 0.01273309 0.07819065 0.24504947 0.03092192 0.57887378 
159.50000000 0.00984623 0.04437943 0.01280598 0.07828563 0.24472770 0.03097108 0.57898395 
160.00000000 0.00987606 0.04434486 0.01287939 0.07837750 0.24442165 0.03101903 0.57908149 
160.50000000 0.00990595 0.04431080 0.01295334 0.07846611 0.24413347 0.03106588 0.57916445 
161.00000000 0.00993572 0.04427694 0.01302782 0.07855161 0.24386306 0.03111198 0.57923287 
161.50000000 0.00996530 0.04424279 0.01310280 0.07863431 0.24360817 0.03115784 0.57928878 
162.00000000 0.00999477 0.04420788 0.01317821 0.07871445 0.24336573 0.03120387 0.57933509 
162.50000000 0.01002439 0.04417179 0.01325402 0.07879205 0.24313357 0.03125018 0.57937400 
163.00000000 0.01005440 0.04413423 0.01333019 0.07886698 0.24291157 0.03129660 0.57940602 
163.50000000 0.01008494 0.04409494 0.01340667 0.07893919 0.24270135 0.03134284 0.57943007 
164.00000000 0.01011591 0.04405377 0.01348339 0.07900883 0.24250486 0.03138869 0.57944457 
164.50000000 0.01014706 0.04401071 0.01356023 0.07907625 0.24232285 0.03143418 0.57944872 
165.00000000 0.01017814 0.04396603 0.01363703 0.07914187 0.24215423 0.03147961 0.57944309 
165.50000000 0.01020903 0.04392032 0.01371359 0.07920591 0.24199679 0.03152532 0.57942905 
166.00000000 0.01023976 0.04387444 0.01378976 0.07926828 0.24184880 0.03157156 0.57940739 
166.50000000 0.01027053 0.04382934 0.01386543 0.07932869 0.24171049 0.03161835 0.57937717 
167.00000000 0.01030151 0.04378581 0.01394059 0.07938680 0.24158413 0.03166556 0.57933561 
167.50000000 0.01033273 0.04374437 0.01401531 0.07944253 0.24147274 0.03171299 0.57927933 
168.00000000 0.01036407 0.04370518 0.01408974 0.07949617 0.24137806 0.03176056 0.57920623 
168.50000000 0.01039526 0.04366817 0.01416410 0.07954823 0.24129916 0.03180832 0.57911676 
169.00000000 0.01042610 0.04363318 0.01423859 0.07959925 0.24123266 0.03185638 0.57901384 
169.50000000 0.01045650 0.04360003 0.01431338 0.07964953 0.24117445 0.03190481 0.57890130 
170.00000000 0.01048654 0.04356857 0.01438853 0.07969907 0.24112197 0.03195357 0.57878175 
170.50000000 0.01051640 0.04353871 0.01446399 0.07974762 0.24107548 0.03200256 0.57865524 
171.00000000 0.01054621 0.04351036 0.01453958 0.07979494 0.24103763 0.03205174 0.57851954 
171.50000000 0.01057598 0.04348346 0.01461508 0.07984091 0.24101160 0.03210123 0.57837174 
172.00000000 0.01060559 0.04345803 0.01469029 0.07988563 0.24099898 0.03215135 0.57821013 
172.50000000 0.01063489 0.04343420 0.01476509 0.07992923 0.24099883 0.03220251 0.57803524 
173.00000000 0.01066384 0.04341216 0.01483948 0.07997183 0.24100848 0.03225504 0.57784918 
173.50000000 0.01069257 0.04339204 0.01491352 0.08001336 0.24102550 0.03230906 0.57765395 
174.00000000 0.01072141 0.04337390 0.01498731 0.08005366 0.24104943 0.03236445 0.57744983 
174.50000000 0.01075070 0.04335770 0.01506094 0.08009259 0.24108210 0.03242095 0.57723503 
175.00000000 0.01078068 0.04334336 0.01513443 0.08013013 0.24112636 0.03247826 0.57700679 
175.50000000 0.01081136 0.04333090 0.01520780 0.08016644 0.24118404 0.03253620 0.57676326 
176.00000000 0.01084261 0.04332056 0.01528101 0.08020175 0.24125463 0.03259468 0.57650476 
176.50000000 0.01087423 0.04331268 0.01535402 0.08023616 0.24133564 0.03265368 0.57623359 
177.00000000 0.01090614 0.04330766 0.01542668 0.08026956 0.24142443 0.03271317 0.57595236 
177.50000000 0.01093844 0.04330569 0.01549874 0.08030170 0.24152028 0.03277311 0.57566205 
178.00000000 0.01097132 0.04330674 0.01556989 0.08033233 0.24162527 0.03283344 0.57536102 
178.50000000 0.01100502 0.04331050 0.01563982 0.08036144 0.24174335 0.03289416 0.57504570 
179.00000000 0.01103964 0.04331650 0.01570841 0.08038938 0.24187807 0.03295535 0.57471265 
179.50000000 0.01107510 0.04332426 0.01577578 0.08041676 0.24203038 0.03301708 0.57436065 
180.00000000 0.01111128 0.04333334 0.01584233 0.08044431 0.24219795 0.03307938 0.57399140 
180.50000000 0.01114809 0.04334334 0.01590859 0.08047272 0.24237642 0.03314223 0.57360862 
181.00000000 0.01118562 0.04335390 0.01597505 0.08050247 0.24256167 0.03320550 0.57321580 
181.50000000 0.01122409 0.04336478 0.01604196 0.08053391 0.24275186 0.03326911 0.57281430 
182.00000000 0.01126374 0.04337598 0.01610936 0.08056730 0.24294777 0.03333304 0.57240282 
182.50000000 0.01130464 0.04338788 0.01617704 0.08060287 0.24315155 0.03339740 0.57197861 
183.00000000 0.01134661 0.04340129 0.01624478 0.08064080 0.24336467 0.03346239 0.57153945 
183.50000000 0.01138925 0.04341726 0.01631239 0.08068111 0.24358656 0.03352821 0.57108523 
184.00000000 0.01143211 0.04343680 0.01637980 0.08072363 0.24381476 0.03359498 0.57061793 
184.50000000 0.01147493 0.04346049 0.01644701 0.08076802 0.24404657 0.03366276 0.57014021 
185.00000000 0.01151773 0.04348832 0.01651400 0.08081385 0.24428095 0.03373154 0.56965360 
185.50000000 0.01156075 0.04351973 0.01658070 0.08086072 0.24451940 0.03380127 0.56915744 
186.00000000 0.01160427 0.04355379 0.01664705 0.08090843 0.24476507 0.03387189 0.56864950 
186.50000000 0.01164848 0.04358962 0.01671308 0.08095687 0.24502095 0.03394335 0.56812765 
187.00000000 0.01169335 0.04362657 0.01677895 0.08100606 0.24528804 0.03401557 0.56759146 
187.50000000 0.01173879 0.04366430 0.01684488 0.08105594 0.24556495 0.03408844 0.56704269 
188.00000000 0.01178473 0.04370263 0.01691098 0.08110643 0.24584918 0.03416192 0.56648412 
188.50000000 0.01183125 0.04374141 0.01697706 0.08115744 0.24613906 0.03423609 0.56591769 
189.00000000 0.01187851 0.04378045 0.01704264 0.08120901 0.24643532 0.03431118 0.56534289 
189.50000000 0.01192662 0.04381963 0.01710700 0.08126141 0.24674107 0.03438755 0.56475673 
190.00000000 0.01197543 0.04385898 0.01716950 0.08131507 0.24706024 0.03446562 0.56415517 
190.50000000 0.01202451 0.04389879 0.01722978 0.08137055 0.24739545 0.03454570 0.56353522 
191.00000000 0.01207326 0.04393947 0.01728795 0.08142837 0.24774648 0.03462794 0.56289653 
191.50000000 0.01212115 0.04398133 0.01734448 0.08148900 0.24811040 0.03471232 0.56224131 
192.00000000 0.01216802 0.04402434 0.01739999 0.08155287 0.24848307 0.03479874 0.56157298 
192.50000000 0.01221401 0.04406810 0.01745501 0.08162035 0.24886117 0.03488711 0.56089423 
193.00000000 0.01225956 0.04411205 0.01750987 0.08169183 0.24924335 0.03497745 0.56020590 
193.50000000 0.01230505 0.04415580 0.01756465 0.08176753 0.24962997 0.03506985 0.55950716 
194.00000000 0.01235071 0.04419941 0.01761937 0.08184745 0.25002178 0.03516443 0.55879685 
194.50000000 0.01239653 0.04424344 0.01767401 0.08193130 0.25041848 0.03526124 0.55807499 
195.00000000 0.01244240 0.04428868 0.01772856 0.08201851 0.25081826 0.03536030 0.55734329 
195.50000000 0.01248829 0.04433567 0.01778289 0.08210846 0.25121863 0.03546159 0.55660447 
196.00000000 0.01253431 0.04438441 0.01783671 0.08220072 0.25161794 0.03556517 0.55586075 
196.50000000 0.01258062 0.04443421 0.01788955 0.08229519 0.25201658 0.03567119 0.55511267 
197.00000000 0.01262734 0.04448397 0.01794096 0.08239212 0.25241687 0.03577976 0.55435899 
197.50000000 0.01267441 0.04453252 0.01799070 0.08249201 0.25282174 0.03589091 0.55359771 
198.00000000 0.01272160 0.04457903 0.01803895 0.08259549 0.25323285 0.03600442 0.55282766 
198.50000000 0.01276869 0.04462308 0.01808624 0.08270318 0.25364949 0.03611984 0.55204948 
199.00000000 0.01281564 0.04466461 0.01813322 0.08281574 0.25406877 0.03623662 0.55126540 
199.50000000 0.01286266 0.04470370 0.01818036 0.08293382 0.25448710 0.03635429 0.55047807 
200.00000000 0.01291008 0.04474048 0.01822770 0.08305802 0.25490211 0.03647259 0.54968903 
200.50000000 0.01295815 0.04477514 0.01827484 0.08318875 0.25531363 0.03659149 0.54889800 
201.00000000 0.01300678 0.04480808 0.01832115 0.08332607 0.25572351 0.03671108 0.54810332 
201.50000000 0.01305554 0.04484009 0.01836601 0.08346957 0.25613412 0.03683140 0.54730327 
202.00000000 0.01310374 0.04487213 0.01840906 0.08361849 0.25654666 0.03695237 0.54649756 
202.50000000 0.01315074 0.04490513 0.01845023 0.08377194 0.25696026 0.03707377 0.54568793 
203.00000000 0.01319620 0.04493956 0.01848968 0.08392917 0.25737229 0.03719543 0.54487769 
203.50000000 0.01324008 0.04497518 0.01852757 0.08408977 0.25777976 0.03731731 0.54407032 
204.00000000 0.01328266 0.04501118 0.01856406 0.08425366 0.25818078 0.03743959 0.54326807 
204.50000000 0.01332430 0.04504650 0.01859926 0.08442095 0.25857519 0.03756256 0.54247124 
205.00000000 0.01336536 0.04508030 0.01863340 0.08459177 0.25896414 0.03768650 0.54167853 
205.50000000 0.01340617 0.04511238 0.01866685 0.08476619 0.25934887 0.03781151 0.54088803 
206.00000000 0.01344713 0.04514311 0.01870005 0.08494422 0.25972971 0.03793757 0.54009822 
206.50000000 0.01348868 0.04517321 0.01873332 0.08512595 0.26010593 0.03806454 0.53930837 
207.00000000 0.01353131 0.04520333 0.01876669 0.08531156 0.26047665 0.03819236 0.53851810 
207.50000000 0.01357534 0.04523370 0.01879980 0.08550136 0.26084210 0.03832110 0.53772660 
208.00000000 0.01362075 0.04526413 0.01883212 0.08569565 0.26120437 0.03845088 0.53693210 
208.50000000 0.01366714 0.04529420 0.01886314 0.08589454 0.26156705 0.03858178 0.53613215 
209.00000000 0.01371384 0.04532359 0.01889272 0.08609793 0.26193382 0.03871365 0.53532444 
209.50000000 0.01376020 0.04535227 0.01892112 0.08630561 0.26230678 0.03884615 0.53450787 
210.00000000 0.01380582 0.04538048 0.01894894 0.08651745 0.26268549 0.03897882 0.53368301 
210.50000000 0.01385072 0.04540850 0.01897680 0.08673349 0.26306740 0.03911129 0.53285179 
211.00000000 0.01389519 0.04543651 0.01900515 0.08695394 0.26344930 0.03924349 0.53201641 
211.50000000 0.01393960 0.04546453 0.01903407 0.08717893 0.26382903 0.03937564 0.53117821 
212.00000000 0.01398421 0.04549260 0.01906339 0.08740822 0.26420642 0.03950809 0.53033706 
212.50000000 0.01402910 0.04552101 0.01909282 0.08764117 0.26458308 0.03964119 0.52949162 
213.00000000 0.01407422 0.04555046 0.01912213 0.08787677 0.26496112 0.03977505 0.52864026 
213.50000000 0.01411948 0.04558188 0.01915115 0.08811406 0.26534175 0.03990956 0.52778211 
214.00000000 0.01416484 0.04561612 0.01917977 0.08835251 0.26572453 0.04004454 0.52691770 
214.50000000 0.01421025 0.04565356 0.01920777 0.08859218 0.26610768 0.04017985 0.52604872 
215.00000000 0.01425555 0.04569395 0.01923490 0.08883367 0.26648917 0.04031555 0.52517720 
215.50000000 0.01430044 0.04573652 0.01926093 0.08907790 0.26686780 0.04045186 0.52430455 
216.00000000 0.01434448 0.04578031 0.01928585 0.08932576 0.26724356 0.04058898 0.52343104 
216.50000000 0.01438735 0.04582462 0.01930991 0.08957805 0.26761706 0.04072701 0.52255600 
217.00000000 0.01442896 0.04586921 0.01933357 0.08983554 0.26798843 0.04086583 0.52167846 
217.50000000 0.01446954 0.04591426 0.01935734 0.09009906 0.26835654 0.04100527 0.52079799 
218.00000000 0.01450954 0.04596010 0.01938153 0.09036946 0.26871910 0.04114516 0.51991511 
218.50000000 0.01454942 0.04600684 0.01940610 0.09064736 0.26907371 0.04128548 0.51903108 
219.00000000 0.01458944 0.04605416 0.01943072 0.09093277 0.26941929 0.04142627 0.51814735 
219.50000000 0.01462954 0.04610134 0.01945495 0.09122477 0.26975684 0.04156756 0.51726498 
220.00000000 0.01466949 0.04614756 0.01947846 0.09152163 0.27008915 0.04170918 0.51638453 
