0.00000000 0.00009100 0.00824756 0.00398765 0.00044719 0.21730518 0.00593771 0.76398371 
0.50000000 0.00009100 0.00824756 0.00398761 0.00044720 0.21730537 0.00593766 0.76398362 
1.00000000 0.00009098 0.00824767 0.00398751 0.00044721 0.21730697 0.00593751 0.76398214 
1.50000000 0.00009097 0.00824806 0.00398741 0.00044727 0.21731161 0.00593723 0.76397746 
2.00000000 0.00009095 0.00824886 0.00398735 0.00044736 0.21732022 0.00593682 0.76396845 
2.50000000 0.00009094 0.00825011 0.00398736 0.00044755 0.21733343 0.00593631 0.76395431 
3.00000000 0.00009095 0.00825181 0.00398747 0.00044794 0.21735166 0.00593574 0.76393444 
3.50000000 0.00009098 0.00825407 0.00398774 0.00044867 0.21737641 0.00593516 0.76390698 
4.00000000 0.00009106 0.00825706 0.00398822 0.00044990 0.21740938 0.00593457 0.76386981 
4.50000000 0.00009120 0.00826101 0.00398896 0.00045175 0.21745201 0.00593397 0.76382111 
5.00000000 0.00009140 0.00826606 0.00398994 0.00045430 0.21750431 0.00593335 0.76376064 
5.50000000 0.00009167 0.00827219 0.00399114 0.00045764 0.21756516 0.00593275 0.76368945 
6.00000000 0.00009204 0.00827929 0.00399254 0.00046193 0.21763362 0.00593220 0.76360838 
6.50000000 0.00009251 0.00828734 0.00399420 0.00046746 0.21771064 0.00593175 0.76351611 
7.00000000 0.00009310 0.00829653 0.00399625 0.00047459 0.21779975 0.00593138 0.76340840 
7.50000000 0.00009384 0.00830724 0.00399887 0.00048372 0.21790578 0.00593103 0.76327951 
8.00000000 0.00009476 0.00831988 0.00400220 0.00049518 0.21803221 0.00593065 0.76312512 
8.50000000 0.00009587 0.00833461 0.00400629 0.00050921 0.21817875 0.00593019 0.76294509 
9.00000000 0.00009719 0.00835120 0.00401105 0.00052597 0.21834090 0.00592974 0.76274394 
9.50000000 0.00009876 0.00836916 0.00401637 0.00054563 0.21851214 0.00592949 0.76252846 
10.00000000 0.00010058 0.00838802 0.00402215 0.00056844 0.21868752 0.00592963 0.76230366 
10.50000000 0.00010268 0.00840765 0.00402844 0.00059470 0.21886666 0.00593034 0.76206952 
11.00000000 0.00010509 0.00842841 0.00403537 0.00062479 0.21905409 0.00593167 0.76182057 
11.50000000 0.00010783 0.00845103 0.00404314 0.00065900 0.21925692 0.00593356 0.76154852 
12.00000000 0.00011092 0.00847628 0.00405190 0.00069757 0.21948127 0.00593592 0.76124614 
12.50000000 0.00011438 0.00850467 0.00406172 0.00074067 0.21972988 0.00593866 0.76091001 
13.00000000 0.00011823 0.00853633 0.00407259 0.00078850 0.22000220 0.00594182 0.76054034 
13.50000000 0.00012248 0.00857110 0.00408449 0.00084140 0.22029662 0.00594546 0.76013845 
14.00000000 0.00012716 0.00860884 0.00409742 0.00089992 0.22061294 0.00594968 0.75970404 
14.50000000 0.00013231 0.00864955 0.00411145 0.00096467 0.22095288 0.00595453 0.75923461 
15.00000000 0.00013797 0.00869337 0.00412659 0.00103624 0.22131808 0.00595998 0.75872777 
15.50000000 0.00014418 0.00874036 0.00414279 0.00111498 0.22170704 0.00596601 0.75818463 
16.00000000 0.00015099 0.00879040 0.00415991 0.00120095 0.22211348 0.00597268 0.75761159 
16.50000000 0.00015841 0.00884309 0.00417775 0.00129411 0.22252796 0.00598012 0.75701857 
17.00000000 0.00016644 0.00889802 0.00419616 0.00139442 0.22294234 0.00598857 0.75641405 
17.50000000 0.00017509 0.00895507 0.00421519 0.00150210 0.22335470 0.00599822 0.75579962 
18.00000000 0.00018437 0.00901462 0.00423509 0.00161760 0.22377160 0.00600914 0.75516757 
18.50000000 0.00019434 0.00907754 0.00425626 0.00174149 0.22420580 0.00602123 0.75450333 
19.00000000 0.00020506 0.00914483 0.00427909 0.00187436 0.22467060 0.00603430 0.75379176 
19.50000000 0.00021658 0.00921725 0.00430384 0.00201670 0.22517372 0.00604817 0.75302374 
20.00000000 0.00022897 0.00929502 0.00433059 0.00216900 0.22571418 0.00606280 0.75219944 
20.50000000 0.00024223 0.00937778 0.00435921 0.00233179 0.22628388 0.00607834 0.75132676 
21.00000000 0.00025637 0.00946482 0.00438948 0.00250571 0.22687234 0.00609506 0.75041621 
21.50000000 0.00027138 0.00955540 0.00442114 0.00269139 0.22747174 0.00611321 0.74947573 
22.00000000 0.00028724 0.00964906 0.00445404 0.00288926 0.22807905 0.00613291 0.74850845 
22.50000000 0.00030397 0.00974570 0.00448804 0.00309942 0.22869467 0.00615416 0.74751405 
23.00000000 0.00032160 0.00984559 0.00452309 0.00332166 0.22931937 0.00617683 0.74649184 
23.50000000 0.00034020 0.00994920 0.00455914 0.00355552 0.22995220 0.00620083 0.74544291 
24.00000000 0.00035980 0.01005702 0.00459617 0.00380055 0.23059110 0.00622610 0.74436926 
24.50000000 0.00038044 0.01016949 0.00463420 0.00405645 0.23123620 0.00625268 0.74327055 
25.00000000 0.00040216 0.01028702 0.00467335 0.00432323 0.23189303 0.00628055 0.74214065 
25.50000000 0.00042499 0.01041008 0.00471386 0.00460119 0.23257293 0.00630965 0.74096729 
26.00000000 0.00044901 0.01053917 0.00475600 0.00489079 0.23328948 0.00633982 0.73973574 
26.50000000 0.00047429 0.01067481 0.00480000 0.00519249 0.23405253 0.00637093 0.73843496 
27.00000000 0.00050090 0.01081738 0.00484597 0.00550670 0.23486323 0.00640301 0.73706282 
27.50000000 0.00052892 0.01096699 0.00489383 0.00583371 0.23571301 0.00643629 0.73562726 
28.00000000 0.00055834 0.01112341 0.00494338 0.00617390 0.23658746 0.00647124 0.73414227 
28.50000000 0.00058913 0.01128617 0.00499435 0.00652776 0.23747341 0.00650836 0.73262082 
29.00000000 0.00062124 0.01145475 0.00504656 0.00689585 0.23836498 0.00654802 0.73106861 
29.50000000 0.00065460 0.01162885 0.00510000 0.00727862 0.23926545 0.00659032 0.72948217 
30.00000000 0.00068921 0.01180857 0.00515480 0.00767625 0.24018416 0.00663511 0.72785191 
30.50000000 0.00072512 0.01199436 0.00521115 0.00808868 0.24113042 0.00668206 0.72616820 
31.00000000 0.00076240 0.01218676 0.00526920 0.00851580 0.24210816 0.00673089 0.72442679 
31.50000000 0.00080108 0.01238604 0.00532893 0.00895766 0.24311431 0.00678147 0.72263051 
32.00000000 0.00084120 0.01259194 0.00539015 0.00941453 0.24414142 0.00683379 0.72078697 
32.50000000 0.00088272 0.01280371 0.00545254 0.00988678 0.24518205 0.00688790 0.71890429 
33.00000000 0.00092559 0.01302037 0.00551582 0.01037455 0.24623149 0.00694382 0.71698835 
33.50000000 0.00096974 0.01324116 0.00557977 0.01087759 0.24728723 0.00700152 0.71504300 
34.00000000 0.00101517 0.01346585 0.00564431 0.01139521 0.24834596 0.00706098 0.71307253 
34.50000000 0.00106188 0.01369490 0.00570941 0.01192654 0.24940100 0.00712232 0.71108395 
35.00000000 0.00110994 0.01392917 0.00577505 0.01247068 0.25044261 0.00718579 0.70908676 
35.50000000 0.00115939 0.01416947 0.00584115 0.01302688 0.25146195 0.00725171 0.70708944 
36.00000000 0.00121027 0.01441622 0.00590762 0.01359459 0.25245646 0.00732023 0.70509462 
36.50000000 0.00126258 0.01466935 0.00597443 0.01417339 0.25343303 0.00739124 0.70309598 
37.00000000 0.00131633 0.01492855 0.00604174 0.01476307 0.25440644 0.00746437 0.70107949 
37.50000000 0.00137157 0.01519374 0.00610979 0.01536369 0.25539324 0.00753910 0.69902889 
38.00000000 0.00142838 0.01546530 0.00617884 0.01597561 0.25640406 0.00761499 0.69693281 
38.50000000 0.00148690 0.01574402 0.00624904 0.01659968 0.25743839 0.00769188 0.69479010 
39.00000000 0.00154726 0.01603060 0.00632025 0.01723710 0.25848449 0.00776992 0.69261037 
39.50000000 0.00160952 0.01632513 0.00639216 0.01788921 0.25952471 0.00784944 0.69040982 
40.00000000 0.00167367 0.01662684 0.00646432 0.01855709 0.26054269 0.00793076 0.68820463 
40.50000000 0.00173958 0.01693441 0.00653641 0.01924120 0.26152888 0.00801403 0.68600550 
41.00000000 0.00180709 0.01724666 0.00660834 0.01994119 0.26248189 0.00809920 0.68381562 
41.50000000 0.00187608 0.01756332 0.00668027 0.02065597 0.26340608 0.00818611 0.68163217 
42.00000000 0.00194650 0.01788520 0.00675245 0.02138408 0.26430764 0.00827454 0.67944959 
42.50000000 0.00201834 0.01821366 0.00682513 0.02212396 0.26519225 0.00836434 0.67726232 
43.00000000 0.00209168 0.01854974 0.00689836 0.02287416 0.26606559 0.00845535 0.67506512 
43.50000000 0.00216654 0.01889344 0.00697208 0.02363354 0.26693542 0.00854738 0.67285159 
44.00000000 0.00224297 0.01924375 0.00704619 0.02440144 0.26781271 0.00864014 0.67061280 
44.50000000 0.00232096 0.01959936 0.00712064 0.02517786 0.26870988 0.00873337 0.66833792 
45.00000000 0.00240055 0.01995970 0.00719552 0.02596360 0.26963626 0.00882696 0.66601741 
45.50000000 0.00248181 0.02032555 0.00727093 0.02676027 0.27059313 0.00892105 0.66364726 
46.00000000 0.00256489 0.02069882 0.00734690 0.02756991 0.27157148 0.00901609 0.66123191 
46.50000000 0.00264995 0.02108143 0.00742323 0.02839432 0.27255469 0.00911275 0.65878363 
47.00000000 0.00273712 0.02147401 0.00749956 0.02923435 0.27352527 0.00921158 0.65631811 
47.50000000 0.00282641 0.02187531 0.00757552 0.03008939 0.27447221 0.00931285 0.65384832 
48.00000000 0.00291771 0.02228271 0.00765086 0.03095749 0.27539500 0.00941633 0.65137990 
48.50000000 0.00301083 0.02269359 0.00772560 0.03183595 0.27630211 0.00952144 0.64891048 
49.00000000 0.00310563 0.02310659 0.00779991 0.03272219 0.27720517 0.00962740 0.64643311 
49.50000000 0.00320203 0.02352205 0.00787397 0.03361441 0.27811230 0.00973357 0.64394168 
50.00000000 0.00330008 0.02394126 0.00794778 0.03451172 0.27902445 0.00983958 0.64143513 
50.50000000 0.00339989 0.02436515 0.00802123 0.03541380 0.27993643 0.00994538 0.63891813 
51.00000000 0.00350151 0.02479350 0.00809413 0.03632050 0.28084095 0.01005111 0.63639830 
51.50000000 0.00360495 0.02522515 0.00816641 0.03723175 0.28173247 0.01015693 0.63388234 
52.00000000 0.00371012 0.02565906 0.00823816 0.03814787 0.28260829 0.01026306 0.63137344 
52.50000000 0.00381690 0.02609565 0.00830964 0.03907001 0.28346661 0.01036979 0.62887139 
53.00000000 0.00392521 0.02653725 0.00838113 0.04000023 0.28430380 0.01047759 0.62637479 
53.50000000 0.00403504 0.02698726 0.00845279 0.04094083 0.28511363 0.01058707 0.62388338 
54.00000000 0.00414643 0.02744846 0.00852458 0.04189326 0.28588985 0.01069875 0.62139866 
54.50000000 0.00425944 0.02792144 0.00859638 0.04285712 0.28663059 0.01081286 0.61892216 
55.00000000 0.00437407 0.02840430 0.00866801 0.04383026 0.28734144 0.01092911 0.61645281 
55.50000000 0.00449022 0.02889381 0.00873936 0.04480984 0.28803449 0.01104679 0.61398549 
56.00000000 0.00460771 0.02938736 0.00881036 0.04579392 0.28872345 0.01116508 0.61151212 
56.50000000 0.00472637 0.02988446 0.00888096 0.04678240 0.28941717 0.01128340 0.60902525 
57.00000000 0.00484610 0.03038689 0.00895099 0.04777691 0.29011520 0.01140166 0.60652226 
57.50000000 0.00496696 0.03089731 0.00902021 0.04877950 0.29080799 0.01152024 0.60400780 
58.00000000 0.00508906 0.03141729 0.00908836 0.04979112 0.29148175 0.01163973 0.60149270 
58.50000000 0.00521246 0.03194604 0.00915528 0.05081075 0.29212485 0.01176062 0.59899000 
59.00000000 0.00533703 0.03248071 0.00922101 0.05183576 0.29273245 0.01188310 0.59650993 
59.50000000 0.00546252 0.03301798 0.00928578 0.05286310 0.29330695 0.01200709 0.59405659 
60.00000000 0.00558865 0.03355598 0.00934991 0.05389050 0.29385487 0.01213244 0.59162765 
60.50000000 0.00571530 0.03409521 0.00941359 0.05491702 0.29438282 0.01225908 0.58921698 
61.00000000 0.00584264 0.03463773 0.00947687 0.05594247 0.29489520 0.01238704 0.58681805 
61.50000000 0.00597106 0.03518527 0.00953964 0.05696634 0.29539498 0.01251637 0.58442633 
62.00000000 0.00610104 0.03573775 0.00960175 0.05798710 0.29588589 0.01264695 0.58203952 
62.50000000 0.00623292 0.03629312 0.00966307 0.05900257 0.29637376 0.01277850 0.57965605 
63.00000000 0.00636678 0.03684883 0.00972364 0.06001104 0.29686532 0.01291071 0.57727368 
63.50000000 0.00650248 0.03740380 0.00978356 0.06101261 0.29736466 0.01304347 0.57488941 
64.00000000 0.00663981 0.03795962 0.00984298 0.06200962 0.29786969 0.01317710 0.57250118 
64.50000000 0.00677863 0.03851984 0.00990197 0.06300559 0.29837139 0.01331227 0.57011031 
65.00000000 0.00691889 0.03908770 0.00996054 0.06400321 0.29885717 0.01344971 0.56772278 
65.50000000 0.00706051 0.03966367 0.01001870 0.06500233 0.29931689 0.01358984 0.56534807 
66.00000000 0.00720320 0.04024438 0.01007653 0.06599942 0.29974793 0.01373246 0.56299608 
66.50000000 0.00734647 0.04082388 0.01013428 0.06698869 0.30015646 0.01387675 0.56067347 
67.00000000 0.00748982 0.04139646 0.01019222 0.06796450 0.30055392 0.01402160 0.55838148 
67.50000000 0.00763298 0.04195930 0.01025052 0.06892343 0.30095124 0.01416604 0.55611650 
68.00000000 0.00777613 0.04251346 0.01030912 0.06986496 0.30135410 0.01430953 0.55387271 
68.50000000 0.00791979 0.04306258 0.01036774 0.07079052 0.30176218 0.01445202 0.55164517 
69.00000000 0.00806463 0.04361044 0.01042597 0.07170183 0.30217196 0.01459385 0.54943132 
69.50000000 0.00821110 0.04415902 0.01048351 0.07259968 0.30258083 0.01473544 0.54723042 
70.00000000 0.00835924 0.04470819 0.01054032 0.07348413 0.30298919 0.01487717 0.54504176 
70.50000000 0.00850874 0.04525703 0.01059661 0.07435570 0.30339922 0.01501945 0.54286325 
71.00000000 0.00865912 0.04580576 0.01065272 0.07521671 0.30381113 0.01516277 0.54069178 
71.50000000 0.00880995 0.04635675 0.01070893 0.07607162 0.30421999 0.01530780 0.53852497 
72.00000000 0.00896101 0.04691368 0.01076528 0.07692589 0.30461594 0.01545517 0.53636304 
72.50000000 0.00911222 0.04747943 0.01082166 0.07778381 0.30498821 0.01560522 0.53420946 
73.00000000 0.00926346 0.04805413 0.01087791 0.07864676 0.30533032 0.01575771 0.53206972 
73.50000000 0.00941452 0.04863484 0.01093393 0.07951285 0.30564294 0.01591178 0.52994913 
74.00000000 0.00956510 0.04921706 0.01098975 0.08037845 0.30593229 0.01606625 0.52785109 
74.50000000 0.00971491 0.04979725 0.01104539 0.08124049 0.30620511 0.01622007 0.52577677 
75.00000000 0.00986392 0.05037473 0.01110074 0.08209822 0.30646341 0.01637265 0.52372634 
75.50000000 0.01001236 0.05095172 0.01115546 0.08295317 0.30670263 0.01652407 0.52170058 
76.00000000 0.01016067 0.05153169 0.01120910 0.08380763 0.30691429 0.01667482 0.51970180 
76.50000000 0.01030928 0.05211699 0.01126124 0.08466245 0.30709136 0.01682547 0.51773320 
77.00000000 0.01045838 0.05270749 0.01131180 0.08551569 0.30723270 0.01697635 0.51579760 
77.50000000 0.01060786 0.05330068 0.01136106 0.08636309 0.30734353 0.01712752 0.51389625 
78.00000000 0.01075743 0.05389341 0.01140960 0.08719998 0.30743182 0.01727893 0.51202884 
78.50000000 0.01090680 0.05448385 0.01145796 0.08802336 0.30750292 0.01743066 0.51019446 
79.00000000 0.01105595 0.05507258 0.01150641 0.08883297 0.30755634 0.01758298 0.50839277 
79.50000000 0.01120518 0.05566203 0.01155481 0.08963050 0.30758685 0.01773624 0.50662438 
80.00000000 0.01135498 0.05625482 0.01160274 0.09041774 0.30758917 0.01789062 0.50488994 
80.50000000 0.01150575 0.05685218 0.01164970 0.09119492 0.30756275 0.01804596 0.50318873 
81.00000000 0.01165755 0.05745337 0.01169539 0.09196063 0.30751338 0.01820188 0.50151781 
81.50000000 0.01180999 0.05805634 0.01173972 0.09271329 0.30745030 0.01835800 0.49987236 
82.00000000 0.01196242 0.05865905 0.01178279 0.09345323 0.30738090 0.01851426 0.49824735 
82.50000000 0.01211425 0.05926059 0.01182468 0.09418376 0.30730651 0.01867098 0.49663923 
83.00000000 0.01226510 0.05986118 0.01186539 0.09491032 0.30722254 0.01882867 0.49504679 
83.50000000 0.01241491 0.06046128 0.01190484 0.09563806 0.30712264 0.01898767 0.49347061 
84.00000000 0.01256369 0.06106036 0.01194304 0.09636933 0.30700397 0.01914784 0.49191178 
84.50000000 0.01271139 0.06165660 0.01198022 0.09710266 0.30686962 0.01930852 0.49037098 
85.00000000 0.01285784 0.06224751 0.01201688 0.09783399 0.30672647 0.01946880 0.48884852 
85.50000000 0.01300294 0.06283136 0.01205359 0.09855927 0.30658004 0.01962784 0.48734497 
86.00000000 0.01314686 0.06340840 0.01209076 0.09927678 0.30643012 0.01978514 0.48586192 
86.50000000 0.01329008 0.06398110 0.01212842 0.09998769 0.30627038 0.01994060 0.48440173 
87.00000000 0.01343325 0.06455317 0.01216611 0.10069448 0.30609221 0.02009429 0.48296648 
87.50000000 0.01357691 0.06512805 0.01220311 0.10139860 0.30589030 0.02024634 0.48155669 
88.00000000 0.01372115 0.06570755 0.01223874 0.10209888 0.30566596 0.02039684 0.48017088 
88.50000000 0.01386548 0.06629135 0.01227264 0.10279189 0.30542628 0.02054594 0.47880642 
89.00000000 0.01400900 0.06687731 0.01230488 0.10347399 0.30517954 0.02069407 0.47746120 
89.50000000 0.01415068 0.06746256 0.01233585 0.10414360 0.30493025 0.02084196 0.47613510 
90.00000000 0.01428968 0.06804458 0.01236600 0.10480210 0.30467691 0.02099044 0.47483028 
90.50000000 0.01442554 0.06862165 0.01239560 0.10545279 0.30441406 0.02114010 0.47355027 
91.00000000 0.01455819 0.06919257 0.01242462 0.10609852 0.30413671 0.02129099 0.47229839 
91.50000000 0.01468777 0.06975624 0.01245292 0.10673981 0.30384422 0.02144259 0.47107645 
92.00000000 0.01481447 0.07031137 0.01248039 0.10737462 0.30354069 0.02159408 0.46988438 
92.50000000 0.01493854 0.07085668 0.01250714 0.10800020 0.30323201 0.02174479 0.46872065 
93.00000000 0.01506031 0.07139141 0.01253343 0.10861542 0.30292188 0.02189448 0.46758307 
93.50000000 0.01518034 0.07191566 0.01255953 0.10922212 0.30260968 0.02204336 0.46646930 
94.00000000 0.01529935 0.07243047 0.01258544 0.10982424 0.30229184 0.02219178 0.46537689 
94.50000000 0.01541806 0.07293724 0.01261090 0.11042550 0.30196543 0.02233995 0.46430293 
95.00000000 0.01553693 0.07343717 0.01263544 0.11102712 0.30163137 0.02248785 0.46324413 
95.50000000 0.01565598 0.07393075 0.01265867 0.11162706 0.30129450 0.02263539 0.46219764 
96.00000000 0.01577484 0.07441782 0.01268054 0.11222129 0.30096043 0.02278264 0.46116243 
96.50000000 0.01589288 0.07489794 0.01270140 0.11280626 0.30063098 0.02292995 0.46014058 
97.00000000 0.01600955 0.07537106 0.01272185 0.11338088 0.30030155 0.02307777 0.45913734 
97.50000000 0.01612448 0.07583794 0.01274245 0.11394694 0.29996224 0.02322626 0.45815968 
98.00000000 0.01623761 0.07630014 0.01276347 0.11450764 0.29960222 0.02337502 0.45721391 
98.50000000 0.01634904 0.07675957 0.01278475 0.11506557 0.29921449 0.02352314 0.45630344 
99.00000000 0.01645896 0.07721803 0.01280591 0.11562133 0.29879825 0.02366950 0.45542802 
99.50000000 0.01656759 0.07767672 0.01282659 0.11617369 0.29835763 0.02381329 0.45458449 
100.00000000 0.01667518 0.07813592 0.01284673 0.11672101 0.29789815 0.02395433 0.45376869 
100.50000000 0.01678207 0.07859491 0.01286663 0.11726279 0.29742363 0.02409292 0.45297705 
101.00000000 0.01688872 0.07905213 0.01288681 0.11780011 0.29693553 0.02422955 0.45220716 
101.50000000 0.01699572 0.07950547 0.01290771 0.11833461 0.29643482 0.02436441 0.45145725 
102.00000000 0.01710370 0.07995265 0.01292945 0.11886698 0.29592448 0.02449730 0.45072543 
102.50000000 0.01721331 0.08039158 0.01295183 0.11939583 0.29541021 0.02462783 0.45000941 
103.00000000 0.01732514 0.08082080 0.01297445 0.11991800 0.29489860 0.02475583 0.44930717 
103.50000000 0.01743975 0.08123982 0.01299709 0.12043012 0.29439351 0.02488161 0.44861810 
104.00000000 0.01755754 0.08164914 0.01301987 0.12093059 0.29389341 0.02500586 0.44794359 
104.50000000 0.01767879 0.08204999 0.01304321 0.12142050 0.29339168 0.02512926 0.44728659 
105.00000000 0.01780349 0.08244381 0.01306762 0.12190290 0.29288024 0.02525201 0.44664993 
105.50000000 0.01793143 0.08283177 0.01309335 0.12238094 0.29235440 0.02537372 0.44603439 
106.00000000 0.01806225 0.08321448 0.01312021 0.12285598 0.29181592 0.02549364 0.44543753 
106.50000000 0.01819561 0.08359215 0.01314770 0.12332690 0.29127234 0.02561121 0.44485408 
107.00000000 0.01833129 0.08396486 0.01317532 0.12379106 0.29073294 0.02572652 0.44427800 
107.50000000 0.01846917 0.08433270 0.01320291 0.12424584 0.29020407 0.02584022 0.44370509 
108.00000000 0.01860907 0.08469576 0.01323082 0.12468995 0.28968665 0.02595316 0.44313459 
108.50000000 0.01875073 0.08505403 0.01325969 0.12512348 0.28917717 0.02606582 0.44256908 
109.00000000 0.01889377 0.08540737 0.01329006 0.12554706 0.28867103 0.02617800 0.44201270 
109.50000000 0.01903791 0.08575562 0.01332204 0.12596088 0.28816555 0.02628891 0.44146909 
110.00000000 0.01918304 0.08609888 0.01335515 0.12636442 0.28766052 0.02639776 0.44094023 
110.50000000 0.01932940 0.08643765 0.01338859 0.12675713 0.28715613 0.02650430 0.44042680 
111.00000000 0.01947741 0.08677278 0.01342166 0.12713937 0.28665022 0.02660902 0.43992954 
111.50000000 0.01962750 0.08710494 0.01345411 0.12751290 0.28613734 0.02671285 0.43945036 
112.00000000 0.01977984 0.08743408 0.01348621 0.12788022 0.28561091 0.02681660 0.43899214 
112.50000000 0.01993432 0.08775919 0.01351849 0.12824308 0.28506733 0.02692047 0.43855712 
113.00000000 0.02009065 0.08807850 0.01355124 0.12860122 0.28450929 0.02702408 0.43814502 
113.50000000 0.02024863 0.08839003 0.01358424 0.12895211 0.28394592 0.02712689 0.43775218 
114.00000000 0.02040824 0.08869239 0.01361688 0.12929208 0.28338924 0.02722873 0.43737245 
114.50000000 0.02056963 0.08898522 0.01364848 0.12961805 0.28284884 0.02733004 0.43699973 
115.00000000 0.02073295 0.08926926 0.01367883 0.12992895 0.28232781 0.02743169 0.43663052 
115.50000000 0.02089805 0.08954592 0.01370836 0.13022599 0.28182217 0.02753436 0.43626515 
116.00000000 0.02106442 0.08981680 0.01373798 0.13051188 0.28132399 0.02763815 0.43590678 
116.50000000 0.02123136 0.09008324 0.01376856 0.13078957 0.28082593 0.02774241 0.43555893 
117.00000000 0.02139828 0.09034610 0.01380051 0.13106141 0.28032456 0.02784611 0.43522303 
117.50000000 0.02156509 0.09060581 0.01383365 0.13132922 0.27982048 0.02794843 0.43489733 
118.00000000 0.02173229 0.09086260 0.01386747 0.13159480 0.27931575 0.02804918 0.43457791 
118.50000000 0.02190086 0.09111663 0.01390165 0.13186019 0.27881089 0.02814876 0.43426102 
119.00000000 0.02207188 0.09136789 0.01393641 0.13212726 0.27830386 0.02824775 0.43394496 
119.50000000 0.02224601 0.09161613 0.01397247 0.13239649 0.27779197 0.02834640 0.43363053 
120.00000000 0.02242334 0.09186093 0.01401069 0.13266603 0.27727492 0.02844438 0.43331971 
120.50000000 0.02260342 0.09210191 0.01405152 0.13293171 0.27675675 0.02854096 0.43301373 
121.00000000 0.02278560 0.09233895 0.01409474 0.13318835 0.27624482 0.02863548 0.43271206 
121.50000000 0.02296932 0.09257242 0.01413963 0.13343174 0.27574616 0.02872776 0.43241297 
122.00000000 0.02315420 0.09280312 0.01418541 0.13366027 0.27526339 0.02881821 0.43211539 
122.50000000 0.02333988 0.09303200 0.01423175 0.13387518 0.27479287 0.02890758 0.43182074 
123.00000000 0.02352568 0.09325993 0.01427896 0.13407943 0.27432648 0.02899638 0.43153316 
123.50000000 0.02371056 0.09348748 0.01432776 0.13427579 0.27385605 0.02908451 0.43125785 
124.00000000 0.02389341 0.09371483 0.01437878 0.13446557 0.27337785 0.02917130 0.43099825 
124.50000000 0.02407366 0.09394172 0.01443209 0.13464854 0.27289432 0.02925596 0.43075372 
125.00000000 0.02425167 0.09416767 0.01448716 0.13482405 0.27241214 0.02933804 0.43051927 
125.50000000 0.02442881 0.09439226 0.01454321 0.13499232 0.27193805 0.02941785 0.43028750 
126.00000000 0.02460696 0.09461531 0.01459965 0.13515493 0.27147517 0.02949622 0.43005175 
126.50000000 0.02478775 0.09483706 0.01465641 0.13531400 0.27102212 0.02957412 0.42980852 
127.00000000 0.02497201 0.09505802 0.01471381 0.13547084 0.27057525 0.02965218 0.42955790 
127.50000000 0.02515963 0.09527865 0.01477213 0.13562506 0.27013196 0.02973052 0.42930205 
128.00000000 0.02534992 0.09549883 0.01483131 0.13577513 0.26969295 0.02980899 0.42904287 
128.50000000 0.02554205 0.09571746 0.01489081 0.13591996 0.26926162 0.02988755 0.42878056 
129.00000000 0.02573534 0.09593242 0.01494992 0.13606063 0.26884137 0.02996655 0.42851377 
129.50000000 0.02592925 0.09614100 0.01500823 0.13620082 0.26843277 0.03004671 0.42824122 
130.00000000 0.02612313 0.09634058 0.01506585 0.13634559 0.26803286 0.03012873 0.42796326 
130.50000000 0.02631600 0.09652928 0.01512342 0.13649896 0.26763736 0.03021282 0.42768217 
131.00000000 0.02650662 0.09670638 0.01518172 0.13666189 0.26724419 0.03029852 0.42740068 
131.50000000 0.02669392 0.09687235 0.01524119 0.13683193 0.26685584 0.03038493 0.42711983 
132.00000000 0.02687748 0.09702847 0.01530179 0.13700477 0.26647879 0.03047115 0.42683755 
132.50000000 0.02705776 0.09717650 0.01536311 0.13717666 0.26612032 0.03055671 0.42654895 
133.00000000 0.02723586 0.09731851 0.01542469 0.13734614 0.26578472 0.03064167 0.42624841 
133.50000000 0.02741291 0.09745688 0.01548637 0.13751412 0.26547131 0.03072637 0.42593204 
134.00000000 0.02758942 0.09759427 0.01554826 0.13768240 0.26517534 0.03081100 0.42559931 
134.50000000 0.02776506 0.09773337 0.01561057 0.13785193 0.26489091 0.03089530 0.42525286 
135.00000000 0.02793901 0.09787626 0.01567326 0.13802208 0.26461388 0.03097862 0.42489689 
135.50000000 0.02811059 0.09802355 0.01573595 0.13819159 0.26434297 0.03106024 0.42453510 
136.00000000 0.02827985 0.09817393 0.01579809 0.13836028 0.26407860 0.03113984 0.42416941 
136.50000000 0.02844767 0.09832461 0.01585927 0.13853021 0.26382048 0.03121765 0.42380011 
137.00000000 0.02861538 0.09847246 0.01591946 0.13870520 0.26356603 0.03129436 0.42342711 
137.50000000 0.02878416 0.09861528 0.01597907 0.13888861 0.26331072 0.03137064 0.42305151 
138.00000000 0.02895456 0.09875265 0.01603863 0.13908087 0.26305014 0.03144679 0.42267636 
138.50000000 0.02912638 0.09888572 0.01609848 0.13927841 0.26278214 0.03152270 0.42230618 
139.00000000 0.02929899 0.09901636 0.01615861 0.13947478 0.26250772 0.03159806 0.42194548 
139.50000000 0.02947169 0.09914603 0.01621881 0.13966356 0.26223000 0.03167271 0.42159720 
140.00000000 0.02964386 0.09927520 0.01627897 0.13984118 0.26195217 0.03174684 0.42126178 
140.50000000 0.02981475 0.09940357 0.01633937 0.14000819 0.26167566 0.03182086 0.42093759 
141.00000000 0.02998330 0.09953072 0.01640064 0.14016828 0.26139966 0.03189512 0.42062227 
141.50000000 0.03014792 0.09965683 0.01646352 0.14032576 0.26112220 0.03196953 0.42031423 
142.00000000 0.03030679 0.09978266 0.01652848 0.14048336 0.26084184 0.03204358 0.42001329 
142.50000000 0.03045850 0.09990895 0.01659552 0.14064156 0.26055899 0.03211654 0.41971994 
143.00000000 0.03060267 0.10003558 0.01666428 0.14079980 0.26027588 0.03218790 0.41943389 
143.50000000 0.03074027 0.10016129 0.01673438 0.14095830 0.25999535 0.03225769 0.41915270 
144.00000000 0.03087342 0.10028435 0.01680567 0.14111907 0.25971924 0.03232651 0.41887174 
144.50000000 0.03100465 0.10040368 0.01687830 0.14128495 0.25944766 0.03239513 0.41858563 
145.00000000 0.03113606 0.10051989 0.01695248 0.14145742 0.25917961 0.03246412 0.41829041 
145.50000000 0.03126883 0.10063529 0.01702815 0.14163453 0.25891457 0.03253353 0.41798509 
146.00000000 0.03140315 0.10075299 0.01710480 0.14181065 0.25865375 0.03260298 0.41767169 
146.50000000 0.03153856 0.10087530 0.01718164 0.14197846 0.25840048 0.03267195 0.41735361 
147.00000000 0.03167442 0.10100268 0.01725805 0.14213221 0.25815926 0.03274013 0.41703326 
147.50000000 0.03181015 0.10113357 0.01733392 0.14227019 0.25793414 0.03280753 0.41671050 
148.00000000 0.03194521 0.10126535 0.01740977 0.14239506 0.25772740 0.03287440 0.41638281 
148.50000000 0.03207894 0.10139556 0.01748637 0.14251169 0.25753922 0.03294088 0.41604735 
149.00000000 0.03221043 0.10152265 0.01756421 0.14262410 0.25736843 0.03300686 0.41570332 
149.50000000 0.03233874 0.10164597 0.01764319 0.14273333 0.25721371 0.03307195 0.41535311 
150.00000000 0.03246327 0.10176504 0.01772259 0.14283752 0.25707443 0.03313578 0.41500136 
150.50000000 0.03258415 0.10187893 0.01780158 0.14293400 0.25695064 0.03319823 0.41465247 
151.00000000 0.03270229 0.10198636 0.01787971 0.14302161 0.25684235 0.03325952 0.41430816 
151.50000000 0.03281905 0.10208651 0.01795716 0.14310173 0.25674879 0.03332001 0.41396674 
152.00000000 0.03293558 0.10217982 0.01803456 0.14317745 0.25666843 0.03337988 0.41362428 
152.50000000 0.03305227 0.10226824 0.01811242 0.14325146 0.25659975 0.03343891 0.41327695 
153.00000000 0.03316855 0.10235455 0.01819080 0.14332442 0.25654238 0.03349641 0.41292290 
153.50000000 0.03328314 0.10244103 0.01826922 0.14339500 0.25649769 0.03355150 0.41256243 
154.00000000 0.03339468 0.10252815 0.01834714 0.14346163 0.25646845 0.03360339 0.41219656 
154.50000000 0.03350225 0.10261424 0.01842444 0.14352491 0.25645742 0.03365171 0.41182502 
155.00000000 0.03360566 0.10269625 0.01850173 0.14358867 0.25646589 0.03369658 0.41144523 
155.50000000 0.03370527 0.10277120 0.01858004 0.14365886 0.25649286 0.03373843 0.41105333 
156.00000000 0.03380160 0.10283735 0.01866033 0.14374069 0.25653551 0.03377780 0.41064673 
156.50000000 0.03389494 0.10289450 0.01874288 0.14383570 0.25659048 0.03381507 0.41022642 
157.00000000 0.03398535 0.10294358 0.01882711 0.14394066 0.25665521 0.03385052 0.40979757 
157.50000000 0.03407282 0.10298578 0.01891196 0.14404886 0.25672848 0.03388442 0.40936767 
158.00000000 0.03415770 0.10302217 0.01899646 0.14415308 0.25681020 0.03391717 0.40894321 
158.50000000 0.03424075 0.10305381 0.01908028 0.14424835 0.25690053 0.03394934 0.40852694 
159.00000000 0.03432294 0.10308223 0.01916382 0.14433326 0.25699913 0.03398154 0.40811708 
159.50000000 0.03440508 0.10310959 0.01924776 0.14440929 0.25710491 0.03401429 0.40770908 
160.00000000 0.03448752 0.10313828 0.01933250 0.14447894 0.25721630 0.03404784 0.40729862 
160.50000000 0.03457011 0.10317005 0.01941780 0.14454422 0.25733168 0.03408221 0.40688392 
161.00000000 0.03465258 0.10320515 0.01950286 0.14460633 0.25744975 0.03411733 0.40646601 
161.50000000 0.03473501 0.10324208 0.01958683 0.14466654 0.25756946 0.03415318 0.40604689 
162.00000000 0.03481814 0.10327822 0.01966942 0.14472725 0.25768975 0.03418987 0.40562735 
162.50000000 0.03490326 0.10331097 0.01975105 0.14479191 0.25780913 0.03422765 0.40520603 
163.00000000 0.03499182 0.10333875 0.01983258 0.14486366 0.25792587 0.03426668 0.40478064 
163.50000000 0.03508476 0.10336129 0.01991476 0.14494346 0.25803858 0.03430695 0.40435020 
164.00000000 0.03518220 0.10337927 0.01999768 0.14502898 0.25814710 0.03434811 0.40391666 
164.50000000 0.03528345 0.10339362 0.02008081 0.14511516 0.25825302 0.03438962 0.40348434 
165.00000000 0.03538734 0.10340502 0.02016333 0.14519633 0.25835962 0.03443084 0.40305753 
165.50000000 0.03549278 0.10341375 0.02024482 0.14526875 0.25847091 0.03447129 0.40263769 
166.00000000 0.03559908 0.10341989 0.02032559 0.14533220 0.25859035 0.03451076 0.40222214 
166.50000000 0.03570594 0.10342353 0.02040654 0.14538977 0.25871954 0.03454937 0.40180532 
167.00000000 0.03581323 0.10342478 0.02048864 0.14544617 0.25885772 0.03458752 0.40138195 
167.50000000 0.03592075 0.10342360 0.02057232 0.14550553 0.25900199 0.03462576 0.40095005 
168.00000000 0.03602820 0.10341973 0.02065720 0.14556999 0.25914818 0.03466463 0.40051207 
168.50000000 0.03613537 0.10341289 0.02074230 0.14563957 0.25929185 0.03470464 0.40007338 
169.00000000 0.03624253 0.10340324 0.02082661 0.14571305 0.25942906 0.03474621 0.39963931 
169.50000000 0.03635052 0.10339195 0.02090967 0.14578886 0.25955670 0.03478968 0.39921262 
170.00000000 0.03646059 0.10338134 0.02099174 0.14586551 0.25967251 0.03483533 0.39879297 
170.50000000 0.03657399 0.10337446 0.02107351 0.14594147 0.25977501 0.03488329 0.39837826 
171.00000000 0.03669149 0.10337433 0.02115560 0.14601497 0.25986347 0.03493355 0.39796659 
171.50000000 0.03681324 0.10338314 0.02123818 0.14608424 0.25993791 0.03498582 0.39755748 
172.00000000 0.03693881 0.10340185 0.02132092 0.14614829 0.25999916 0.03503966 0.39715130 
172.50000000 0.03706747 0.10343020 0.02140335 0.14620786 0.26004877 0.03509459 0.39674776 
173.00000000 0.03719853 0.10346695 0.02148534 0.14626586 0.26008865 0.03515026 0.39634441 
173.50000000 0.03733152 0.10351029 0.02156726 0.14632689 0.26012063 0.03520669 0.39593673 
174.00000000 0.03746624 0.10355806 0.02164988 0.14639570 0.26014604 0.03526424 0.39551984 
174.50000000 0.03760263 0.10360779 0.02173386 0.14647571 0.26016556 0.03532353 0.39509093 
175.00000000 0.03774058 0.10365676 0.02181933 0.14656808 0.26017931 0.03538516 0.39465078 
175.50000000 0.03787987 0.10370233 0.02190579 0.14667199 0.26018720 0.03544946 0.39420335 
176.00000000 0.03802020 0.10374250 0.02199243 0.14678550 0.26018940 0.03551636 0.39375362 
176.50000000 0.03816123 0.10377652 0.02207865 0.14690653 0.26018659 0.03558547 0.39330501 
177.00000000 0.03830280 0.10380509 0.02216451 0.14703343 0.26017999 0.03565626 0.39285792 
177.50000000 0.03844497 0.10383002 0.02225074 0.14716506 0.26017087 0.03572831 0.39241004 
178.00000000 0.03858812 0.10385340 0.02233835 0.14730064 0.26015992 0.03580139 0.39195816 
178.50000000 0.03873287 0.10387694 0.02242812 0.14743966 0.26014663 0.03587548 0.39150028 
179.00000000 0.03887984 0.10390169 0.02252021 0.14758190 0.26012923 0.03595057 0.39103657 
179.50000000 0.03902936 0.10392815 0.02261419 0.14772755 0.26010525 0.03602661 0.39056888 
180.00000000 0.03918134 0.10395680 0.02270940 0.14787707 0.26007252 0.03610355 0.39009933 
180.50000000 0.03933526 0.10398835 0.02280535 0.14803065 0.26002998 0.03618143 0.38962900 
181.00000000 0.03949049 0.10402377 0.02290185 0.14818748 0.25997805 0.03626053 0.38915783 
181.50000000 0.03964655 0.10406389 0.02299896 0.14834535 0.25991836 0.03634129 0.38868560 
182.00000000 0.03980331 0.10410885 0.02309660 0.14850092 0.25985300 0.03642409 0.38821323 
182.50000000 0.03996091 0.10415804 0.02319444 0.14865075 0.25978367 0.03650895 0.38774324 
183.00000000 0.04011947 0.10421051 0.02329184 0.14879254 0.25971113 0.03659534 0.38727916 
183.50000000 0.04027877 0.10426572 0.02338820 0.14892569 0.25963521 0.03668233 0.38682407 
184.00000000 0.04043820 0.10432398 0.02348324 0.14905108 0.25955529 0.03676884 0.38637937 
184.50000000 0.04059712 0.10438638 0.02357718 0.14917007 0.25947083 0.03685413 0.38594429 
185.00000000 0.04075536 0.10445414 0.02367058 0.14928361 0.25938166 0.03693800 0.38551665 
185.50000000 0.04091367 0.10452787 0.02376406 0.14939178 0.25928772 0.03702085 0.38509404 
186.00000000 0.04107363 0.10460726 0.02385788 0.14949421 0.25918869 0.03710342 0.38467491 
186.50000000 0.04123713 0.10469131 0.02395187 0.14959073 0.25908382 0.03718637 0.38425877 
187.00000000 0.04140554 0.10477899 0.02404557 0.14968184 0.25897224 0.03727010 0.38384572 
187.50000000 0.04157915 0.10486968 0.02413856 0.14976853 0.25885377 0.03735463 0.38343569 
188.00000000 0.04175711 0.10496318 0.02423072 0.14985162 0.25872956 0.03743983 0.38302797 
188.50000000 0.04193803 0.10505920 0.02432231 0.14993127 0.25860222 0.03752551 0.38262146 
189.00000000 0.04212068 0.10515672 0.02441383 0.15000709 0.25847493 0.03761156 0.38221519 
189.50000000 0.04230456 0.10525395 0.02450574 0.15007904 0.25835001 0.03769782 0.38180889 
190.00000000 0.04248974 0.10534891 0.02459831 0.15014830 0.25822765 0.03778401 0.38140308 
190.50000000 0.04267630 0.10544041 0.02469159 0.15021768 0.25810563 0.03786969 0.38099869 
191.00000000 0.04286381 0.10552867 0.02478552 0.15029093 0.25798013 0.03795445 0.38059649 
191.50000000 0.04305114 0.10561523 0.02488002 0.15037140 0.25784740 0.03803819 0.38019661 
192.00000000 0.04323702 0.10570230 0.02497507 0.15046069 0.25770522 0.03812137 0.37979833 
192.50000000 0.04342073 0.10579179 0.02507060 0.15055815 0.25755358 0.03820499 0.37940016 
193.00000000 0.04360268 0.10588471 0.02516645 0.15066155 0.25739420 0.03829026 0.37900014 
193.50000000 0.04378426 0.10598122 0.02526229 0.15076855 0.25722930 0.03837823 0.37859616 
194.00000000 0.04396715 0.10608113 0.02535776 0.15087790 0.25706027 0.03846934 0.37818645 
194.50000000 0.04415243 0.10618456 0.02545258 0.15098981 0.25688724 0.03856338 0.37777000 
195.00000000 0.04434009 0.10629215 0.02554670 0.15110507 0.25670950 0.03865967 0.37734682 
195.50000000 0.04452919 0.10640464 0.02564027 0.15122397 0.25652663 0.03875747 0.37691783 
196.00000000 0.04471877 0.10652225 0.02573359 0.15134553 0.25633906 0.03885630 0.37648450 
196.50000000 0.04490870 0.10664435 0.02582688 0.15146785 0.25614786 0.03895607 0.37604829 
197.00000000 0.04510012 0.10676974 0.02592017 0.15158901 0.25595389 0.03905703 0.37561005 
197.50000000 0.04529502 0.10689742 0.02601326 0.15170802 0.25575715 0.03915951 0.37516963 
198.00000000 0.04549518 0.10702719 0.02610579 0.15182513 0.25555698 0.03926377 0.37472596 
198.50000000 0.04570125 0.10715979 0.02619730 0.15194128 0.25535296 0.03936999 0.37427742 
199.00000000 0.04591251 0.10729624 0.02628733 0.15205719 0.25514595 0.03947832 0.37382246 
199.50000000 0.04612739 0.10743684 0.02637547 0.15217276 0.25493876 0.03958899 0.37335980 
200.00000000 0.04634449 0.10758038 0.02646140 0.15228737 0.25473579 0.03970216 0.37288841 
200.50000000 0.04656332 0.10772424 0.02654497 0.15240069 0.25454194 0.03981778 0.37240705 
201.00000000 0.04678433 0.10786527 0.02662624 0.15251371 0.25436093 0.03993534 0.37191418 
201.50000000 0.04700813 0.10800118 0.02670553 0.15262884 0.25419412 0.04005388 0.37140831 
202.00000000 0.04723469 0.10813160 0.02678334 0.15274909 0.25404027 0.04017227 0.37088874 
202.50000000 0.04746282 0.10825807 0.02686026 0.15287647 0.25389661 0.04028959 0.37035617 
203.00000000 0.04769065 0.10838327 0.02693684 0.15301072 0.25376038 0.04040552 0.36981261 
203.50000000 0.04791651 0.10850977 0.02701344 0.15314905 0.25363018 0.04052047 0.36926058 
204.00000000 0.04813977 0.10863922 0.02709024 0.15328720 0.25350627 0.04063547 0.36870184 
204.50000000 0.04836103 0.10877236 0.02716723 0.15342118 0.25339005 0.04075172 0.36813643 
205.00000000 0.04858139 0.10890954 0.02724439 0.15354872 0.25328309 0.04087022 0.36756266 
205.50000000 0.04880137 0.10905127 0.02732177 0.15366965 0.25318643 0.04099144 0.36697807 
206.00000000 0.04902016 0.10919832 0.02739953 0.15378517 0.25310058 0.04111531 0.36638093 
206.50000000 0.04923571 0.10935117 0.02747788 0.15389669 0.25302605 0.04124142 0.36577109 
207.00000000 0.04944570 0.10950923 0.02755690 0.15400516 0.25296399 0.04136921 0.36514981 
207.50000000 0.04964880 0.10967059 0.02763650 0.15411121 0.25291617 0.04149808 0.36451865 
208.00000000 0.04984539 0.10983243 0.02771642 0.15421582 0.25288418 0.04162748 0.36387828 
208.50000000 0.05003739 0.10999227 0.02779640 0.15432080 0.25286830 0.04175684 0.36322800 
209.00000000 0.05022728 0.11014914 0.02787621 0.15442849 0.25286689 0.04188561 0.36256637 
209.50000000 0.05041693 0.11030405 0.02795571 0.15454063 0.25287665 0.04201343 0.36189260 
210.00000000 0.05060702 0.11045954 0.02803471 0.15465707 0.25289366 0.04214028 0.36120772 
210.50000000 0.05079735 0.11061828 0.02811287 0.15477536 0.25291465 0.04226658 0.36051491 
211.00000000 0.05098761 0.11078179 0.02818965 0.15489148 0.25293785 0.04239309 0.35981854 
211.50000000 0.05117813 0.11094970 0.02826445 0.15500158 0.25296289 0.04252054 0.35912270 
212.00000000 0.05136990 0.11112013 0.02833686 0.15510362 0.25299015 0.04264922 0.35843011 
212.50000000 0.05156383 0.11129083 0.02840690 0.15519803 0.25301954 0.04277875 0.35774212 
213.00000000 0.05175987 0.11146034 0.02847502 0.15528703 0.25304973 0.04290818 0.35705981 
213.50000000 0.05195657 0.11162864 0.02854194 0.15537312 0.25307828 0.04303636 0.35638508 
214.00000000 0.05215153 0.11179669 0.02860825 0.15545763 0.25310264 0.04316245 0.35572081 
214.50000000 0.05234252 0.11196552 0.02867416 0.15554038 0.25312141 0.04328620 0.35506980 
215.00000000 0.05252868 0.11213536 0.02873943 0.15562032 0.25313504 0.04340798 0.35443318 
215.50000000 0.05271095 0.11230557 0.02880356 0.15569670 0.25314542 0.04352851 0.35380929 
216.00000000 0.05289161 0.11247516 0.02886610 0.15576982 0.25315486 0.04364848 0.35319398 
216.50000000 0.05307302 0.11264374 0.02892693 0.15584086 0.25316484 0.04376837 0.35258224 
217.00000000 0.05325665 0.11281199 0.02898621 0.15591092 0.25317561 0.04388842 0.35197021 
217.50000000 0.05344268 0.11298132 0.02904421 0.15598007 0.25318642 0.04400877 0.35135653 
218.00000000 0.05363066 0.11315291 0.02910105 0.15604717 0.25319661 0.04412943 0.35074218 
218.50000000 0.05382040 0.11332661 0.02915665 0.15611066 0.25320639 0.04425029 0.35012899 
219.00000000 0.05401258 0.11350059 0.02921080 0.15616999 0.25321697 0.04437097 0.34951810 
219.50000000 0.05420857 0.11367190 0.02926348 0.15622647 0.25322974 0.04449071 0.34890914 
220.00000000 0.05440960 0.11383782 0.02931493 0.15628310 0.25324507 0.04460859 0.34830089 
