0.00000000 0.00009100 0.00824756 0.00398765 0.00044719 0.21730518 0.00593771 0.76398371 
0.50000000 0.00009099 0.00824783 0.00398773 0.00044724 0.21730740 0.00593767 0.76398114 
1.00000000 0.00009097 0.00824867 0.00398797 0.00044740 0.21731422 0.00593755 0.76397321 
1.50000000 0.00009095 0.00825009 0.00398840 0.00044772 0.21732600 0.00593733 0.76395952 
2.00000000 0.00009091 0.00825215 0.00398901 0.00044825 0.21734340 0.00593697 0.76393930 
2.50000000 0.00009087 0.00825495 0.00398981 0.00044907 0.21736754 0.00593645 0.76391130 
3.00000000 0.00009085 0.00825864 0.00399083 0.00045027 0.21739972 0.00593576 0.76387394 
3.50000000 0.00009084 0.00826334 0.00399210 0.00045193 0.21744105 0.00593496 0.76382579 
4.00000000 0.00009085 0.00826914 0.00399370 0.00045416 0.21749206 0.00593410 0.76376599 
4.50000000 0.00009092 0.00827605 0.00399571 0.00045709 0.21755262 0.00593322 0.76369439 
5.00000000 0.00009104 0.00828406 0.00399815 0.00046086 0.21762233 0.00593235 0.76361122 
5.50000000 0.00009124 0.00829317 0.00400101 0.00046563 0.21770103 0.00593144 0.76351648 
6.00000000 0.00009153 0.00830345 0.00400426 0.00047159 0.21778923 0.00593044 0.76340949 
6.50000000 0.00009194 0.00831504 0.00400787 0.00047888 0.21788810 0.00592935 0.76328880 
7.00000000 0.00009248 0.00832813 0.00401187 0.00048769 0.21799892 0.00592822 0.76315269 
7.50000000 0.00009318 0.00834284 0.00401633 0.00049819 0.21812233 0.00592717 0.76299996 
8.00000000 0.00009405 0.00835923 0.00402135 0.00051059 0.21825791 0.00592634 0.76283052 
8.50000000 0.00009513 0.00837723 0.00402703 0.00052514 0.21840425 0.00592582 0.76264541 
9.00000000 0.00009644 0.00839672 0.00403339 0.00054212 0.21855969 0.00592562 0.76244602 
9.50000000 0.00009802 0.00841765 0.00404038 0.00056186 0.21872333 0.00592566 0.76223311 
10.00000000 0.00009989 0.00844007 0.00404792 0.00058464 0.21889569 0.00592584 0.76200595 
10.50000000 0.00010206 0.00846419 0.00405598 0.00061076 0.21907867 0.00592609 0.76176225 
11.00000000 0.00010457 0.00849031 0.00406456 0.00064047 0.21927470 0.00592645 0.76149894 
11.50000000 0.00010743 0.00851872 0.00407378 0.00067406 0.21948567 0.00592705 0.76121330 
12.00000000 0.00011069 0.00854960 0.00408379 0.00071183 0.21971202 0.00592805 0.76090403 
12.50000000 0.00011436 0.00858300 0.00409474 0.00075414 0.21995276 0.00592959 0.76057142 
13.00000000 0.00011851 0.00861883 0.00410666 0.00080140 0.22020631 0.00593167 0.76021662 
13.50000000 0.00012317 0.00865705 0.00411951 0.00085397 0.22047174 0.00593420 0.75984036 
14.00000000 0.00012837 0.00869771 0.00413319 0.00091217 0.22074967 0.00593703 0.75944185 
14.50000000 0.00013413 0.00874104 0.00414764 0.00097626 0.22104240 0.00594006 0.75901848 
15.00000000 0.00014045 0.00878738 0.00416287 0.00104641 0.22135297 0.00594332 0.75856659 
15.50000000 0.00014736 0.00883710 0.00417903 0.00112286 0.22168373 0.00594699 0.75808294 
16.00000000 0.00015488 0.00889045 0.00419630 0.00120587 0.22203510 0.00595131 0.75756609 
16.50000000 0.00016307 0.00894750 0.00421484 0.00129581 0.22240531 0.00595649 0.75701698 
17.00000000 0.00017198 0.00900812 0.00423470 0.00139306 0.22279129 0.00596262 0.75643823 
17.50000000 0.00018167 0.00907208 0.00425581 0.00149804 0.22319016 0.00596963 0.75583261 
18.00000000 0.00019216 0.00913924 0.00427804 0.00161103 0.22360078 0.00597736 0.75520140 
18.50000000 0.00020344 0.00920960 0.00430129 0.00173227 0.22402427 0.00598567 0.75454347 
19.00000000 0.00021552 0.00928338 0.00432557 0.00186193 0.22446333 0.00599455 0.75385573 
19.50000000 0.00022837 0.00936095 0.00435101 0.00200025 0.22492074 0.00600415 0.75313453 
20.00000000 0.00024204 0.00944262 0.00437781 0.00214761 0.22539769 0.00601472 0.75237750 
20.50000000 0.00025657 0.00952856 0.00440613 0.00230456 0.22589312 0.00602648 0.75158458 
21.00000000 0.00027206 0.00961869 0.00443600 0.00247167 0.22640427 0.00603952 0.75075779 
21.50000000 0.00028857 0.00971274 0.00446732 0.00264951 0.22692837 0.00605375 0.74989974 
22.00000000 0.00030613 0.00981042 0.00449992 0.00283847 0.22746443 0.00606892 0.74901171 
22.50000000 0.00032474 0.00991160 0.00453365 0.00303875 0.22801432 0.00608480 0.74809215 
23.00000000 0.00034435 0.01001644 0.00456850 0.00325040 0.22858241 0.00610125 0.74713666 
23.50000000 0.00036495 0.01012537 0.00460459 0.00347355 0.22917386 0.00611834 0.74613935 
24.00000000 0.00038653 0.01023893 0.00464209 0.00370850 0.22979255 0.00613626 0.74509512 
24.50000000 0.00040918 0.01035753 0.00468116 0.00395577 0.23043963 0.00615526 0.74400148 
25.00000000 0.00043298 0.01048126 0.00472178 0.00421590 0.23111342 0.00617546 0.74285919 
25.50000000 0.00045803 0.01060988 0.00476382 0.00448935 0.23181092 0.00619682 0.74167119 
26.00000000 0.00048435 0.01074293 0.00480704 0.00477625 0.23252983 0.00621915 0.74044044 
26.50000000 0.00051193 0.01088007 0.00485130 0.00507642 0.23327029 0.00624222 0.73916777 
27.00000000 0.00054068 0.01102124 0.00489657 0.00538949 0.23403516 0.00626589 0.73785096 
27.50000000 0.00057053 0.01116681 0.00494298 0.00571519 0.23482860 0.00629026 0.73648563 
28.00000000 0.00060147 0.01131739 0.00499071 0.00605362 0.23565370 0.00631560 0.73506751 
28.50000000 0.00063353 0.01147356 0.00503992 0.00640524 0.23651042 0.00634228 0.73359505 
29.00000000 0.00066684 0.01163560 0.00509059 0.00677068 0.23739500 0.00637061 0.73207068 
29.50000000 0.00070150 0.01180327 0.00514260 0.00715047 0.23830129 0.00640069 0.73050018 
30.00000000 0.00073757 0.01197601 0.00519572 0.00754477 0.23922320 0.00643243 0.72889030 
30.50000000 0.00077502 0.01215320 0.00524981 0.00795334 0.24015724 0.00646562 0.72724576 
31.00000000 0.00081377 0.01233455 0.00530487 0.00837569 0.24110359 0.00650011 0.72556742 
31.50000000 0.00085370 0.01252025 0.00536103 0.00881152 0.24206517 0.00653594 0.72385239 
32.00000000 0.00089478 0.01271099 0.00541847 0.00926097 0.24304515 0.00657334 0.72209631 
32.50000000 0.00093706 0.01290753 0.00547733 0.00972470 0.24404437 0.00661263 0.72029636 
33.00000000 0.00098068 0.01311039 0.00553755 0.01020361 0.24506016 0.00665412 0.71845349 
33.50000000 0.00102577 0.01331948 0.00559895 0.01069838 0.24608709 0.00669785 0.71657248 
34.00000000 0.00107241 0.01353416 0.00566125 0.01120919 0.24711938 0.00674366 0.71465995 
34.50000000 0.00112058 0.01375359 0.00572427 0.01173552 0.24815374 0.00679120 0.71272110 
35.00000000 0.00117016 0.01397716 0.00578796 0.01227646 0.24919095 0.00684014 0.71075717 
35.50000000 0.00122102 0.01420483 0.00585240 0.01283117 0.25023536 0.00689034 0.70876488 
36.00000000 0.00127307 0.01443719 0.00591774 0.01339933 0.25129249 0.00694187 0.70673831 
36.50000000 0.00132630 0.01467511 0.00598405 0.01398132 0.25236601 0.00699501 0.70467221 
37.00000000 0.00138083 0.01491923 0.00605123 0.01457793 0.25345573 0.00705002 0.70256504 
37.50000000 0.00143678 0.01516956 0.00611907 0.01518981 0.25455774 0.00710700 0.70042004 
38.00000000 0.00149422 0.01542543 0.00618735 0.01581702 0.25566633 0.00716583 0.69824382 
38.50000000 0.00155312 0.01568578 0.00625590 0.01645883 0.25677703 0.00722618 0.69604316 
39.00000000 0.00161335 0.01594967 0.00632477 0.01711394 0.25788886 0.00728773 0.69382168 
39.50000000 0.00167471 0.01621676 0.00639412 0.01778110 0.25900466 0.00735034 0.69157831 
40.00000000 0.00173707 0.01648741 0.00646413 0.01845978 0.26012906 0.00741415 0.68930839 
40.50000000 0.00180039 0.01676245 0.00653494 0.01915043 0.26126549 0.00747953 0.68700678 
41.00000000 0.00186475 0.01704264 0.00660650 0.01985423 0.26241365 0.00754690 0.68467135 
41.50000000 0.00193030 0.01732816 0.00667866 0.02057243 0.26356906 0.00761653 0.68230486 
42.00000000 0.00199718 0.01761848 0.00675125 0.02130565 0.26472469 0.00768841 0.67991433 
42.50000000 0.00206542 0.01791250 0.00682419 0.02205354 0.26587408 0.00776226 0.67750801 
43.00000000 0.00213492 0.01820907 0.00689753 0.02281489 0.26701418 0.00783774 0.67509166 
43.50000000 0.00220551 0.01850754 0.00697141 0.02358834 0.26814640 0.00791464 0.67266616 
44.00000000 0.00227705 0.01880802 0.00704597 0.02437317 0.26927514 0.00799302 0.67022763 
44.50000000 0.00234949 0.01911131 0.00712121 0.02516984 0.27040482 0.00807320 0.66777014 
45.00000000 0.00242293 0.01941834 0.00719698 0.02597975 0.27153706 0.00815556 0.66528938 
45.50000000 0.00249755 0.01972962 0.00727303 0.02680454 0.27266949 0.00824035 0.66278541 
46.00000000 0.00257354 0.02004493 0.00734908 0.02764508 0.27379679 0.00832748 0.66026309 
46.50000000 0.00265099 0.02036331 0.00742495 0.02850087 0.27491341 0.00841656 0.65772991 
47.00000000 0.00272983 0.02068357 0.00750061 0.02937005 0.27601651 0.00850710 0.65519232 
47.50000000 0.00280990 0.02100488 0.00757609 0.03025020 0.27710750 0.00859876 0.65265266 
48.00000000 0.00289103 0.02132714 0.00765144 0.03113952 0.27819115 0.00869150 0.65010822 
48.50000000 0.00297310 0.02165107 0.00772658 0.03203767 0.27927290 0.00878561 0.64755308 
49.00000000 0.00305614 0.02197771 0.00780132 0.03294582 0.28035587 0.00888152 0.64498162 
49.50000000 0.00314027 0.02230783 0.00787540 0.03386576 0.28143914 0.00897958 0.64239203 
50.00000000 0.00322562 0.02264149 0.00794860 0.03479865 0.28251801 0.00907980 0.63978784 
50.50000000 0.00331225 0.02297800 0.00802084 0.03574401 0.28358621 0.00918188 0.63717682 
51.00000000 0.00340015 0.02331627 0.00809217 0.03669959 0.28463891 0.00928537 0.63456754 
51.50000000 0.00348919 0.02365536 0.00816276 0.03766232 0.28567484 0.00938996 0.63196557 
52.00000000 0.00357919 0.02399500 0.00823271 0.03862984 0.28669624 0.00949571 0.62937130 
52.50000000 0.00367004 0.02433575 0.00830204 0.03960174 0.28770672 0.00960304 0.62678067 
53.00000000 0.00376170 0.02467869 0.00837064 0.04057971 0.28870846 0.00971256 0.62418824 
53.50000000 0.00385425 0.02502494 0.00843837 0.04156652 0.28970015 0.00982475 0.62159103 
54.00000000 0.00394782 0.02537509 0.00850512 0.04256429 0.29067684 0.00993974 0.61899111 
54.50000000 0.00404258 0.02572902 0.00857093 0.04357310 0.29163176 0.01005719 0.61639541 
55.00000000 0.00413866 0.02608604 0.00863594 0.04459069 0.29255930 0.01017653 0.61381284 
55.50000000 0.00423607 0.02644526 0.00870034 0.04561348 0.29345740 0.01029728 0.61125016 
56.00000000 0.00433476 0.02680619 0.00876424 0.04663841 0.29432802 0.01041932 0.60870905 
56.50000000 0.00443458 0.02716904 0.00882761 0.04766459 0.29517537 0.01054296 0.60618583 
57.00000000 0.00453544 0.02753470 0.00889030 0.04869367 0.29600319 0.01066873 0.60367398 
57.50000000 0.00463729 0.02790431 0.00895209 0.04972870 0.29681249 0.01079701 0.60116811 
58.00000000 0.00474019 0.02827867 0.00901287 0.05077217 0.29760099 0.01092781 0.59866732 
58.50000000 0.00484427 0.02865788 0.00907261 0.05182420 0.29836433 0.01106060 0.59617611 
59.00000000 0.00494968 0.02904125 0.00913143 0.05288202 0.29909861 0.01119461 0.59370239 
59.50000000 0.00505651 0.02942762 0.00918945 0.05394100 0.29980270 0.01132915 0.59125357 
60.00000000 0.00516469 0.02981585 0.00924670 0.05499682 0.30047890 0.01146398 0.58883306 
60.50000000 0.00527402 0.03020542 0.00930307 0.05604756 0.30113160 0.01159937 0.58643896 
61.00000000 0.00538422 0.03059651 0.00935836 0.05709451 0.30176495 0.01173595 0.58406551 
61.50000000 0.00549503 0.03098984 0.00941231 0.05814117 0.30238066 0.01187428 0.58170672 
62.00000000 0.00560632 0.03138613 0.00946480 0.05919096 0.30297721 0.01201453 0.57936004 
62.50000000 0.00571815 0.03178560 0.00951586 0.06024502 0.30355067 0.01215634 0.57702836 
63.00000000 0.00583070 0.03218774 0.00956564 0.06130117 0.30409678 0.01229904 0.57471894 
63.50000000 0.00594414 0.03259138 0.00961430 0.06235487 0.30461315 0.01244204 0.57244011 
64.00000000 0.00605852 0.03299519 0.00966193 0.06340151 0.30510026 0.01258522 0.57019738 
64.50000000 0.00617366 0.03339825 0.00970845 0.06443900 0.30556057 0.01272904 0.56799104 
65.00000000 0.00628924 0.03380057 0.00975367 0.06546894 0.30599663 0.01287435 0.56581661 
65.50000000 0.00640491 0.03420301 0.00979740 0.06649581 0.30640927 0.01302198 0.56366761 
66.00000000 0.00652050 0.03460690 0.00983960 0.06752448 0.30679683 0.01317229 0.56153941 
66.50000000 0.00663606 0.03501331 0.00988040 0.06855750 0.30715581 0.01332499 0.55943192 
67.00000000 0.00675188 0.03542263 0.00992005 0.06959363 0.30748263 0.01347936 0.55734982 
67.50000000 0.00686831 0.03583428 0.00995882 0.07062849 0.30777544 0.01363463 0.55530003 
68.00000000 0.00698553 0.03624719 0.00999683 0.07165691 0.30803492 0.01379049 0.55328813 
68.50000000 0.00710348 0.03666049 0.01003403 0.07267586 0.30826352 0.01394722 0.55131540 
69.00000000 0.00722185 0.03707417 0.01007023 0.07368609 0.30846390 0.01410557 0.54937819 
69.50000000 0.00734024 0.03748923 0.01010530 0.07469168 0.30863752 0.01426627 0.54746977 
70.00000000 0.00745834 0.03790722 0.01013923 0.07569761 0.30878430 0.01442957 0.54558373 
70.50000000 0.00757607 0.03832945 0.01017222 0.07670687 0.30890310 0.01459504 0.54371726 
71.00000000 0.00769365 0.03875632 0.01020456 0.07771844 0.30899286 0.01476172 0.54187245 
71.50000000 0.00781142 0.03918708 0.01023650 0.07872763 0.30905364 0.01492861 0.54005512 
72.00000000 0.00792967 0.03962023 0.01026811 0.07972833 0.30908682 0.01509517 0.53827166 
72.50000000 0.00804846 0.04005432 0.01029924 0.08071623 0.30909444 0.01526158 0.53652573 
73.00000000 0.00816755 0.04048866 0.01032962 0.08169100 0.30907821 0.01542858 0.53481638 
73.50000000 0.00828647 0.04092358 0.01035902 0.08265638 0.30903891 0.01559702 0.53313862 
74.00000000 0.00840473 0.04135995 0.01038738 0.08361800 0.30897649 0.01576736 0.53148610 
74.50000000 0.00852208 0.04179847 0.01041485 0.08458015 0.30889049 0.01593937 0.52985460 
75.00000000 0.00863863 0.04223914 0.01044166 0.08554342 0.30878058 0.01611222 0.52824435 
75.50000000 0.00875484 0.04268100 0.01046800 0.08650434 0.30864683 0.01628497 0.52666001 
76.00000000 0.00887125 0.04312259 0.01049384 0.08745741 0.30848963 0.01645709 0.52510819 
76.50000000 0.00898822 0.04356259 0.01051893 0.08839829 0.30830927 0.01662877 0.52359393 
77.00000000 0.00910572 0.04400052 0.01054294 0.08932639 0.30810558 0.01680082 0.52211803 
77.50000000 0.00922334 0.04443690 0.01056561 0.09024530 0.30787803 0.01697427 0.52067655 
78.00000000 0.00934049 0.04487281 0.01058692 0.09116092 0.30762626 0.01714977 0.51926284 
78.50000000 0.00945676 0.04530931 0.01060709 0.09207822 0.30735052 0.01732720 0.51787089 
79.00000000 0.00957213 0.04574683 0.01062647 0.09299849 0.30705189 0.01750579 0.51649840 
79.50000000 0.00968703 0.04618508 0.01064532 0.09391856 0.30673192 0.01768445 0.51514765 
80.00000000 0.00980207 0.04662331 0.01066372 0.09483240 0.30639213 0.01786241 0.51382396 
80.50000000 0.00991769 0.04706091 0.01068151 0.09573427 0.30603343 0.01803960 0.51253259 
81.00000000 0.01003388 0.04749784 0.01069847 0.09662148 0.30565602 0.01821662 0.51127569 
81.50000000 0.01015010 0.04793474 0.01071447 0.09749547 0.30525980 0.01839441 0.51005101 
82.00000000 0.01026551 0.04837247 0.01072962 0.09836051 0.30484539 0.01857361 0.50885288 
82.50000000 0.01037933 0.04881157 0.01074426 0.09922086 0.30441468 0.01875421 0.50767509 
83.00000000 0.01049119 0.04925191 0.01075883 0.10007792 0.30397065 0.01893541 0.50651408 
83.50000000 0.01060130 0.04969269 0.01077365 0.10092902 0.30351655 0.01911610 0.50537069 
84.00000000 0.01071020 0.05013288 0.01078878 0.10176844 0.30305474 0.01929536 0.50424961 
84.50000000 0.01081845 0.05057160 0.01080406 0.10259017 0.30258599 0.01947296 0.50315676 
85.00000000 0.01092621 0.05100847 0.01081920 0.10339087 0.30210959 0.01964945 0.50209621 
85.50000000 0.01103311 0.05144352 0.01083396 0.10417137 0.30162430 0.01982582 0.50106792 
86.00000000 0.01113837 0.05187677 0.01084836 0.10493607 0.30112968 0.02000294 0.50006781 
86.50000000 0.01124119 0.05230791 0.01086259 0.10569047 0.30062684 0.02018108 0.49908993 
87.00000000 0.01134115 0.05273614 0.01087693 0.10643831 0.30011808 0.02035976 0.49812964 
87.50000000 0.01143846 0.05316047 0.01089155 0.10717970 0.29960571 0.02053802 0.49718609 
88.00000000 0.01153383 0.05358011 0.01090636 0.10791146 0.29909075 0.02071501 0.49626248 
88.50000000 0.01162811 0.05399476 0.01092107 0.10862922 0.29857221 0.02089041 0.49536422 
89.00000000 0.01172182 0.05440468 0.01093525 0.10933021 0.29804741 0.02106469 0.49449594 
89.50000000 0.01181490 0.05481047 0.01094860 0.11001510 0.29751318 0.02123885 0.49365890 
90.00000000 0.01190683 0.05521270 0.01096105 0.11068798 0.29696734 0.02141387 0.49285024 
90.50000000 0.01199691 0.05561150 0.01097277 0.11135454 0.29640963 0.02159022 0.49206443 
91.00000000 0.01208471 0.05600665 0.01098407 0.11201935 0.29584156 0.02176759 0.49129608 
91.50000000 0.01217035 0.05639782 0.01099515 0.11268379 0.29526526 0.02194509 0.49054255 
92.00000000 0.01225444 0.05678500 0.01100604 0.11334566 0.29468215 0.02212168 0.48980502 
92.50000000 0.01233779 0.05716869 0.01101657 0.11400062 0.29409204 0.02229678 0.48908751 
93.00000000 0.01242095 0.05754981 0.01102650 0.11464464 0.29349317 0.02247049 0.48839443 
93.50000000 0.01250395 0.05792937 0.01103567 0.11527611 0.29288326 0.02264355 0.48772809 
94.00000000 0.01258633 0.05830793 0.01104420 0.11589662 0.29226087 0.02281682 0.48708723 
94.50000000 0.01266742 0.05868529 0.01105239 0.11651000 0.29162651 0.02299081 0.48646759 
95.00000000 0.01274669 0.05906058 0.01106066 0.11712017 0.29098262 0.02316528 0.48586399 
95.50000000 0.01282407 0.05943281 0.01106934 0.11772893 0.29033260 0.02333932 0.48527293 
96.00000000 0.01290002 0.05980141 0.01107853 0.11833487 0.28967925 0.02351177 0.48469414 
96.50000000 0.01297527 0.06016659 0.01108814 0.11893398 0.28902372 0.02368181 0.48413050 
97.00000000 0.01305044 0.06052910 0.01109798 0.11952170 0.28836525 0.02384926 0.48358626 
97.50000000 0.01312580 0.06088975 0.01110795 0.12009514 0.28770201 0.02401470 0.48306466 
98.00000000 0.01320119 0.06124871 0.01111812 0.12065451 0.28703238 0.02417901 0.48256608 
98.50000000 0.01327617 0.06160521 0.01112873 0.12120298 0.28635617 0.02434286 0.48208788 
99.00000000 0.01335033 0.06195774 0.01114010 0.12174497 0.28567479 0.02450632 0.48162575 
99.50000000 0.01342361 0.06230485 0.01115243 0.12228386 0.28499057 0.02466874 0.48117594 
100.00000000 0.01349635 0.06264592 0.01116572 0.12282021 0.28430555 0.02482916 0.48073709 
100.50000000 0.01356922 0.06298153 0.01117978 0.12335164 0.28362047 0.02498677 0.48031061 
101.00000000 0.01364279 0.06331308 0.01119436 0.12387423 0.28293451 0.02514139 0.47989964 
101.50000000 0.01371736 0.06364204 0.01120930 0.12438466 0.28224582 0.02529361 0.47950720 
102.00000000 0.01379278 0.06396912 0.01122461 0.12488204 0.28155250 0.02544445 0.47913450 
102.50000000 0.01386858 0.06429377 0.01124047 0.12536840 0.28085356 0.02559490 0.47878032 
103.00000000 0.01394424 0.06461457 0.01125711 0.12584763 0.28014940 0.02574540 0.47844164 
103.50000000 0.01401941 0.06493001 0.01127469 0.12632335 0.27944158 0.02589569 0.47811527 
104.00000000 0.01409410 0.06523949 0.01129319 0.12679687 0.27873205 0.02604500 0.47779930 
104.50000000 0.01416857 0.06554372 0.01131248 0.12726637 0.27802241 0.02619257 0.47749388 
105.00000000 0.01424310 0.06584435 0.01133237 0.12772779 0.27731336 0.02633811 0.47720094 
105.50000000 0.01431776 0.06614307 0.01135277 0.12817673 0.27660462 0.02648201 0.47692304 
106.00000000 0.01439235 0.06644064 0.01137377 0.12861058 0.27589533 0.02662520 0.47666213 
106.50000000 0.01446640 0.06673638 0.01139560 0.12902972 0.27518464 0.02676862 0.47641864 
107.00000000 0.01453940 0.06702839 0.01141852 0.12943709 0.27447233 0.02691278 0.47619150 
107.50000000 0.01461099 0.06731454 0.01144266 0.12983644 0.27375905 0.02705744 0.47597888 
108.00000000 0.01468112 0.06759357 0.01146799 0.13023011 0.27304616 0.02720180 0.47577926 
108.50000000 0.01475003 0.06786576 0.01149431 0.13061765 0.27233519 0.02734486 0.47559220 
109.00000000 0.01481811 0.06813264 0.01152140 0.13099606 0.27162719 0.02748601 0.47541859 
109.50000000 0.01488567 0.06839612 0.01154912 0.13136141 0.27092229 0.02762527 0.47526013 
110.00000000 0.01495283 0.06865728 0.01157749 0.13171108 0.27021946 0.02776323 0.47511862 
110.50000000 0.01501949 0.06891577 0.01160667 0.13204530 0.26951690 0.02790068 0.47499519 
111.00000000 0.01508543 0.06916981 0.01163681 0.13236728 0.26881265 0.02803812 0.47488990 
111.50000000 0.01515050 0.06941725 0.01166791 0.13268173 0.26810533 0.02817541 0.47480188 
112.00000000 0.01521477 0.06965673 0.01169982 0.13299251 0.26739458 0.02831186 0.47472974 
112.50000000 0.01527857 0.06988850 0.01173222 0.13330094 0.26668106 0.02844657 0.47467214 
113.00000000 0.01534237 0.07011438 0.01176479 0.13360545 0.26596598 0.02857887 0.47462815 
113.50000000 0.01540653 0.07033674 0.01179738 0.13390280 0.26525032 0.02870871 0.47459752 
114.00000000 0.01547121 0.07055730 0.01183002 0.13419015 0.26453410 0.02883660 0.47458062 
114.50000000 0.01553631 0.07077624 0.01186291 0.13446690 0.26381612 0.02896336 0.47457816 
115.00000000 0.01560159 0.07099212 0.01189630 0.13473522 0.26309440 0.02908963 0.47459074 
115.50000000 0.01566682 0.07120272 0.01193029 0.13499904 0.26236715 0.02921557 0.47461841 
116.00000000 0.01573194 0.07140624 0.01196480 0.13526200 0.26163381 0.02934079 0.47466043 
116.50000000 0.01579710 0.07160233 0.01199962 0.13552552 0.26089558 0.02946455 0.47471530 
117.00000000 0.01586255 0.07179219 0.01203458 0.13578810 0.26015515 0.02958621 0.47478123 
117.50000000 0.01592847 0.07197778 0.01206964 0.13604606 0.25941563 0.02970555 0.47485686 
118.00000000 0.01599486 0.07216073 0.01210502 0.13629554 0.25867915 0.02982286 0.47494183 
118.50000000 0.01606151 0.07234129 0.01214111 0.13653441 0.25794592 0.02993872 0.47503704 
119.00000000 0.01612812 0.07251809 0.01217827 0.13676342 0.25721426 0.03005367 0.47514418 
119.50000000 0.01619441 0.07268879 0.01221669 0.13698557 0.25648171 0.03016788 0.47526496 
120.00000000 0.01626030 0.07285123 0.01225635 0.13720435 0.25574664 0.03028098 0.47540015 
120.50000000 0.01632592 0.07300457 0.01229703 0.13742168 0.25500940 0.03039227 0.47554913 
121.00000000 0.01639157 0.07314963 0.01233849 0.13763673 0.25427253 0.03050101 0.47571004 
121.50000000 0.01645746 0.07328837 0.01238067 0.13784637 0.25353969 0.03060678 0.47588065 
122.00000000 0.01652369 0.07342276 0.01242371 0.13804684 0.25281391 0.03070960 0.47605949 
122.50000000 0.01659010 0.07355374 0.01246790 0.13823576 0.25209606 0.03080988 0.47624655 
123.00000000 0.01665645 0.07368067 0.01251349 0.13841348 0.25138446 0.03090815 0.47644331 
123.50000000 0.01672253 0.07380175 0.01256054 0.13858284 0.25067585 0.03100471 0.47665179 
124.00000000 0.01678831 0.07391502 0.01260887 0.13874758 0.24996733 0.03109951 0.47687338 
124.50000000 0.01685400 0.07401951 0.01265812 0.13891024 0.24925816 0.03119220 0.47710776 
125.00000000 0.01691992 0.07411574 0.01270792 0.13907087 0.24855041 0.03128233 0.47735281 
125.50000000 0.01698631 0.07420533 0.01275807 0.13922706 0.24784822 0.03136965 0.47760537 
126.00000000 0.01705320 0.07429013 0.01280860 0.13937542 0.24715568 0.03145429 0.47786269 
126.50000000 0.01712040 0.07437113 0.01285974 0.13951345 0.24647479 0.03153675 0.47812374 
127.00000000 0.01718764 0.07444798 0.01291172 0.13964105 0.24580434 0.03161772 0.47838955 
127.50000000 0.01725477 0.07451911 0.01296465 0.13976059 0.24514051 0.03169776 0.47866261 
128.00000000 0.01732186 0.07458259 0.01301841 0.13987563 0.24447894 0.03177720 0.47894537 
128.50000000 0.01738921 0.07463710 0.01307270 0.13998910 0.24381703 0.03185600 0.47923885 
129.00000000 0.01745715 0.07468253 0.01312725 0.14010181 0.24315542 0.03193395 0.47954190 
129.50000000 0.01752590 0.07471986 0.01318191 0.14021228 0.24249753 0.03201082 0.47985170 
130.00000000 0.01759540 0.07475060 0.01323679 0.14031780 0.24184763 0.03208659 0.48016520 
130.50000000 0.01766540 0.07477591 0.01329221 0.14041612 0.24120818 0.03216150 0.48048069 
131.00000000 0.01773561 0.07479606 0.01334851 0.14050700 0.24057815 0.03223592 0.48079875 
131.50000000 0.01780586 0.07481035 0.01340590 0.14059251 0.23995319 0.03231021 0.48112197 
132.00000000 0.01787618 0.07481755 0.01346433 0.14067616 0.23932760 0.03238455 0.48145362 
132.50000000 0.01794673 0.07481673 0.01352353 0.14076115 0.23869712 0.03245884 0.48179590 
133.00000000 0.01801764 0.07480786 0.01358319 0.14084891 0.23806097 0.03253274 0.48214870 
133.50000000 0.01808888 0.07479192 0.01364310 0.14093864 0.23742210 0.03260581 0.48250955 
134.00000000 0.01816015 0.07477052 0.01370330 0.14102805 0.23678543 0.03267773 0.48287481 
134.50000000 0.01823097 0.07474524 0.01376405 0.14111483 0.23615503 0.03274834 0.48324153 
135.00000000 0.01830090 0.07471699 0.01382565 0.14119807 0.23553178 0.03281771 0.48360890 
135.50000000 0.01836963 0.07468575 0.01388828 0.14127883 0.23491291 0.03288605 0.48397856 
136.00000000 0.01843714 0.07465081 0.01395189 0.14135947 0.23429348 0.03295358 0.48435364 
136.50000000 0.01850360 0.07461140 0.01401619 0.14144231 0.23366925 0.03302040 0.48473686 
137.00000000 0.01856922 0.07456719 0.01408085 0.14152824 0.23303916 0.03308646 0.48512888 
137.50000000 0.01863410 0.07451857 0.01414565 0.14161625 0.23240623 0.03315159 0.48552762 
138.00000000 0.01869810 0.07446644 0.01421062 0.14170384 0.23177622 0.03321559 0.48592920 
138.50000000 0.01876095 0.07441173 0.01427604 0.14178834 0.23115477 0.03327836 0.48632981 
139.00000000 0.01882245 0.07435496 0.01434228 0.14186806 0.23054459 0.03333999 0.48672766 
139.50000000 0.01888267 0.07429597 0.01440958 0.14194299 0.22994419 0.03340081 0.48712378 
140.00000000 0.01894198 0.07423405 0.01447798 0.14201444 0.22934887 0.03346127 0.48752143 
140.50000000 0.01900101 0.07416831 0.01454724 0.14208404 0.22875342 0.03352178 0.48792420 
141.00000000 0.01906037 0.07409810 0.01461707 0.14215271 0.22815511 0.03358262 0.48833402 
141.50000000 0.01912045 0.07402324 0.01468726 0.14222007 0.22755527 0.03364379 0.48874992 
142.00000000 0.01918133 0.07394394 0.01475787 0.14228472 0.22695857 0.03370509 0.48916848 
142.50000000 0.01924284 0.07386065 0.01482915 0.14234504 0.22637042 0.03376621 0.48958569 
143.00000000 0.01930480 0.07377377 0.01490148 0.14240011 0.22579389 0.03382696 0.48999899 
143.50000000 0.01936722 0.07368351 0.01497508 0.14245023 0.22522795 0.03388737 0.49040864 
144.00000000 0.01943036 0.07358985 0.01504992 0.14249677 0.22466794 0.03394769 0.49081746 
144.50000000 0.01949464 0.07349273 0.01512573 0.14254152 0.22410801 0.03400826 0.49122911 
145.00000000 0.01956044 0.07339219 0.01520211 0.14258585 0.22354420 0.03406931 0.49164590 
145.50000000 0.01962783 0.07328844 0.01527877 0.14263034 0.22297656 0.03413079 0.49206727 
146.00000000 0.01969652 0.07318187 0.01535566 0.14267470 0.22240899 0.03419237 0.49248989 
146.50000000 0.01976593 0.07307298 0.01543296 0.14271825 0.22184703 0.03425354 0.49290929 
147.00000000 0.01983546 0.07296239 0.01551096 0.14276039 0.22129482 0.03431390 0.49332208 
147.50000000 0.01990470 0.07285073 0.01558982 0.14280098 0.22075292 0.03437332 0.49372753 
148.00000000 0.01997363 0.07273872 0.01566945 0.14284034 0.22021821 0.03443202 0.49412763 
148.50000000 0.02004247 0.07262713 0.01574952 0.14287901 0.21968573 0.03449050 0.49452565 
149.00000000 0.02011152 0.07251662 0.01582960 0.14291739 0.21915161 0.03454923 0.49492402 
149.50000000 0.02018092 0.07240769 0.01590940 0.14295558 0.21861529 0.03460847 0.49532264 
150.00000000 0.02025044 0.07230045 0.01598889 0.14299335 0.21807997 0.03466812 0.49571877 
150.50000000 0.02031965 0.07219476 0.01606832 0.14303020 0.21755090 0.03472784 0.49610834 
151.00000000 0.02038806 0.07209040 0.01614807 0.14306553 0.21703262 0.03478724 0.49648807 
151.50000000 0.02045549 0.07198738 0.01622846 0.14309869 0.21652672 0.03484620 0.49685706 
152.00000000 0.02052215 0.07188606 0.01630953 0.14312915 0.21603116 0.03490498 0.49721697 
152.50000000 0.02058861 0.07178707 0.01639107 0.14315653 0.21554169 0.03496413 0.49757089 
153.00000000 0.02065550 0.07169104 0.01647275 0.14318082 0.21505428 0.03502426 0.49792135 
153.50000000 0.02072325 0.07159811 0.01655436 0.14320242 0.21456739 0.03508574 0.49826874 
154.00000000 0.02079187 0.07150774 0.01663595 0.14322216 0.21408279 0.03514848 0.49861100 
154.50000000 0.02086104 0.07141877 0.01671791 0.14324100 0.21360447 0.03521204 0.49894476 
155.00000000 0.02093033 0.07132994 0.01680073 0.14325965 0.21313641 0.03527583 0.49926711 
155.50000000 0.02099948 0.07124049 0.01688480 0.14327824 0.21268046 0.03533944 0.49957710 
156.00000000 0.02106854 0.07115059 0.01697015 0.14329631 0.21223553 0.03540287 0.49987601 
156.50000000 0.02113785 0.07106123 0.01705648 0.14331316 0.21179836 0.03546654 0.50016639 
157.00000000 0.02120775 0.07097369 0.01714329 0.14332848 0.21136539 0.03553098 0.50045042 
157.50000000 0.02127839 0.07088885 0.01723020 0.14334280 0.21093471 0.03559656 0.50072849 
158.00000000 0.02134953 0.07080664 0.01731718 0.14335751 0.21050702 0.03566322 0.50099890 
158.50000000 0.02142063 0.07072613 0.01740449 0.14337430 0.21008518 0.03573053 0.50125874 
159.00000000 0.02149108 0.07064615 0.01749258 0.14339430 0.20967265 0.03579787 0.50150537 
159.50000000 0.02156042 0.07056616 0.01758174 0.14341737 0.20927181 0.03586480 0.50173771 
160.00000000 0.02162854 0.07048679 0.01767189 0.14344199 0.20888297 0.03593132 0.50195650 
160.50000000 0.02169566 0.07040984 0.01776254 0.14346598 0.20850457 0.03599789 0.50216353 
161.00000000 0.02176212 0.07033747 0.01785304 0.14348754 0.20813426 0.03606519 0.50236038 
161.50000000 0.02182822 0.07027125 0.01794290 0.14350620 0.20777039 0.03613379 0.50254725 
162.00000000 0.02189404 0.07021134 0.01803203 0.14352304 0.20741305 0.03620383 0.50272267 
162.50000000 0.02195945 0.07015650 0.01812077 0.14353994 0.20706414 0.03627503 0.50288417 
163.00000000 0.02202425 0.07010476 0.01820969 0.14355842 0.20672648 0.03634683 0.50302957 
163.50000000 0.02208842 0.07005457 0.01829920 0.14357858 0.20640251 0.03641878 0.50315794 
164.00000000 0.02215218 0.07000563 0.01838930 0.14359882 0.20609334 0.03649079 0.50326996 
164.50000000 0.02221600 0.06995893 0.01847954 0.14361663 0.20579836 0.03656323 0.50336730 
165.00000000 0.02228047 0.06991608 0.01856927 0.14363000 0.20551589 0.03663674 0.50345155 
165.50000000 0.02234606 0.06987815 0.01865798 0.14363864 0.20524408 0.03671186 0.50352322 
166.00000000 0.02241302 0.06984474 0.01874563 0.14364441 0.20498203 0.03678872 0.50358146 
166.50000000 0.02248139 0.06981387 0.01883264 0.14365049 0.20473011 0.03686693 0.50362456 
167.00000000 0.02255106 0.06978273 0.01891971 0.14365992 0.20448966 0.03694582 0.50365109 
167.50000000 0.02262198 0.06974900 0.01900736 0.14367404 0.20426219 0.03702472 0.50366071 
168.00000000 0.02269419 0.06971191 0.01909566 0.14369196 0.20404852 0.03710331 0.50365445 
168.50000000 0.02276783 0.06967250 0.01918414 0.14371132 0.20384829 0.03718178 0.50363415 
169.00000000 0.02284302 0.06963295 0.01927205 0.14372983 0.20366006 0.03726062 0.50360148 
169.50000000 0.02291977 0.06959523 0.01935877 0.14374698 0.20348191 0.03734032 0.50355702 
170.00000000 0.02299793 0.06956001 0.01944414 0.14376461 0.20331222 0.03742105 0.50350005 
170.50000000 0.02307723 0.06952627 0.01952852 0.14378619 0.20315031 0.03750251 0.50342898 
171.00000000 0.02315738 0.06949198 0.01961254 0.14381502 0.20299659 0.03758413 0.50334235 
171.50000000 0.02323817 0.06945547 0.01969674 0.14385246 0.20285223 0.03766532 0.50323961 
172.00000000 0.02331947 0.06941654 0.01978119 0.14389711 0.20271852 0.03774586 0.50312131 
172.50000000 0.02340125 0.06937688 0.01986541 0.14394562 0.20259625 0.03782598 0.50298860 
173.00000000 0.02348344 0.06933932 0.01994864 0.14399452 0.20248540 0.03790629 0.50284238 
173.50000000 0.02356590 0.06930648 0.02003022 0.14404219 0.20238521 0.03798751 0.50268249 
174.00000000 0.02364846 0.06927947 0.02010993 0.14408976 0.20229484 0.03807005 0.50250751 
174.50000000 0.02373096 0.06925741 0.02018811 0.14414034 0.20221400 0.03815394 0.50231525 
175.00000000 0.02381337 0.06923804 0.02026545 0.14419717 0.20214344 0.03823886 0.50210368 
175.50000000 0.02389578 0.06921904 0.02034258 0.14426156 0.20208488 0.03832438 0.50187178 
176.00000000 0.02397837 0.06919936 0.02041974 0.14433195 0.20204046 0.03841029 0.50161983 
176.50000000 0.02406130 0.06917972 0.02049662 0.14440459 0.20201199 0.03849674 0.50134905 
177.00000000 0.02414456 0.06916203 0.02057256 0.14447549 0.20200037 0.03858423 0.50106076 
177.50000000 0.02422803 0.06914814 0.02064696 0.14454257 0.20200544 0.03867336 0.50075551 
178.00000000 0.02431151 0.06913850 0.02071958 0.14460673 0.20202643 0.03876448 0.50043277 
178.50000000 0.02439488 0.06913171 0.02079074 0.14467124 0.20206265 0.03885755 0.50009123 
179.00000000 0.02447819 0.06912501 0.02086110 0.14473979 0.20211407 0.03895210 0.49972973 
179.50000000 0.02456162 0.06911571 0.02093132 0.14481426 0.20218140 0.03904750 0.49934817 
180.00000000 0.02464536 0.06910254 0.02100168 0.14489355 0.20226570 0.03914324 0.49894793 
180.50000000 0.02472947 0.06908620 0.02107196 0.14497404 0.20236766 0.03923910 0.49853156 
181.00000000 0.02481374 0.06906889 0.02114155 0.14505164 0.20248704 0.03933528 0.49810185 
181.50000000 0.02489773 0.06905294 0.02120987 0.14512404 0.20262249 0.03943215 0.49766078 
182.00000000 0.02498100 0.06903948 0.02127667 0.14519205 0.20277195 0.03952998 0.49720887 
182.50000000 0.02506325 0.06902785 0.02134220 0.14525919 0.20293346 0.03962874 0.49674531 
183.00000000 0.02514447 0.06901608 0.02140708 0.14532969 0.20310580 0.03972810 0.49626879 
183.50000000 0.02522485 0.06900219 0.02147193 0.14540612 0.20328879 0.03982752 0.49577859 
184.00000000 0.02530466 0.06898554 0.02153711 0.14548796 0.20348288 0.03992657 0.49527528 
184.50000000 0.02538400 0.06896734 0.02160247 0.14557193 0.20368850 0.04002511 0.49476065 
185.00000000 0.02546268 0.06895005 0.02166756 0.14565397 0.20390539 0.04012342 0.49423694 
185.50000000 0.02554031 0.06893609 0.02173185 0.14573165 0.20413248 0.04022202 0.49370560 
186.00000000 0.02561647 0.06892649 0.02179511 0.14580565 0.20436828 0.04032148 0.49316651 
186.50000000 0.02569099 0.06892030 0.02185751 0.14587955 0.20461170 0.04042213 0.49261782 
187.00000000 0.02576402 0.06891522 0.02191950 0.14595785 0.20486258 0.04052401 0.49205681 
187.50000000 0.02583599 0.06890884 0.02198161 0.14604357 0.20512177 0.04062691 0.49148131 
188.00000000 0.02590738 0.06890006 0.02204405 0.14613668 0.20539050 0.04073058 0.49089076 
188.50000000 0.02597849 0.06888954 0.02210667 0.14623419 0.20566960 0.04083492 0.49028658 
189.00000000 0.02604926 0.06887924 0.02216900 0.14633200 0.20595894 0.04094016 0.48967139 
189.50000000 0.02611934 0.06887107 0.02223050 0.14642730 0.20625746 0.04104671 0.48904762 
190.00000000 0.02618832 0.06886562 0.02229084 0.14652023 0.20656377 0.04115506 0.48841617 
190.50000000 0.02625599 0.06886169 0.02235003 0.14661388 0.20687694 0.04126547 0.48777599 
191.00000000 0.02632248 0.06885689 0.02240837 0.14671266 0.20719689 0.04137792 0.48712480 
191.50000000 0.02638818 0.06884892 0.02246616 0.14681991 0.20752409 0.04149205 0.48646068 
192.00000000 0.02645352 0.06883694 0.02252357 0.14693618 0.20785886 0.04160736 0.48578357 
192.50000000 0.02651873 0.06882202 0.02258045 0.14705905 0.20820062 0.04172342 0.48509571 
193.00000000 0.02658365 0.06880662 0.02263643 0.14718466 0.20854774 0.04184001 0.48440089 
193.50000000 0.02664780 0.06879318 0.02269115 0.14731005 0.20889794 0.04195717 0.48370271 
194.00000000 0.02671065 0.06878287 0.02274443 0.14743497 0.20924910 0.04207511 0.48300287 
194.50000000 0.02677190 0.06877505 0.02279637 0.14756218 0.20960009 0.04219397 0.48230044 
195.00000000 0.02683164 0.06876778 0.02284730 0.14769609 0.20995089 0.04231371 0.48159258 
195.50000000 0.02689033 0.06875918 0.02289755 0.14784037 0.21030218 0.04243404 0.48087635 
196.00000000 0.02694852 0.06874863 0.02294732 0.14799611 0.21065443 0.04255455 0.48015043 
196.50000000 0.02700661 0.06873734 0.02299661 0.14816130 0.21100731 0.04267485 0.47941598 
197.00000000 0.02706465 0.06872773 0.02304523 0.14833205 0.21135962 0.04279481 0.47867591 
197.50000000 0.02712240 0.06872220 0.02309302 0.14850479 0.21170993 0.04291457 0.47793310 
198.00000000 0.02717953 0.06872176 0.02313997 0.14867822 0.21205738 0.04303453 0.47718860 
198.50000000 0.02723593 0.06872558 0.02318621 0.14885391 0.21240240 0.04315516 0.47644082 
199.00000000 0.02729191 0.06873143 0.02323198 0.14903517 0.21274659 0.04327679 0.47568614 
199.50000000 0.02734809 0.06873701 0.02327746 0.14922503 0.21309199 0.04339954 0.47492089 
200.00000000 0.02740521 0.06874120 0.02332266 0.14942432 0.21343998 0.04352328 0.47414336 
200.50000000 0.02746382 0.06874471 0.02336744 0.14963094 0.21379051 0.04364778 0.47335480 
201.00000000 0.02752404 0.06874962 0.02341157 0.14984083 0.21414222 0.04377291 0.47255881 
201.50000000 0.02758561 0.06875817 0.02345488 0.15004988 0.21449321 0.04389873 0.47175951 
202.00000000 0.02764811 0.06877148 0.02349736 0.15025595 0.21484215 0.04402552 0.47095944 
202.50000000 0.02771125 0.06878892 0.02353910 0.15045965 0.21518906 0.04415362 0.47015841 
203.00000000 0.02777508 0.06880847 0.02358021 0.15066376 0.21553521 0.04428332 0.46935395 
203.50000000 0.02783997 0.06882790 0.02362071 0.15087144 0.21588215 0.04441461 0.46854323 
204.00000000 0.02790638 0.06884608 0.02366046 0.15108433 0.21623039 0.04454721 0.46772515 
204.50000000 0.02797458 0.06886372 0.02369926 0.15130161 0.21657867 0.04468061 0.46690155 
205.00000000 0.02804444 0.06888306 0.02373697 0.15152042 0.21692421 0.04481429 0.46607660 
205.50000000 0.02811551 0.06890668 0.02377365 0.15173751 0.21726388 0.04494794 0.46525484 
206.00000000 0.02818719 0.06893617 0.02380955 0.15195110 0.21759568 0.04508152 0.46443879 
206.50000000 0.02825904 0.06897135 0.02384502 0.15216202 0.21791968 0.04521521 0.46362768 
207.00000000 0.02833101 0.06901041 0.02388030 0.15237338 0.21823782 0.04534923 0.46281785 
207.50000000 0.02840336 0.06905100 0.02391544 0.15258914 0.21855261 0.04548369 0.46200477 
208.00000000 0.02847649 0.06909156 0.02395025 0.15281219 0.21886550 0.04561841 0.46118560 
208.50000000 0.02855069 0.06913216 0.02398452 0.15304306 0.21917590 0.04575306 0.46036061 
209.00000000 0.02862593 0.06917444 0.02401816 0.15327997 0.21948148 0.04588724 0.45953279 
209.50000000 0.02870192 0.06922053 0.02405136 0.15352006 0.21977959 0.04602076 0.45870577 
210.00000000 0.02877828 0.06927181 0.02408452 0.15376126 0.22006897 0.04615380 0.45788137 
210.50000000 0.02885474 0.06932793 0.02411801 0.15400356 0.22035079 0.04628679 0.45705816 
211.00000000 0.02893137 0.06938694 0.02415198 0.15424919 0.22062823 0.04642036 0.45623194 
211.50000000 0.02900845 0.06944610 0.02418619 0.15450146 0.22090481 0.04655500 0.45539798 
212.00000000 0.02908638 0.06950330 0.02422011 0.15476307 0.22118242 0.04669094 0.45455378 
212.50000000 0.02916542 0.06955802 0.02425318 0.15503461 0.22146006 0.04682806 0.45370066 
213.00000000 0.02924557 0.06961148 0.02428509 0.15531424 0.22173434 0.04696606 0.45284322 
213.50000000 0.02932665 0.06966579 0.02431595 0.15559861 0.22200129 0.04710466 0.45198705 
214.00000000 0.02940835 0.06972269 0.02434619 0.15588453 0.22225853 0.04724383 0.45113588 
214.50000000 0.02949047 0.06978256 0.02437621 0.15617046 0.22250657 0.04738383 0.45028991 
215.00000000 0.02957297 0.06984417 0.02440611 0.15645713 0.22274835 0.04752508 0.44944620 
215.50000000 0.02965598 0.06990540 0.02443556 0.15674690 0.22298735 0.04766789 0.44860092 
216.00000000 0.02973963 0.06996450 0.02446388 0.15704227 0.22322521 0.04781227 0.44775223 
216.50000000 0.02982395 0.07002111 0.02449048 0.15734429 0.22346042 0.04795777 0.44690198 
217.00000000 0.02990878 0.07007659 0.02451515 0.15765179 0.22368886 0.04810368 0.44605515 
217.50000000 0.02999385 0.07013332 0.02453826 0.15796187 0.22390604 0.04824926 0.44521739 
218.00000000 0.03007887 0.07019354 0.02456060 0.15827122 0.22410963 0.04839407 0.44439207 
218.50000000 0.03016365 0.07025822 0.02458299 0.15857774 0.22430088 0.04853809 0.44357844 
219.00000000 0.03024812 0.07032670 0.02460589 0.15888151 0.22448411 0.04868161 0.44277205 
219.50000000 0.03033233 0.07039722 0.02462921 0.15918464 0.22466442 0.04882494 0.44196724 
220.00000000 0.03041633 0.07046793 0.02465246 0.15948996 0.22484496 0.04896815 0.44116021 
