0.00000000 1.00000000 0.00000000 0.00000000 0.00000000 0.00000000 0.00000000 0.00000000 
0.50000000 0.99992827 0.00006822 0.00000027 0.00000031 0.00000040 0.00000166 0.00000087 
1.00000000 0.99971312 0.00027284 0.00000108 0.00000124 0.00000159 0.00000666 0.00000348 
1.50000000 0.99935471 0.00061370 0.00000243 0.00000278 0.00000359 0.00001497 0.00000782 
2.00000000 0.99885327 0.00109057 0.00000433 0.00000495 0.00000638 0.00002661 0.00001389 
2.50000000 0.99820915 0.00170310 0.00000681 0.00000774 0.00000998 0.00004154 0.00002168 
3.00000000 0.99742278 0.00245087 0.00000987 0.00001115 0.00001439 0.00005977 0.00003119 
3.50000000 0.99649468 0.00333333 0.00001353 0.00001519 0.00001960 0.00008127 0.00004240 
4.00000000 0.99542548 0.00434987 0.00001782 0.00001986 0.00002564 0.00010603 0.00005529 
4.50000000 0.99421590 0.00549977 0.00002277 0.00002517 0.00003251 0.00013402 0.00006987 
5.00000000 0.99286673 0.00678222 0.00002841 0.00003113 0.00004021 0.00016521 0.00008610 
5.50000000 0.99137888 0.00819632 0.00003478 0.00003773 0.00004875 0.00019958 0.00010396 
6.00000000 0.98975334 0.00974109 0.00004191 0.00004498 0.00005814 0.00023710 0.00012345 
6.50000000 0.98799118 0.01141545 0.00004984 0.00005289 0.00006839 0.00027772 0.00014453 
7.00000000 0.98609355 0.01321824 0.00005862 0.00006147 0.00007952 0.00032143 0.00016718 
7.50000000 0.98406169 0.01514822 0.00006830 0.00007072 0.00009153 0.00036816 0.00019137 
8.00000000 0.98189693 0.01720407 0.00007893 0.00008066 0.00010444 0.00041789 0.00021708 
8.50000000 0.97960068 0.01938437 0.00009056 0.00009128 0.00011826 0.00047057 0.00024428 
9.00000000 0.97717443 0.02168764 0.00010325 0.00010261 0.00013300 0.00052614 0.00027294 
9.50000000 0.97461976 0.02411228 0.00011705 0.00011464 0.00014868 0.00058457 0.00030302 
10.00000000 0.97193835 0.02665663 0.00013203 0.00012740 0.00016531 0.00064579 0.00033449 
10.50000000 0.96913195 0.02931894 0.00014825 0.00014088 0.00018291 0.00070975 0.00036731 
11.00000000 0.96620239 0.03209738 0.00016578 0.00015510 0.00020150 0.00077640 0.00040145 
11.50000000 0.96315157 0.03499004 0.00018469 0.00017008 0.00022109 0.00084567 0.00043687 
12.00000000 0.95998149 0.03799495 0.00020504 0.00018581 0.00024169 0.00091750 0.00047352 
12.50000000 0.95669419 0.04111005 0.00022691 0.00020232 0.00026333 0.00099183 0.00051138 
13.00000000 0.95329181 0.04433322 0.00025037 0.00021961 0.00028602 0.00106858 0.00055039 
13.50000000 0.94977655 0.04766228 0.00027549 0.00023770 0.00030978 0.00114769 0.00059051 
14.00000000 0.94615069 0.05109494 0.00030235 0.00025660 0.00033463 0.00122909 0.00063170 
14.50000000 0.94241656 0.05462888 0.00033102 0.00027632 0.00036059 0.00131271 0.00067391 
15.00000000 0.93857656 0.05826175 0.00036159 0.00029687 0.00038767 0.00139846 0.00071710 
15.50000000 0.93463309 0.06199111 0.00039412 0.00031827 0.00041590 0.00148628 0.00076122 
16.00000000 0.93058862 0.06581454 0.00042871 0.00034053 0.00044530 0.00157608 0.00080623 
16.50000000 0.92644565 0.06972954 0.00046541 0.00036366 0.00047587 0.00166779 0.00085207 
17.00000000 0.92220672 0.07373361 0.00050432 0.00038768 0.00050765 0.00176133 0.00089870 
17.50000000 0.91787440 0.07782418 0.00054551 0.00041259 0.00054064 0.00185661 0.00094607 
18.00000000 0.91345131 0.08199865 0.00058905 0.00043841 0.00057487 0.00195357 0.00099414 
18.50000000 0.90894011 0.08625440 0.00063502 0.00046516 0.00061036 0.00205211 0.00104284 
19.00000000 0.90434350 0.09058874 0.00068350 0.00049284 0.00064712 0.00215216 0.00109215 
19.50000000 0.89966420 0.09499898 0.00073455 0.00052148 0.00068517 0.00225363 0.00114199 
20.00000000 0.89490495 0.09948240 0.00078826 0.00055107 0.00072454 0.00235644 0.00119234 
20.50000000 0.89006855 0.10403624 0.00084470 0.00058164 0.00076523 0.00246051 0.00124314 
21.00000000 0.88515781 0.10865773 0.00090392 0.00061320 0.00080726 0.00256575 0.00129433 
21.50000000 0.88017562 0.11334401 0.00096601 0.00064576 0.00085064 0.00267208 0.00134588 
22.00000000 0.87512490 0.11809220 0.00103102 0.00067934 0.00089540 0.00277941 0.00139773 
22.50000000 0.87000863 0.12289937 0.00109903 0.00071393 0.00094155 0.00288765 0.00144983 
23.00000000 0.86482984 0.12776254 0.00117010 0.00074957 0.00098911 0.00299672 0.00150213 
23.50000000 0.85959158 0.13267870 0.00124428 0.00078625 0.00103808 0.00310652 0.00155459 
24.00000000 0.85429692 0.13764484 0.00132164 0.00082399 0.00108849 0.00321697 0.00160716 
24.50000000 0.84894891 0.14265795 0.00140224 0.00086279 0.00114034 0.00332797 0.00165979 
25.00000000 0.84355066 0.14771502 0.00148613 0.00090267 0.00119365 0.00343944 0.00171243 
25.50000000 0.83810525 0.15281301 0.00157336 0.00094364 0.00124843 0.00355128 0.00176504 
26.00000000 0.83261580 0.15794887 0.00166398 0.00098569 0.00130468 0.00366341 0.00181758 
26.50000000 0.82708542 0.16311957 0.00175803 0.00102884 0.00136243 0.00377572 0.00186999 
27.00000000 0.82151723 0.16832205 0.00185556 0.00107309 0.00142169 0.00388813 0.00192224 
27.50000000 0.81591431 0.17355334 0.00195661 0.00111845 0.00148246 0.00400055 0.00197427 
28.00000000 0.81027967 0.17881047 0.00206122 0.00116492 0.00154476 0.00411290 0.00202606 
28.50000000 0.80461630 0.18409055 0.00216941 0.00121251 0.00160858 0.00422508 0.00207757 
29.00000000 0.79892712 0.18939075 0.00228122 0.00126121 0.00167394 0.00433702 0.00212874 
29.50000000 0.79321504 0.19470823 0.00239668 0.00131102 0.00174084 0.00444863 0.00217956 
30.00000000 0.78748296 0.20004020 0.00251580 0.00136195 0.00180928 0.00455982 0.00222998 
30.50000000 0.78173377 0.20538385 0.00263861 0.00141400 0.00187928 0.00467053 0.00227996 
31.00000000 0.77597032 0.21073642 0.00276512 0.00146716 0.00195083 0.00478066 0.00232948 
31.50000000 0.77019545 0.21609517 0.00289535 0.00152143 0.00202395 0.00489015 0.00237850 
32.00000000 0.76441196 0.22145738 0.00302930 0.00157682 0.00209862 0.00499893 0.00242699 
32.50000000 0.75862264 0.22682038 0.00316699 0.00163331 0.00217485 0.00510691 0.00247493 
33.00000000 0.75283024 0.23218152 0.00330840 0.00169090 0.00225263 0.00521403 0.00252228 
33.50000000 0.74703753 0.23753811 0.00345355 0.00174958 0.00233196 0.00532023 0.00256903 
34.00000000 0.74124732 0.24288748 0.00360243 0.00180934 0.00241284 0.00542544 0.00261515 
34.50000000 0.73546242 0.24822691 0.00375504 0.00187019 0.00249526 0.00552958 0.00266060 
35.00000000 0.72968562 0.25355372 0.00391136 0.00193210 0.00257922 0.00563260 0.00270538 
35.50000000 0.72391972 0.25886524 0.00407137 0.00199508 0.00266472 0.00573441 0.00274945 
36.00000000 0.71816744 0.26415886 0.00423506 0.00205911 0.00275174 0.00583498 0.00279281 
36.50000000 0.71243150 0.26943199 0.00440239 0.00212417 0.00284029 0.00593423 0.00283543 
37.00000000 0.70671454 0.27468210 0.00457335 0.00219026 0.00293034 0.00603210 0.00287731 
37.50000000 0.70101922 0.27990666 0.00474789 0.00225735 0.00302189 0.00612856 0.00291842 
38.00000000 0.69534812 0.28510321 0.00492600 0.00232542 0.00311493 0.00622354 0.00295876 
38.50000000 0.68970378 0.29026934 0.00510764 0.00239447 0.00320946 0.00631700 0.00299832 
39.00000000 0.68408862 0.29540276 0.00529276 0.00246447 0.00330545 0.00640887 0.00303707 
39.50000000 0.67850496 0.30050126 0.00548131 0.00253541 0.00340291 0.00649911 0.00307503 
40.00000000 0.67295502 0.30556278 0.00567325 0.00260726 0.00350182 0.00658769 0.00311218 
40.50000000 0.66744089 0.31058534 0.00586851 0.00268000 0.00360217 0.00667457 0.00314852 
41.00000000 0.66196462 0.31556702 0.00606705 0.00275361 0.00370393 0.00675972 0.00318405 
41.50000000 0.65652819 0.32050597 0.00626880 0.00282805 0.00380710 0.00684311 0.00321878 
42.00000000 0.65113352 0.32540037 0.00647372 0.00290331 0.00391165 0.00692471 0.00325271 
42.50000000 0.64578247 0.33024850 0.00668174 0.00297936 0.00401757 0.00700452 0.00328583 
43.00000000 0.64047679 0.33504872 0.00689281 0.00305618 0.00412485 0.00708249 0.00331816 
43.50000000 0.63521818 0.33979946 0.00710686 0.00313374 0.00423346 0.00715861 0.00334969 
44.00000000 0.63000827 0.34449923 0.00732382 0.00321200 0.00434338 0.00723286 0.00338043 
44.50000000 0.62484867 0.34914654 0.00754360 0.00329096 0.00445460 0.00730524 0.00341040 
45.00000000 0.61974100 0.35373987 0.00776614 0.00337057 0.00456708 0.00737573 0.00343961 
45.50000000 0.61468695 0.35827768 0.00799136 0.00345080 0.00468079 0.00744434 0.00346808 
46.00000000 0.60968818 0.36275840 0.00821920 0.00353163 0.00479570 0.00751106 0.00349582 
46.50000000 0.60474638 0.36718048 0.00844960 0.00361302 0.00491181 0.00757589 0.00352283 
47.00000000 0.59986318 0.37154240 0.00868246 0.00369494 0.00502907 0.00763881 0.00354914 
47.50000000 0.59504013 0.37584274 0.00891772 0.00377737 0.00514747 0.00769982 0.00357475 
48.00000000 0.59027874 0.38008013 0.00915528 0.00386027 0.00526698 0.00775891 0.00359969 
48.50000000 0.58558047 0.38425324 0.00939505 0.00394360 0.00538757 0.00781609 0.00362397 
49.00000000 0.58094678 0.38836075 0.00963694 0.00402733 0.00550921 0.00787135 0.00364763 
49.50000000 0.57637910 0.39240136 0.00988086 0.00411143 0.00563186 0.00792472 0.00367067 
50.00000000 0.57187881 0.39637378 0.01012674 0.00419585 0.00575551 0.00797620 0.00369313 
50.50000000 0.56744721 0.40027683 0.01037449 0.00428055 0.00588011 0.00802580 0.00371501 
51.00000000 0.56308548 0.40410947 0.01062403 0.00436549 0.00600566 0.00807353 0.00373635 
51.50000000 0.55879460 0.40787084 0.01087526 0.00445065 0.00613213 0.00811938 0.00375715 
52.00000000 0.55457540 0.41156023 0.01112809 0.00453597 0.00625949 0.00816336 0.00377745 
52.50000000 0.55042860 0.41517706 0.01138242 0.00462142 0.00638771 0.00820551 0.00379728 
53.00000000 0.54635486 0.41872080 0.01163813 0.00470696 0.00651676 0.00824584 0.00381666 
53.50000000 0.54235481 0.42219091 0.01189514 0.00479253 0.00664660 0.00828438 0.00383562 
54.00000000 0.53842902 0.42558690 0.01215337 0.00487811 0.00677721 0.00832118 0.00385420 
54.50000000 0.53457805 0.42890831 0.01241275 0.00496365 0.00690856 0.00835627 0.00387241 
55.00000000 0.53080234 0.43215479 0.01267320 0.00504911 0.00704061 0.00838967 0.00389028 
55.50000000 0.52710223 0.43532609 0.01293464 0.00513446 0.00717334 0.00842140 0.00390785 
56.00000000 0.52347798 0.43842206 0.01319697 0.00521966 0.00730671 0.00845149 0.00392513 
56.50000000 0.51992981 0.44144256 0.01346010 0.00530468 0.00744069 0.00847999 0.00394217 
57.00000000 0.51645798 0.44438744 0.01372393 0.00538947 0.00757524 0.00850694 0.00395900 
57.50000000 0.51306280 0.44725645 0.01398840 0.00547400 0.00771031 0.00853238 0.00397565 
58.00000000 0.50974466 0.45004926 0.01425343 0.00555824 0.00784587 0.00855638 0.00399216 
58.50000000 0.50650398 0.45276550 0.01451896 0.00564215 0.00798188 0.00857898 0.00400855 
59.00000000 0.50334116 0.45540484 0.01478494 0.00572570 0.00811830 0.00860022 0.00402484 
59.50000000 0.50025653 0.45796703 0.01505128 0.00580885 0.00825510 0.00862012 0.00404108 
60.00000000 0.49725033 0.46045192 0.01531791 0.00589158 0.00839224 0.00863873 0.00405729 
60.50000000 0.49432269 0.46285945 0.01558473 0.00597386 0.00852969 0.00865609 0.00407349 
61.00000000 0.49147376 0.46518957 0.01585165 0.00605565 0.00866740 0.00867224 0.00408973 
61.50000000 0.48870365 0.46744225 0.01611858 0.00613691 0.00880533 0.00868724 0.00410604 
62.00000000 0.48601249 0.46961739 0.01638547 0.00621761 0.00894345 0.00870116 0.00412244 
62.50000000 0.48340039 0.47171495 0.01665223 0.00629772 0.00908171 0.00871404 0.00413895 
63.00000000 0.48086734 0.47373500 0.01691883 0.00637720 0.00922011 0.00872593 0.00415560 
63.50000000 0.47841321 0.47567773 0.01718517 0.00645603 0.00935859 0.00873686 0.00417242 
64.00000000 0.47603770 0.47754352 0.01745118 0.00653417 0.00949713 0.00874687 0.00418943 
64.50000000 0.47374036 0.47933292 0.01771676 0.00661159 0.00963571 0.00875602 0.00420665 
65.00000000 0.47152069 0.48104650 0.01798182 0.00668827 0.00977428 0.00876434 0.00422411 
65.50000000 0.46937814 0.48268485 0.01824627 0.00676418 0.00991280 0.00877192 0.00424184 
66.00000000 0.46731223 0.48424851 0.01851005 0.00683928 0.01005124 0.00877881 0.00425987 
66.50000000 0.46532248 0.48573800 0.01877312 0.00691355 0.01018958 0.00878508 0.00427821 
67.00000000 0.46340839 0.48715381 0.01903541 0.00698698 0.01032776 0.00879078 0.00429688 
67.50000000 0.46156946 0.48849650 0.01929688 0.00705954 0.01046577 0.00879595 0.00431590 
68.00000000 0.45980510 0.48976670 0.01955747 0.00713122 0.01060357 0.00880064 0.00433530 
68.50000000 0.45811469 0.49096510 0.01981710 0.00720200 0.01074111 0.00880491 0.00435509 
69.00000000 0.45649761 0.49209234 0.02007570 0.00727187 0.01087838 0.00880879 0.00437531 
69.50000000 0.45495330 0.49314905 0.02033320 0.00734081 0.01101531 0.00881236 0.00439597 
70.00000000 0.45348130 0.49413569 0.02058953 0.00740882 0.01115187 0.00881569 0.00441710 
70.50000000 0.45208123 0.49505264 0.02084468 0.00747588 0.01128803 0.00881883 0.00443871 
71.00000000 0.45075277 0.49590024 0.02109860 0.00754197 0.01142375 0.00882184 0.00446083 
71.50000000 0.44949562 0.49667882 0.02135126 0.00760710 0.01155898 0.00882476 0.00448346 
72.00000000 0.44830939 0.49738879 0.02160260 0.00767126 0.01169372 0.00882762 0.00450662 
72.50000000 0.44719363 0.49803066 0.02185254 0.00773444 0.01182791 0.00883047 0.00453034 
73.00000000 0.44614781 0.49860503 0.02210102 0.00779664 0.01196154 0.00883334 0.00455462 
73.50000000 0.44517136 0.49911250 0.02234796 0.00785784 0.01209456 0.00883629 0.00457949 
74.00000000 0.44426373 0.49955366 0.02259328 0.00791804 0.01222695 0.00883938 0.00460496 
74.50000000 0.44342436 0.49992907 0.02283695 0.00797723 0.01235869 0.00884266 0.00463105 
75.00000000 0.44265272 0.50023930 0.02307892 0.00803541 0.01248974 0.00884617 0.00465775 
75.50000000 0.44194818 0.50048496 0.02331916 0.00809257 0.01262008 0.00884996 0.00468508 
76.00000000 0.44131003 0.50066683 0.02355762 0.00814873 0.01274971 0.00885405 0.00471305 
76.50000000 0.44073740 0.50078580 0.02379421 0.00820387 0.01287859 0.00885846 0.00474167 
77.00000000 0.44022931 0.50084290 0.02402888 0.00825802 0.01300671 0.00886325 0.00477094 
77.50000000 0.43978472 0.50083920 0.02426154 0.00831116 0.01313404 0.00886845 0.00480089 
78.00000000 0.43940261 0.50077573 0.02449216 0.00836331 0.01326056 0.00887412 0.00483151 
78.50000000 0.43908201 0.50065345 0.02472070 0.00841448 0.01338625 0.00888030 0.00486280 
79.00000000 0.43882201 0.50047323 0.02494716 0.00846469 0.01351107 0.00888706 0.00489477 
79.50000000 0.43862171 0.50023595 0.02517154 0.00851394 0.01363502 0.00889442 0.00492743 
80.00000000 0.43848021 0.49994248 0.02539381 0.00856227 0.01375805 0.00890241 0.00496077 
80.50000000 0.43839654 0.49959379 0.02561397 0.00860969 0.01388016 0.00891105 0.00499480 
81.00000000 0.43836971 0.49919087 0.02583198 0.00865623 0.01400130 0.00892039 0.00502952 
81.50000000 0.43839871 0.49873472 0.02604782 0.00870190 0.01412146 0.00893045 0.00506493 
82.00000000 0.43848264 0.49822621 0.02626148 0.00874674 0.01424059 0.00894129 0.00510104 
82.50000000 0.43862069 0.49766612 0.02647297 0.00879076 0.01435867 0.00895295 0.00513783 
83.00000000 0.43881215 0.49705510 0.02668231 0.00883398 0.01447567 0.00896547 0.00517531 
83.50000000 0.43905636 0.49639374 0.02688954 0.00887644 0.01459156 0.00897887 0.00521348 
84.00000000 0.43935267 0.49568270 0.02709466 0.00891816 0.01470631 0.00899318 0.00525233 
84.50000000 0.43970030 0.49492270 0.02729767 0.00895916 0.01481990 0.00900841 0.00529186 
85.00000000 0.44009844 0.49411459 0.02749857 0.00899946 0.01493230 0.00902458 0.00533206 
85.50000000 0.44054618 0.49325925 0.02769733 0.00903909 0.01504350 0.00904171 0.00537294 
86.00000000 0.44104266 0.49235756 0.02789394 0.00907806 0.01515347 0.00905983 0.00541449 
86.50000000 0.44158706 0.49141029 0.02808840 0.00911640 0.01526218 0.00907898 0.00545669 
87.00000000 0.44217859 0.49041821 0.02828072 0.00915413 0.01536961 0.00909919 0.00549954 
87.50000000 0.44281648 0.48938204 0.02847094 0.00919127 0.01547576 0.00912048 0.00554304 
88.00000000 0.44349987 0.48830261 0.02865904 0.00922784 0.01558059 0.00914286 0.00558718 
88.50000000 0.44422780 0.48718087 0.02884504 0.00926389 0.01568410 0.00916634 0.00563196 
89.00000000 0.44499920 0.48601790 0.02902891 0.00929942 0.01578628 0.00919094 0.00567736 
89.50000000 0.44581292 0.48481482 0.02921063 0.00933447 0.01588711 0.00921667 0.00572339 
90.00000000 0.44666786 0.48357271 0.02939020 0.00936907 0.01598657 0.00924356 0.00577002 
90.50000000 0.44756301 0.48229256 0.02956762 0.00940326 0.01608464 0.00927166 0.00581726 
91.00000000 0.44849742 0.48097524 0.02974292 0.00943706 0.01618130 0.00930098 0.00586509 
91.50000000 0.44947021 0.47962155 0.02991614 0.00947052 0.01627654 0.00933155 0.00591350 
92.00000000 0.45048050 0.47823234 0.03008730 0.00950367 0.01637033 0.00936339 0.00596248 
92.50000000 0.45152730 0.47680852 0.03025644 0.00953655 0.01646265 0.00939651 0.00601203 
93.00000000 0.45260961 0.47535106 0.03042356 0.00956921 0.01655350 0.00943092 0.00606214 
93.50000000 0.45372639 0.47386097 0.03058867 0.00960168 0.01664284 0.00946665 0.00611280 
94.00000000 0.45487670 0.47233914 0.03075180 0.00963399 0.01673067 0.00950370 0.00616400 
94.50000000 0.45605973 0.47078633 0.03091296 0.00966620 0.01681695 0.00954212 0.00621571 
95.00000000 0.45727478 0.46920317 0.03107221 0.00969833 0.01690167 0.00958191 0.00626794 
95.50000000 0.45852121 0.46759022 0.03122957 0.00973042 0.01698482 0.00962310 0.00632066 
96.00000000 0.45979836 0.46594810 0.03138511 0.00976250 0.01706638 0.00966568 0.00637387 
96.50000000 0.46110548 0.46427751 0.03153883 0.00979463 0.01714634 0.00970966 0.00642756 
97.00000000 0.46244170 0.46257929 0.03169075 0.00982681 0.01722470 0.00975503 0.00648172 
97.50000000 0.46380615 0.46085431 0.03184087 0.00985909 0.01730146 0.00980178 0.00653633 
98.00000000 0.46519797 0.45910342 0.03198920 0.00989150 0.01737661 0.00984991 0.00659139 
98.50000000 0.46661639 0.45732735 0.03213574 0.00992406 0.01745015 0.00989943 0.00664688 
99.00000000 0.46806073 0.45552675 0.03228051 0.00995681 0.01752208 0.00995034 0.00670278 
99.50000000 0.46953032 0.45370225 0.03242353 0.00998977 0.01759240 0.01000264 0.00675909 
100.00000000 0.47102439 0.45185457 0.03256483 0.01002299 0.01766111 0.01005631 0.00681579 
100.50000000 0.47254204 0.44998460 0.03270440 0.01005650 0.01772823 0.01011135 0.00687289 
101.00000000 0.47408221 0.44809335 0.03284225 0.01009031 0.01779377 0.01016773 0.00693037 
101.50000000 0.47564382 0.44618191 0.03297839 0.01012448 0.01785773 0.01022544 0.00698822 
102.00000000 0.47722580 0.44425133 0.03311281 0.01015903 0.01792012 0.01028448 0.00704643 
102.50000000 0.47882719 0.44230251 0.03324553 0.01019400 0.01798094 0.01034485 0.00710499 
103.00000000 0.48044713 0.44033626 0.03337656 0.01022943 0.01804019 0.01040655 0.00716388 
103.50000000 0.48208482 0.43835333 0.03350593 0.01026535 0.01809787 0.01046960 0.00722311 
104.00000000 0.48373939 0.43635450 0.03363369 0.01030180 0.01815398 0.01053398 0.00728265 
104.50000000 0.48540988 0.43434070 0.03375985 0.01033883 0.01820854 0.01059968 0.00734252 
105.00000000 0.48709522 0.43231293 0.03388445 0.01037646 0.01826155 0.01066670 0.00740269 
105.50000000 0.48879434 0.43027223 0.03400751 0.01041472 0.01831300 0.01073502 0.00746317 
106.00000000 0.49050627 0.42821953 0.03412905 0.01045364 0.01836291 0.01080465 0.00752394 
106.50000000 0.49223019 0.42615559 0.03424911 0.01049326 0.01841127 0.01087559 0.00758500 
107.00000000 0.49396545 0.42408101 0.03436771 0.01053359 0.01845809 0.01094784 0.00764632 
107.50000000 0.49571151 0.42199627 0.03448490 0.01057465 0.01850337 0.01102140 0.00770791 
108.00000000 0.49746777 0.41990190 0.03460071 0.01061647 0.01854712 0.01109627 0.00776976 
108.50000000 0.49923357 0.41779854 0.03471517 0.01065907 0.01858936 0.01117242 0.00783186 
109.00000000 0.50100811 0.41568695 0.03482833 0.01070245 0.01863011 0.01124983 0.00789421 
109.50000000 0.50279058 0.41356794 0.03494018 0.01074663 0.01866938 0.01132849 0.00795680 
110.00000000 0.50458020 0.41144225 0.03505077 0.01079161 0.01870720 0.01140837 0.00801962 
110.50000000 0.50637635 0.40931046 0.03516011 0.01083740 0.01874358 0.01148946 0.00808264 
111.00000000 0.50817856 0.40717303 0.03526823 0.01088401 0.01877855 0.01157175 0.00814588 
111.50000000 0.50998636 0.40503038 0.03537516 0.01093144 0.01881212 0.01165524 0.00820931 
112.00000000 0.51179926 0.40288297 0.03548092 0.01097972 0.01884432 0.01173989 0.00827293 
112.50000000 0.51361657 0.40073146 0.03558553 0.01102884 0.01887519 0.01182568 0.00833673 
113.00000000 0.51543746 0.39857665 0.03568901 0.01107883 0.01890475 0.01191259 0.00840072 
113.50000000 0.51726097 0.39641948 0.03579138 0.01112967 0.01893305 0.01200058 0.00846487 
114.00000000 0.51908618 0.39426083 0.03589267 0.01118140 0.01896009 0.01208965 0.00852917 
114.50000000 0.52091228 0.39210148 0.03599291 0.01123402 0.01898591 0.01217977 0.00859363 
115.00000000 0.52273857 0.38994206 0.03609213 0.01128754 0.01901053 0.01227095 0.00865822 
115.50000000 0.52456442 0.38778314 0.03619037 0.01134197 0.01903396 0.01236319 0.00872295 
116.00000000 0.52638916 0.38562533 0.03628767 0.01139732 0.01905625 0.01245647 0.00878780 
116.50000000 0.52821199 0.38346937 0.03638406 0.01145361 0.01907741 0.01255078 0.00885278 
117.00000000 0.53003198 0.38131615 0.03647957 0.01151084 0.01909748 0.01264610 0.00891787 
117.50000000 0.53184814 0.37916661 0.03657426 0.01156902 0.01911649 0.01274241 0.00898307 
118.00000000 0.53365955 0.37702161 0.03666816 0.01162814 0.01913447 0.01283970 0.00904838 
118.50000000 0.53546544 0.37488185 0.03676133 0.01168820 0.01915143 0.01293797 0.00911378 
119.00000000 0.53726525 0.37274784 0.03685384 0.01174919 0.01916740 0.01303720 0.00917927 
119.50000000 0.53905856 0.37061994 0.03694574 0.01181110 0.01918242 0.01313740 0.00924484 
120.00000000 0.54084495 0.36849850 0.03703707 0.01187391 0.01919651 0.01323856 0.00931050 
120.50000000 0.54262396 0.36638394 0.03712789 0.01193762 0.01920973 0.01334063 0.00937623 
121.00000000 0.54439501 0.36427682 0.03721823 0.01200219 0.01922210 0.01344361 0.00944204 
121.50000000 0.54615749 0.36217772 0.03730813 0.01206762 0.01923368 0.01354744 0.00950792 
122.00000000 0.54791081 0.36008720 0.03739766 0.01213386 0.01924451 0.01365210 0.00957386 
122.50000000 0.54965453 0.35800569 0.03748685 0.01220092 0.01925460 0.01375757 0.00963985 
123.00000000 0.55138834 0.35593344 0.03757576 0.01226874 0.01926401 0.01386382 0.00970590 
123.50000000 0.55311202 0.35387064 0.03766443 0.01233733 0.01927277 0.01397083 0.00977199 
124.00000000 0.55482533 0.35181751 0.03775290 0.01240664 0.01928092 0.01407859 0.00983811 
124.50000000 0.55652791 0.34977438 0.03784118 0.01247668 0.01928851 0.01418705 0.00990428 
125.00000000 0.55821922 0.34774180 0.03792930 0.01254744 0.01929558 0.01429619 0.00997048 
125.50000000 0.55989859 0.34572042 0.03801725 0.01261889 0.01930218 0.01440596 0.01003669 
126.00000000 0.56156532 0.34371095 0.03810507 0.01269105 0.01930834 0.01451634 0.01010292 
126.50000000 0.56321873 0.34171404 0.03819278 0.01276391 0.01931409 0.01462730 0.01016916 
127.00000000 0.56485825 0.33973021 0.03828040 0.01283746 0.01931946 0.01473883 0.01023539 
127.50000000 0.56648337 0.33775995 0.03836795 0.01291171 0.01932448 0.01485092 0.01030162 
128.00000000 0.56809357 0.33580373 0.03845545 0.01298666 0.01932920 0.01496357 0.01036783 
128.50000000 0.56968824 0.33386216 0.03854288 0.01306230 0.01933365 0.01507674 0.01043402 
129.00000000 0.57126668 0.33193594 0.03863024 0.01313864 0.01933789 0.01519043 0.01050018 
129.50000000 0.57282805 0.33002590 0.03871751 0.01321569 0.01934195 0.01530459 0.01056631 
130.00000000 0.57437154 0.32813286 0.03880469 0.01329345 0.01934588 0.01541920 0.01063239 
130.50000000 0.57589645 0.32625752 0.03889178 0.01337189 0.01934970 0.01553424 0.01069842 
131.00000000 0.57740220 0.32440044 0.03897881 0.01345102 0.01935345 0.01564969 0.01076440 
131.50000000 0.57888837 0.32256201 0.03906577 0.01353080 0.01935719 0.01576553 0.01083031 
132.00000000 0.58035463 0.32074258 0.03915268 0.01361123 0.01936096 0.01588175 0.01089617 
132.50000000 0.58180063 0.31894251 0.03923951 0.01369226 0.01936482 0.01599830 0.01096196 
133.00000000 0.58322594 0.31716227 0.03932624 0.01377388 0.01936884 0.01611515 0.01102769 
133.50000000 0.58463008 0.31540239 0.03941284 0.01385605 0.01937305 0.01623224 0.01109334 
134.00000000 0.58601254 0.31366343 0.03949930 0.01393876 0.01937753 0.01634952 0.01115892 
134.50000000 0.58737284 0.31194592 0.03958561 0.01402197 0.01938230 0.01646694 0.01122442 
135.00000000 0.58871061 0.31025025 0.03967178 0.01410564 0.01938742 0.01658447 0.01128984 
135.50000000 0.59002552 0.30857676 0.03975781 0.01418974 0.01939293 0.01670205 0.01135518 
136.00000000 0.59131729 0.30692575 0.03984370 0.01427424 0.01939889 0.01681966 0.01142045 
136.50000000 0.59258559 0.30529762 0.03992943 0.01435911 0.01940536 0.01693725 0.01148564 
137.00000000 0.59382995 0.30369287 0.04001497 0.01444432 0.01941240 0.01705475 0.01155075 
137.50000000 0.59504978 0.30211215 0.04010029 0.01452987 0.01942004 0.01717211 0.01161577 
138.00000000 0.59624439 0.30055621 0.04018535 0.01461574 0.01942833 0.01728928 0.01168069 
138.50000000 0.59741305 0.29902581 0.04027016 0.01470193 0.01943731 0.01740622 0.01174551 
139.00000000 0.59855506 0.29752164 0.04035473 0.01478843 0.01944701 0.01752290 0.01181024 
139.50000000 0.59966979 0.29604433 0.04043906 0.01487522 0.01945747 0.01763928 0.01187486 
140.00000000 0.60075667 0.29459445 0.04052316 0.01496229 0.01946873 0.01775533 0.01193937 
140.50000000 0.60181518 0.29317252 0.04060702 0.01504963 0.01948084 0.01787103 0.01200378 
141.00000000 0.60284474 0.29177914 0.04069063 0.01513724 0.01949385 0.01798634 0.01206806 
141.50000000 0.60384477 0.29041492 0.04077397 0.01522511 0.01950780 0.01810122 0.01213221 
142.00000000 0.60481463 0.28908053 0.04085702 0.01531324 0.01952272 0.01821563 0.01219623 
142.50000000 0.60575371 0.28777658 0.04093979 0.01540161 0.01953866 0.01832954 0.01226011 
143.00000000 0.60666147 0.28650361 0.04102230 0.01549020 0.01955565 0.01844293 0.01232385 
143.50000000 0.60753753 0.28526199 0.04110457 0.01557898 0.01957372 0.01855577 0.01238745 
144.00000000 0.60838163 0.28405196 0.04118663 0.01566792 0.01959292 0.01866803 0.01245091 
144.50000000 0.60919364 0.28287368 0.04126848 0.01575698 0.01961330 0.01877968 0.01251424 
145.00000000 0.60997347 0.28172727 0.04135012 0.01584613 0.01963492 0.01889068 0.01257742 
145.50000000 0.61072102 0.28061286 0.04143154 0.01593532 0.01965783 0.01900098 0.01264046 
146.00000000 0.61143614 0.27953067 0.04151272 0.01602454 0.01968205 0.01911054 0.01270335 
146.50000000 0.61211864 0.27848093 0.04159366 0.01611374 0.01970763 0.01921930 0.01276609 
147.00000000 0.61276832 0.27746386 0.04167439 0.01620289 0.01973460 0.01932725 0.01282870 
147.50000000 0.61338503 0.27647963 0.04175491 0.01629194 0.01976300 0.01943433 0.01289117 
148.00000000 0.61396871 0.27552831 0.04183524 0.01638086 0.01979286 0.01954051 0.01295351 
148.50000000 0.61451937 0.27460993 0.04191538 0.01646960 0.01982424 0.01964576 0.01301573 
149.00000000 0.61503702 0.27372452 0.04199533 0.01655815 0.01985716 0.01975001 0.01307780 
149.50000000 0.61552165 0.27287215 0.04207506 0.01664648 0.01989169 0.01985325 0.01313974 
150.00000000 0.61597310 0.27205302 0.04215454 0.01673458 0.01992783 0.01995541 0.01320153 
150.50000000 0.61639113 0.27126740 0.04223377 0.01682244 0.01996562 0.02005647 0.01326317 
151.00000000 0.61677543 0.27051562 0.04231275 0.01691006 0.02000507 0.02015641 0.01332466 
151.50000000 0.61712571 0.26979795 0.04239149 0.01699743 0.02004621 0.02025520 0.01338601 
152.00000000 0.61744181 0.26911456 0.04246999 0.01708454 0.02008907 0.02035282 0.01344720 
152.50000000 0.61772367 0.26846549 0.04254828 0.01717138 0.02013367 0.02044926 0.01350825 
153.00000000 0.61797134 0.26785069 0.04262633 0.01725795 0.02018006 0.02054450 0.01356913 
153.50000000 0.61818490 0.26727010 0.04270415 0.01734424 0.02022825 0.02063850 0.01362985 
154.00000000 0.61836437 0.26672370 0.04278172 0.01743028 0.02027828 0.02073126 0.01369039 
154.50000000 0.61850973 0.26621151 0.04285905 0.01751605 0.02033015 0.02082276 0.01375076 
155.00000000 0.61862093 0.26573359 0.04293612 0.01760155 0.02038387 0.02091298 0.01381095 
155.50000000 0.61869796 0.26528991 0.04301298 0.01768679 0.02043947 0.02100192 0.01387098 
156.00000000 0.61874095 0.26488031 0.04308964 0.01777173 0.02049696 0.02108957 0.01393085 
156.50000000 0.61875022 0.26450447 0.04316611 0.01785637 0.02055636 0.02117591 0.01399056 
157.00000000 0.61872621 0.26416197 0.04324241 0.01794070 0.02061769 0.02126091 0.01405011 
157.50000000 0.61866938 0.26385234 0.04331853 0.01802468 0.02068098 0.02134456 0.01410952 
158.00000000 0.61858017 0.26357521 0.04339446 0.01810833 0.02074623 0.02142683 0.01416877 
158.50000000 0.61845887 0.26333029 0.04347019 0.01819162 0.02081345 0.02150769 0.01422788 
159.00000000 0.61830569 0.26311741 0.04354571 0.01827454 0.02088264 0.02158714 0.01428686 
159.50000000 0.61812082 0.26293641 0.04362103 0.01835708 0.02095380 0.02166515 0.01434573 
160.00000000 0.61790448 0.26278705 0.04369615 0.01843922 0.02102692 0.02174170 0.01440449 
160.50000000 0.61765703 0.26266899 0.04377107 0.01852094 0.02110201 0.02181680 0.01446316 
161.00000000 0.61737892 0.26258182 0.04384580 0.01860224 0.02117908 0.02189041 0.01452174 
161.50000000 0.61707060 0.26252511 0.04392031 0.01868311 0.02125810 0.02196252 0.01458023 
162.00000000 0.61673243 0.26249853 0.04399460 0.01876356 0.02133909 0.02203313 0.01463865 
162.50000000 0.61636462 0.26250192 0.04406863 0.01884359 0.02142202 0.02210223 0.01469700 
163.00000000 0.61596722 0.26253519 0.04414240 0.01892321 0.02150686 0.02216984 0.01475527 
163.50000000 0.61554026 0.26259832 0.04421592 0.01900243 0.02159361 0.02223597 0.01481349 
164.00000000 0.61508380 0.26269121 0.04428919 0.01908125 0.02168224 0.02230065 0.01487167 
164.50000000 0.61459804 0.26281363 0.04436224 0.01915968 0.02177272 0.02236389 0.01492979 
165.00000000 0.61408332 0.26296520 0.04443508 0.01923773 0.02186505 0.02242573 0.01498788 
165.50000000 0.61354004 0.26314551 0.04450773 0.01931542 0.02195919 0.02248619 0.01504591 
166.00000000 0.61296853 0.26335417 0.04458020 0.01939277 0.02205512 0.02254530 0.01510391 
166.50000000 0.61236905 0.26359091 0.04465250 0.01946978 0.02215281 0.02260310 0.01516186 
167.00000000 0.61174173 0.26385555 0.04472463 0.01954647 0.02225224 0.02265963 0.01521976 
167.50000000 0.61108671 0.26414792 0.04479662 0.01962284 0.02235336 0.02271491 0.01527764 
168.00000000 0.61040417 0.26446777 0.04486850 0.01969890 0.02245615 0.02276901 0.01533550 
168.50000000 0.60969450 0.26481470 0.04494030 0.01977465 0.02256058 0.02282194 0.01539333 
169.00000000 0.60895820 0.26518814 0.04501205 0.01985010 0.02266661 0.02287375 0.01545116 
169.50000000 0.60819591 0.26558746 0.04508378 0.01992524 0.02277421 0.02292444 0.01550897 
170.00000000 0.60740820 0.26601206 0.04515549 0.02000007 0.02288334 0.02297405 0.01556679 
170.50000000 0.60659559 0.26646146 0.04522719 0.02007460 0.02299398 0.02302258 0.01562461 
171.00000000 0.60575844 0.26693528 0.04529887 0.02014882 0.02310608 0.02307004 0.01568246 
171.50000000 0.60489707 0.26743323 0.04537055 0.02022273 0.02321961 0.02311647 0.01574035 
172.00000000 0.60401186 0.26795491 0.04544222 0.02029633 0.02333453 0.02316186 0.01579829 
172.50000000 0.60310328 0.26849987 0.04551391 0.02036961 0.02345080 0.02320623 0.01585630 
173.00000000 0.60217194 0.26906749 0.04558562 0.02044258 0.02356839 0.02324959 0.01591439 
173.50000000 0.60121850 0.26965712 0.04565738 0.02051524 0.02368724 0.02329194 0.01597257 
174.00000000 0.60024356 0.27026816 0.04572919 0.02058761 0.02380733 0.02333329 0.01603086 
174.50000000 0.59924759 0.27090017 0.04580103 0.02065970 0.02392861 0.02337365 0.01608925 
175.00000000 0.59823090 0.27155282 0.04587292 0.02073151 0.02405106 0.02341301 0.01614777 
175.50000000 0.59719374 0.27222588 0.04594484 0.02080307 0.02417463 0.02345141 0.01620642 
176.00000000 0.59613635 0.27291909 0.04601682 0.02087437 0.02429928 0.02348887 0.01626522 
176.50000000 0.59505904 0.27363207 0.04608887 0.02094545 0.02442497 0.02352542 0.01632416 
177.00000000 0.59396228 0.27436437 0.04616102 0.02101633 0.02455167 0.02356108 0.01638326 
177.50000000 0.59284657 0.27511542 0.04623328 0.02108702 0.02467931 0.02359589 0.01644250 
178.00000000 0.59171237 0.27588474 0.04630569 0.02115755 0.02480787 0.02362989 0.01650189 
178.50000000 0.59056007 0.27667193 0.04637823 0.02122794 0.02493730 0.02366310 0.01656142 
179.00000000 0.58938993 0.27747671 0.04645093 0.02129820 0.02506756 0.02369556 0.01662110 
179.50000000 0.58820214 0.27829886 0.04652379 0.02136834 0.02519862 0.02372732 0.01668093 
180.00000000 0.58699695 0.27913814 0.04659681 0.02143837 0.02533042 0.02375841 0.01674090 
180.50000000 0.58577470 0.27999417 0.04667001 0.02150831 0.02546293 0.02378888 0.01680101 
181.00000000 0.58453589 0.28086644 0.04674341 0.02157815 0.02559608 0.02381877 0.01686125 
181.50000000 0.58328111 0.28175435 0.04681702 0.02164793 0.02572983 0.02384814 0.01692163 
182.00000000 0.58201096 0.28265731 0.04689086 0.02171763 0.02586412 0.02387700 0.01698213 
182.50000000 0.58072599 0.28357478 0.04696491 0.02178727 0.02599890 0.02390540 0.01704275 
183.00000000 0.57942665 0.28450633 0.04703919 0.02185684 0.02613413 0.02393336 0.01710350 
183.50000000 0.57811334 0.28545160 0.04711368 0.02192634 0.02626976 0.02396090 0.01716438 
184.00000000 0.57678648 0.28641017 0.04718839 0.02199577 0.02640575 0.02398805 0.01722538 
184.50000000 0.57544657 0.28738155 0.04726333 0.02206513 0.02654205 0.02401485 0.01728651 
185.00000000 0.57409424 0.28836511 0.04733852 0.02213444 0.02667860 0.02404133 0.01734776 
185.50000000 0.57273020 0.28936013 0.04741398 0.02220371 0.02681534 0.02406752 0.01740913 
186.00000000 0.57135511 0.29036592 0.04748973 0.02227295 0.02695222 0.02409345 0.01747062 
186.50000000 0.56996960 0.29138186 0.04756580 0.02234216 0.02708919 0.02411915 0.01753224 
187.00000000 0.56857413 0.29240746 0.04764221 0.02241136 0.02722621 0.02414465 0.01759398 
187.50000000 0.56716910 0.29344230 0.04771898 0.02248056 0.02736324 0.02416997 0.01765585 
188.00000000 0.56575489 0.29448597 0.04779614 0.02254977 0.02750023 0.02419515 0.01771785 
188.50000000 0.56433195 0.29553798 0.04787373 0.02261901 0.02763714 0.02422023 0.01777996 
189.00000000 0.56290080 0.29659774 0.04795179 0.02268830 0.02777392 0.02424525 0.01784219 
189.50000000 0.56146203 0.29766461 0.04803038 0.02275766 0.02791050 0.02427028 0.01790453 
190.00000000 0.56001622 0.29873793 0.04810953 0.02282712 0.02804685 0.02429536 0.01796699 
190.50000000 0.55856390 0.29981713 0.04818928 0.02289670 0.02818289 0.02432054 0.01802955 
191.00000000 0.55710550 0.30090175 0.04826968 0.02296640 0.02831860 0.02434585 0.01809223 
191.50000000 0.55564140 0.30199137 0.04835075 0.02303623 0.02845391 0.02437132 0.01815501 
192.00000000 0.55417200 0.30308558 0.04843252 0.02310620 0.02858880 0.02439701 0.01821790 
192.50000000 0.55269777 0.30418389 0.04851502 0.02317631 0.02872320 0.02442293 0.01828088 
193.00000000 0.55121931 0.30528567 0.04859828 0.02324658 0.02885707 0.02444914 0.01834395 
193.50000000 0.54973727 0.30639026 0.04868233 0.02331701 0.02899035 0.02447567 0.01840711 
194.00000000 0.54825234 0.30749696 0.04876720 0.02338761 0.02912297 0.02450255 0.01847036 
194.50000000 0.54676515 0.30860514 0.04885292 0.02345837 0.02925490 0.02452981 0.01853371 
195.00000000 0.54527625 0.30971427 0.04893948 0.02352928 0.02938610 0.02455746 0.01859716 
195.50000000 0.54378616 0.31082388 0.04902692 0.02360032 0.02951652 0.02458549 0.01866071 
196.00000000 0.54229536 0.31193350 0.04911524 0.02367148 0.02964614 0.02461390 0.01872437 
196.50000000 0.54080441 0.31304262 0.04920447 0.02374275 0.02977494 0.02464269 0.01878812 
197.00000000 0.53931389 0.31415065 0.04929463 0.02381411 0.02990288 0.02467187 0.01885198 
197.50000000 0.53782442 0.31525698 0.04938574 0.02388555 0.03002993 0.02470144 0.01891593 
198.00000000 0.53633656 0.31636105 0.04947784 0.02395708 0.03015607 0.02473142 0.01898000 
198.50000000 0.53485079 0.31746236 0.04957096 0.02402866 0.03028128 0.02476179 0.01904417 
199.00000000 0.53336748 0.31856055 0.04966511 0.02410027 0.03040556 0.02479256 0.01910847 
199.50000000 0.53188692 0.31965534 0.04976034 0.02417190 0.03052890 0.02482371 0.01917288 
200.00000000 0.53040938 0.32074647 0.04985666 0.02424352 0.03065131 0.02485525 0.01923741 
200.50000000 0.52893514 0.32183365 0.04995411 0.02431512 0.03077276 0.02488717 0.01930204 
201.00000000 0.52746452 0.32291655 0.05005273 0.02438668 0.03089327 0.02491949 0.01936676 
201.50000000 0.52599784 0.32399479 0.05015254 0.02445820 0.03101282 0.02495224 0.01943157 
202.00000000 0.52453542 0.32506804 0.05025358 0.02452967 0.03113139 0.02498544 0.01949646 
202.50000000 0.52307752 0.32613602 0.05035588 0.02460107 0.03124897 0.02501912 0.01956143 
203.00000000 0.52162436 0.32719849 0.05045945 0.02467238 0.03136555 0.02505330 0.01962648 
203.50000000 0.52017615 0.32825524 0.05056432 0.02474359 0.03148111 0.02508800 0.01969159 
204.00000000 0.51873316 0.32930604 0.05067049 0.02481467 0.03159565 0.02512322 0.01975677 
204.50000000 0.51729571 0.33035055 0.05077799 0.02488563 0.03170913 0.02515900 0.01982198 
205.00000000 0.51586424 0.33138837 0.05088682 0.02495646 0.03182153 0.02519536 0.01988722 
205.50000000 0.51443921 0.33241901 0.05099698 0.02502716 0.03193283 0.02523234 0.01995247 
206.00000000 0.51302114 0.33344199 0.05110849 0.02509773 0.03204298 0.02526994 0.02001773 
206.50000000 0.51161050 0.33445683 0.05122132 0.02516818 0.03215197 0.02530821 0.02008299 
207.00000000 0.51020777 0.33546310 0.05133548 0.02523848 0.03225978 0.02534713 0.02014826 
207.50000000 0.50881340 0.33646035 0.05145094 0.02530865 0.03236638 0.02538672 0.02021355 
208.00000000 0.50742791 0.33744813 0.05156771 0.02537867 0.03247177 0.02542697 0.02027883 
208.50000000 0.50605185 0.33842592 0.05168577 0.02544855 0.03257593 0.02546787 0.02034410 
209.00000000 0.50468581 0.33939315 0.05180511 0.02551829 0.03267887 0.02550941 0.02040935 
209.50000000 0.50333037 0.34034927 0.05192572 0.02558790 0.03278057 0.02555160 0.02047457 
210.00000000 0.50198607 0.34129373 0.05204758 0.02565738 0.03288105 0.02559442 0.02053977 
210.50000000 0.50065336 0.34222611 0.05217066 0.02572674 0.03298032 0.02563787 0.02060494 
211.00000000 0.49933264 0.34314603 0.05229495 0.02579595 0.03307840 0.02568194 0.02067010 
211.50000000 0.49802425 0.34405316 0.05242041 0.02586501 0.03317533 0.02572659 0.02073525 
212.00000000 0.49672852 0.34494718 0.05254705 0.02593390 0.03327112 0.02577183 0.02080040 
212.50000000 0.49544581 0.34582778 0.05267484 0.02600261 0.03336581 0.02581762 0.02086554 
213.00000000 0.49417646 0.34669459 0.05280377 0.02607112 0.03345943 0.02586398 0.02093064 
213.50000000 0.49292080 0.34754732 0.05293383 0.02613944 0.03355200 0.02591090 0.02099572 
214.00000000 0.49167910 0.34838568 0.05306497 0.02620754 0.03364355 0.02595839 0.02106076 
214.50000000 0.49045157 0.34920949 0.05319719 0.02627542 0.03373411 0.02600645 0.02112577 
215.00000000 0.48923838 0.35001857 0.05333043 0.02634306 0.03382371 0.02605508 0.02119076 
215.50000000 0.48803971 0.35081278 0.05346468 0.02641043 0.03391238 0.02610429 0.02125573 
216.00000000 0.48685575 0.35159193 0.05359991 0.02647751 0.03400013 0.02615408 0.02132069 
216.50000000 0.48568678 0.35235577 0.05373610 0.02654430 0.03408698 0.02620446 0.02138560 
217.00000000 0.48453310 0.35310405 0.05387324 0.02661078 0.03417294 0.02625544 0.02145046 
217.50000000 0.48339502 0.35383647 0.05401129 0.02667695 0.03425802 0.02630702 0.02151524 
218.00000000 0.48227282 0.35455277 0.05415021 0.02674282 0.03434222 0.02635921 0.02157994 
218.50000000 0.48116678 0.35525274 0.05428997 0.02680839 0.03442558 0.02641201 0.02164454 
219.00000000 0.48007714 0.35593615 0.05443050 0.02687365 0.03450810 0.02646540 0.02170906 
219.50000000 0.47900418 0.35660279 0.05457177 0.02693859 0.03458981 0.02651938 0.02177348 
220.00000000 0.47794818 0.35725240 0.05471374 0.02700321 0.03467075 0.02657391 0.02183781 
