0.00000000 1.00000000 0.00000000 0.00000000 0.00000000 0.00000000 0.00000000 0.00000000 
0.50000000 0.99992827 0.00006822 0.00000027 0.00000031 0.00000040 0.00000166 0.00000087 
1.00000000 0.99971313 0.00027283 0.00000108 0.00000124 0.00000159 0.00000666 0.00000348 
1.50000000 0.99935474 0.00061367 0.00000243 0.00000278 0.00000359 0.00001497 0.00000782 
2.00000000 0.99885337 0.00109048 0.00000434 0.00000495 0.00000638 0.00002660 0.00001389 
2.50000000 0.99820938 0.00170288 0.00000681 0.00000773 0.00000998 0.00004153 0.00002168 
3.00000000 0.99742325 0.00245041 0.00000987 0.00001115 0.00001439 0.00005974 0.00003118 
3.50000000 0.99649557 0.00333248 0.00001355 0.00001519 0.00001961 0.00008122 0.00004238 
4.00000000 0.99542702 0.00434840 0.00001785 0.00001986 0.00002566 0.00010593 0.00005527 
4.50000000 0.99421842 0.00549738 0.00002282 0.00002516 0.00003253 0.00013386 0.00006983 
5.00000000 0.99287066 0.00677849 0.00002848 0.00003111 0.00004024 0.00016497 0.00008604 
5.50000000 0.99138477 0.00819074 0.00003488 0.00003770 0.00004880 0.00019923 0.00010388 
6.00000000 0.98976186 0.00973300 0.00004206 0.00004494 0.00005822 0.00023660 0.00012333 
6.50000000 0.98800316 0.01140406 0.00005005 0.00005284 0.00006850 0.00027703 0.00014436 
7.00000000 0.98610999 0.01320260 0.00005891 0.00006140 0.00007967 0.00032049 0.00016695 
7.50000000 0.98408376 0.01512722 0.00006868 0.00007063 0.00009172 0.00036692 0.00019107 
8.00000000 0.98192597 0.01717642 0.00007941 0.00008054 0.00010469 0.00041627 0.00021670 
8.50000000 0.97963820 0.01934862 0.00009118 0.00009114 0.00011857 0.00046850 0.00024379 
9.00000000 0.97722210 0.02164218 0.00010402 0.00010244 0.00013339 0.00052354 0.00027232 
9.50000000 0.97467942 0.02405537 0.00011801 0.00011444 0.00014917 0.00058134 0.00030225 
10.00000000 0.97201197 0.02658636 0.00013321 0.00012716 0.00016592 0.00064183 0.00033355 
10.50000000 0.96922166 0.02923328 0.00014968 0.00014060 0.00018365 0.00070495 0.00036618 
11.00000000 0.96631045 0.03199416 0.00016749 0.00015478 0.00020238 0.00077064 0.00040010 
11.50000000 0.96328042 0.03486694 0.00018672 0.00016970 0.00022214 0.00083881 0.00043527 
12.00000000 0.96013369 0.03784951 0.00020743 0.00018539 0.00024293 0.00090940 0.00047165 
12.50000000 0.95687247 0.04093968 0.00022971 0.00020184 0.00026479 0.00098233 0.00050919 
13.00000000 0.95349899 0.04413524 0.00025362 0.00021906 0.00028772 0.00105752 0.00054785 
13.50000000 0.95001556 0.04743387 0.00027925 0.00023708 0.00031175 0.00113489 0.00058760 
14.00000000 0.94642457 0.05083324 0.00030667 0.00025590 0.00033689 0.00121436 0.00062837 
14.50000000 0.94272845 0.05433090 0.00033596 0.00027553 0.00036317 0.00129584 0.00067013 
15.00000000 0.93892975 0.05792436 0.00036721 0.00029599 0.00039061 0.00137925 0.00071282 
15.50000000 0.93503105 0.06161104 0.00040049 0.00031729 0.00041922 0.00146449 0.00075641 
16.00000000 0.93103498 0.06538833 0.00043589 0.00033945 0.00044903 0.00155148 0.00080084 
16.50000000 0.92694426 0.06925356 0.00047348 0.00036246 0.00048006 0.00164011 0.00084606 
17.00000000 0.92276160 0.07320402 0.00051336 0.00038636 0.00051233 0.00173031 0.00089202 
17.50000000 0.91848981 0.07723697 0.00055559 0.00041114 0.00054585 0.00182196 0.00093868 
18.00000000 0.91413172 0.08134959 0.00060025 0.00043683 0.00058065 0.00191499 0.00098597 
18.50000000 0.90969026 0.08553900 0.00064744 0.00046343 0.00061674 0.00200929 0.00103384 
19.00000000 0.90516840 0.08980227 0.00069721 0.00049096 0.00065415 0.00210475 0.00108226 
19.50000000 0.90056916 0.09413643 0.00074966 0.00051942 0.00069290 0.00220128 0.00113115 
20.00000000 0.89589556 0.09853849 0.00080485 0.00054884 0.00073301 0.00229877 0.00118048 
20.50000000 0.89115067 0.10300542 0.00086287 0.00057923 0.00077449 0.00239713 0.00123019 
21.00000000 0.88633758 0.10753419 0.00092379 0.00061058 0.00081737 0.00249625 0.00128024 
21.50000000 0.88145944 0.11212170 0.00098768 0.00064293 0.00086165 0.00259603 0.00133057 
22.00000000 0.87651949 0.11676477 0.00105462 0.00067627 0.00090736 0.00269636 0.00138113 
22.50000000 0.87152101 0.12146018 0.00112467 0.00071062 0.00095451 0.00279712 0.00143188 
23.00000000 0.86646733 0.12620468 0.00119791 0.00074598 0.00100312 0.00289821 0.00148277 
23.50000000 0.86136172 0.13099504 0.00127441 0.00078237 0.00105320 0.00299952 0.00153374 
24.00000000 0.85620739 0.13582812 0.00135421 0.00081980 0.00110477 0.00310096 0.00158475 
24.50000000 0.85100746 0.14070087 0.00143739 0.00085826 0.00115784 0.00320243 0.00163575 
25.00000000 0.84576500 0.14561029 0.00152400 0.00089776 0.00121242 0.00330384 0.00168670 
25.50000000 0.84048304 0.15055340 0.00161409 0.00093831 0.00126851 0.00340511 0.00173755 
26.00000000 0.83516465 0.15552721 0.00170769 0.00097991 0.00132613 0.00350614 0.00178825 
26.50000000 0.82981291 0.16052873 0.00180487 0.00102257 0.00138529 0.00360685 0.00183878 
27.00000000 0.82443084 0.16555497 0.00190566 0.00106630 0.00144600 0.00370716 0.00188908 
27.50000000 0.81902144 0.17060302 0.00201010 0.00111109 0.00150825 0.00380698 0.00193912 
28.00000000 0.81358765 0.17567000 0.00211823 0.00115696 0.00157207 0.00390622 0.00198887 
28.50000000 0.80813240 0.18075307 0.00223008 0.00120390 0.00163744 0.00400483 0.00203827 
29.00000000 0.80265862 0.18584939 0.00234569 0.00125191 0.00170437 0.00410270 0.00208731 
29.50000000 0.79716931 0.19095604 0.00246508 0.00130100 0.00177286 0.00419977 0.00213595 
30.00000000 0.79166745 0.19607012 0.00258828 0.00135117 0.00184290 0.00429594 0.00218414 
30.50000000 0.78615601 0.20118875 0.00271531 0.00140241 0.00191451 0.00439115 0.00223187 
31.00000000 0.78063783 0.20630916 0.00284618 0.00145473 0.00198767 0.00448533 0.00227909 
31.50000000 0.77511557 0.21142877 0.00298092 0.00150812 0.00206239 0.00457843 0.00232579 
32.00000000 0.76959178 0.21654513 0.00311953 0.00156258 0.00213867 0.00467038 0.00237192 
32.50000000 0.76406894 0.22165582 0.00326201 0.00161812 0.00221650 0.00476114 0.00241747 
33.00000000 0.75854960 0.22675840 0.00340836 0.00167472 0.00229587 0.00485064 0.00246241 
33.50000000 0.75303642 0.23185031 0.00355857 0.00173238 0.00237678 0.00493883 0.00250672 
34.00000000 0.74753212 0.23692891 0.00371263 0.00179111 0.00245921 0.00502565 0.00255037 
34.50000000 0.74203946 0.24199158 0.00387052 0.00185089 0.00254318 0.00511104 0.00259333 
35.00000000 0.73656108 0.24703577 0.00403224 0.00191172 0.00262865 0.00519495 0.00263560 
35.50000000 0.73109951 0.25205906 0.00419776 0.00197358 0.00271563 0.00527733 0.00267714 
36.00000000 0.72565722 0.25705911 0.00436705 0.00203645 0.00280409 0.00535814 0.00271794 
36.50000000 0.72023668 0.26203355 0.00454010 0.00210033 0.00289402 0.00543734 0.00275799 
37.00000000 0.71484046 0.26697996 0.00471686 0.00216518 0.00298539 0.00551488 0.00279726 
37.50000000 0.70947122 0.27189578 0.00489732 0.00223101 0.00307820 0.00559071 0.00283576 
38.00000000 0.70413159 0.27677851 0.00508142 0.00229779 0.00317242 0.00566481 0.00287346 
38.50000000 0.69882408 0.28162574 0.00526913 0.00236550 0.00326803 0.00573714 0.00291037 
39.00000000 0.69355104 0.28643527 0.00546041 0.00243412 0.00336501 0.00580768 0.00294648 
39.50000000 0.68831463 0.29120504 0.00565519 0.00250364 0.00346334 0.00587638 0.00298178 
40.00000000 0.68311694 0.29593310 0.00585343 0.00257403 0.00356298 0.00594324 0.00301627 
40.50000000 0.67796009 0.30061749 0.00605505 0.00264528 0.00366392 0.00600821 0.00304996 
41.00000000 0.67284618 0.30525622 0.00625998 0.00271737 0.00376613 0.00607128 0.00308284 
41.50000000 0.66777727 0.30984738 0.00646814 0.00279029 0.00386960 0.00613242 0.00311491 
42.00000000 0.66275519 0.31438925 0.00667946 0.00286401 0.00397429 0.00619162 0.00314618 
42.50000000 0.65778146 0.31888046 0.00689385 0.00293852 0.00408019 0.00624888 0.00317664 
43.00000000 0.65285729 0.32331991 0.00711122 0.00301378 0.00418729 0.00630421 0.00320631 
43.50000000 0.64798369 0.32770673 0.00733149 0.00308976 0.00429555 0.00635760 0.00323518 
44.00000000 0.64316166 0.33204002 0.00755459 0.00316644 0.00440495 0.00640906 0.00326328 
44.50000000 0.63839236 0.33631875 0.00778042 0.00324379 0.00451547 0.00645860 0.00329061 
45.00000000 0.63367711 0.34054171 0.00800891 0.00332180 0.00462707 0.00650621 0.00331719 
45.50000000 0.62901731 0.34470761 0.00823999 0.00340042 0.00473973 0.00655190 0.00334303 
46.00000000 0.62441431 0.34881519 0.00847360 0.00347963 0.00485343 0.00659568 0.00336816 
46.50000000 0.61986934 0.35286334 0.00870967 0.00355940 0.00496812 0.00663756 0.00339257 
47.00000000 0.61538353 0.35685103 0.00894814 0.00363969 0.00508377 0.00667754 0.00341630 
47.50000000 0.61095803 0.36077722 0.00918893 0.00372047 0.00520035 0.00671565 0.00343936 
48.00000000 0.60659409 0.36464076 0.00943197 0.00380171 0.00531782 0.00675190 0.00346176 
48.50000000 0.60229304 0.36844041 0.00967718 0.00388339 0.00543615 0.00678632 0.00348352 
49.00000000 0.59805614 0.37217502 0.00992447 0.00396546 0.00555531 0.00681894 0.00350466 
49.50000000 0.59388435 0.37584369 0.01017376 0.00404791 0.00567529 0.00684980 0.00352520 
50.00000000 0.58977830 0.37944589 0.01042496 0.00413069 0.00579606 0.00687895 0.00354514 
50.50000000 0.58573825 0.38298148 0.01067797 0.00421377 0.00591758 0.00690642 0.00356453 
51.00000000 0.58176432 0.38645041 0.01093269 0.00429711 0.00603983 0.00693227 0.00358337 
51.50000000 0.57785668 0.38985264 0.01118901 0.00438069 0.00616277 0.00695651 0.00360170 
52.00000000 0.57401570 0.39318791 0.01144684 0.00446447 0.00628636 0.00697918 0.00361954 
52.50000000 0.57024191 0.39645577 0.01170608 0.00454844 0.00641058 0.00700031 0.00363692 
53.00000000 0.56653591 0.39965573 0.01196663 0.00463256 0.00653538 0.00701992 0.00365387 
53.50000000 0.56289821 0.40278738 0.01222843 0.00471679 0.00666074 0.00703806 0.00367039 
54.00000000 0.55932920 0.40585045 0.01249137 0.00480110 0.00678661 0.00705473 0.00368653 
54.50000000 0.55582917 0.40884474 0.01275539 0.00488543 0.00691298 0.00706999 0.00370230 
55.00000000 0.55239846 0.41177001 0.01302039 0.00496974 0.00703979 0.00708387 0.00371775 
55.50000000 0.54903755 0.41462585 0.01328629 0.00505399 0.00716702 0.00709641 0.00373288 
56.00000000 0.54574707 0.41741173 0.01355300 0.00513814 0.00729465 0.00710766 0.00374775 
56.50000000 0.54252763 0.42012709 0.01382044 0.00522216 0.00742264 0.00711767 0.00376236 
57.00000000 0.53937971 0.42277151 0.01408854 0.00530600 0.00755098 0.00712649 0.00377677 
57.50000000 0.53630355 0.42534484 0.01435721 0.00538964 0.00767961 0.00713416 0.00379098 
58.00000000 0.53329913 0.42784717 0.01462636 0.00547302 0.00780853 0.00714074 0.00380504 
58.50000000 0.53036631 0.43027872 0.01489591 0.00555612 0.00793767 0.00714627 0.00381898 
59.00000000 0.52750498 0.43263969 0.01516576 0.00563892 0.00806702 0.00715079 0.00383283 
59.50000000 0.52471510 0.43493018 0.01543581 0.00572140 0.00819653 0.00715436 0.00384662 
60.00000000 0.52199669 0.43715024 0.01570598 0.00580354 0.00832619 0.00715700 0.00386037 
60.50000000 0.51934969 0.43929996 0.01597618 0.00588531 0.00845596 0.00715880 0.00387410 
61.00000000 0.51677385 0.44137967 0.01624635 0.00596667 0.00858584 0.00715978 0.00388784 
61.50000000 0.51426864 0.44338992 0.01651641 0.00604760 0.00871578 0.00716003 0.00390162 
62.00000000 0.51183340 0.44533141 0.01678631 0.00612805 0.00884577 0.00715960 0.00391546 
62.50000000 0.50946748 0.44720483 0.01705598 0.00620799 0.00897578 0.00715855 0.00392939 
63.00000000 0.50717041 0.44901065 0.01732538 0.00628739 0.00910577 0.00715696 0.00394345 
63.50000000 0.50494199 0.45074910 0.01759445 0.00636622 0.00923571 0.00715487 0.00395766 
64.00000000 0.50278222 0.45242017 0.01786315 0.00644446 0.00936557 0.00715236 0.00397207 
64.50000000 0.50069117 0.45402384 0.01813145 0.00652208 0.00949529 0.00714948 0.00398669 
65.00000000 0.49866881 0.45556018 0.01839929 0.00659905 0.00962485 0.00714628 0.00400155 
65.50000000 0.49671495 0.45702940 0.01866663 0.00667535 0.00975418 0.00714281 0.00401668 
66.00000000 0.49482934 0.45843183 0.01893340 0.00675094 0.00988325 0.00713913 0.00403211 
66.50000000 0.49301170 0.45976779 0.01919953 0.00682580 0.01001203 0.00713530 0.00404787 
67.00000000 0.49126183 0.46103751 0.01946496 0.00689991 0.01014048 0.00713136 0.00406396 
67.50000000 0.48957954 0.46224122 0.01972961 0.00697324 0.01026859 0.00712737 0.00408042 
68.00000000 0.48796454 0.46337925 0.01999341 0.00704578 0.01039634 0.00712341 0.00409726 
68.50000000 0.48641630 0.46445216 0.02025632 0.00711749 0.01052372 0.00711952 0.00411450 
69.00000000 0.48493398 0.46546079 0.02051827 0.00718833 0.01065069 0.00711577 0.00413216 
69.50000000 0.48351662 0.46640616 0.02077922 0.00725828 0.01077725 0.00711221 0.00415026 
70.00000000 0.48216324 0.46728924 0.02103912 0.00732733 0.01090335 0.00710890 0.00416882 
70.50000000 0.48087313 0.46811077 0.02129794 0.00739545 0.01102897 0.00710587 0.00418787 
71.00000000 0.47964582 0.46887123 0.02155563 0.00746265 0.01115407 0.00710317 0.00420743 
71.50000000 0.47848109 0.46957086 0.02181216 0.00752892 0.01127863 0.00710084 0.00422749 
72.00000000 0.47737870 0.47020990 0.02206753 0.00759425 0.01140261 0.00709893 0.00424809 
72.50000000 0.47633823 0.47078879 0.02232169 0.00765864 0.01152597 0.00709748 0.00426921 
73.00000000 0.47535901 0.47130821 0.02257462 0.00772206 0.01164870 0.00709653 0.00429087 
73.50000000 0.47444013 0.47176906 0.02282629 0.00778451 0.01177077 0.00709615 0.00431308 
74.00000000 0.47358057 0.47217236 0.02307668 0.00784600 0.01189215 0.00709639 0.00433584 
74.50000000 0.47277930 0.47251912 0.02332576 0.00790651 0.01201284 0.00709731 0.00435916 
75.00000000 0.47203526 0.47281037 0.02357350 0.00796607 0.01213281 0.00709896 0.00438305 
75.50000000 0.47134732 0.47304719 0.02381990 0.00802467 0.01225204 0.00710139 0.00440750 
76.00000000 0.47071417 0.47323087 0.02406495 0.00808232 0.01237050 0.00710467 0.00443252 
76.50000000 0.47013433 0.47336286 0.02430865 0.00813904 0.01248817 0.00710883 0.00445812 
77.00000000 0.46960621 0.47344471 0.02455100 0.00819483 0.01260501 0.00711393 0.00448430 
77.50000000 0.46912836 0.47347788 0.02479198 0.00824971 0.01272097 0.00712002 0.00451109 
78.00000000 0.46869953 0.47346356 0.02503158 0.00830370 0.01283603 0.00712713 0.00453847 
78.50000000 0.46831880 0.47340272 0.02526976 0.00835681 0.01295015 0.00713532 0.00456644 
79.00000000 0.46798540 0.47329610 0.02550650 0.00840905 0.01306332 0.00714461 0.00459501 
79.50000000 0.46769858 0.47314450 0.02574177 0.00846043 0.01317550 0.00715507 0.00462417 
80.00000000 0.46745744 0.47294881 0.02597552 0.00851093 0.01328668 0.00716672 0.00465390 
80.50000000 0.46726095 0.47271011 0.02620771 0.00856055 0.01339685 0.00717963 0.00468422 
81.00000000 0.46710805 0.47242947 0.02643830 0.00860927 0.01350597 0.00719383 0.00471511 
81.50000000 0.46699783 0.47210783 0.02666725 0.00865711 0.01361403 0.00720937 0.00474658 
82.00000000 0.46692960 0.47174589 0.02689453 0.00870408 0.01372100 0.00722627 0.00477863 
82.50000000 0.46690285 0.47134415 0.02712012 0.00875021 0.01382685 0.00724457 0.00481125 
83.00000000 0.46691716 0.47090304 0.02734401 0.00879552 0.01393155 0.00726427 0.00484444 
83.50000000 0.46697197 0.47042310 0.02756619 0.00884006 0.01403507 0.00728540 0.00487820 
84.00000000 0.46706656 0.46990504 0.02778667 0.00888387 0.01413737 0.00730797 0.00491252 
84.50000000 0.46720004 0.46934975 0.02800542 0.00892696 0.01423842 0.00733201 0.00494740 
85.00000000 0.46737147 0.46875816 0.02822243 0.00896940 0.01433820 0.00735753 0.00498282 
85.50000000 0.46757993 0.46813119 0.02843767 0.00901121 0.01443668 0.00738456 0.00501876 
86.00000000 0.46782453 0.46746974 0.02865113 0.00905243 0.01453386 0.00741309 0.00505523 
86.50000000 0.46810436 0.46677471 0.02886278 0.00909308 0.01462972 0.00744315 0.00509220 
87.00000000 0.46841839 0.46604711 0.02907263 0.00913320 0.01472426 0.00747476 0.00512965 
87.50000000 0.46876554 0.46528802 0.02928067 0.00917278 0.01481748 0.00750793 0.00516757 
88.00000000 0.46914472 0.46449854 0.02948691 0.00921184 0.01490935 0.00754268 0.00520596 
88.50000000 0.46955499 0.46367958 0.02969135 0.00925039 0.01499985 0.00757903 0.00524481 
89.00000000 0.46999567 0.46283185 0.02989402 0.00928844 0.01508895 0.00761698 0.00528410 
89.50000000 0.47046630 0.46195578 0.03009492 0.00932604 0.01517662 0.00765652 0.00532382 
90.00000000 0.47096654 0.46105171 0.03029408 0.00936320 0.01526284 0.00769765 0.00536397 
90.50000000 0.47149603 0.46012004 0.03049151 0.00939997 0.01534758 0.00774037 0.00540451 
91.00000000 0.47205418 0.45916135 0.03068721 0.00943635 0.01543082 0.00778466 0.00544543 
91.50000000 0.47264022 0.45817645 0.03088118 0.00947237 0.01551255 0.00783053 0.00548671 
92.00000000 0.47325320 0.45716631 0.03107341 0.00950803 0.01559277 0.00787797 0.00552831 
92.50000000 0.47389210 0.45613199 0.03126390 0.00954337 0.01567146 0.00792697 0.00557021 
93.00000000 0.47455589 0.45507450 0.03145265 0.00957842 0.01574862 0.00797752 0.00561240 
93.50000000 0.47524358 0.45399483 0.03163969 0.00961319 0.01582428 0.00802959 0.00565485 
94.00000000 0.47595414 0.45289396 0.03182504 0.00964774 0.01589842 0.00808315 0.00569754 
94.50000000 0.47668657 0.45177286 0.03200875 0.00968210 0.01597107 0.00813819 0.00574046 
95.00000000 0.47743988 0.45063247 0.03219086 0.00971631 0.01604221 0.00819469 0.00578358 
95.50000000 0.47821321 0.44947361 0.03237138 0.00975041 0.01611185 0.00825262 0.00582690 
96.00000000 0.47900584 0.44829698 0.03255036 0.00978446 0.01617997 0.00831197 0.00587041 
96.50000000 0.47981719 0.44710314 0.03272781 0.00981850 0.01624656 0.00837270 0.00591411 
97.00000000 0.48064674 0.44589256 0.03290375 0.00985259 0.01631160 0.00843479 0.00595797 
97.50000000 0.48149393 0.44466581 0.03307818 0.00988678 0.01637511 0.00849820 0.00600198 
98.00000000 0.48235807 0.44342358 0.03325112 0.00992110 0.01643710 0.00856292 0.00604613 
98.50000000 0.48323834 0.44216666 0.03342255 0.00995556 0.01649757 0.00862893 0.00609039 
99.00000000 0.48413388 0.44089591 0.03359249 0.00999018 0.01655654 0.00869624 0.00613476 
99.50000000 0.48504388 0.43961215 0.03376096 0.01002496 0.01661402 0.00876481 0.00617921 
100.00000000 0.48596760 0.43831608 0.03392798 0.01005993 0.01667003 0.00883463 0.00622375 
100.50000000 0.48690438 0.43700831 0.03409361 0.01009511 0.01672456 0.00890567 0.00626835 
101.00000000 0.48785362 0.43568940 0.03425791 0.01013053 0.01677764 0.00897789 0.00631302 
101.50000000 0.48881467 0.43435992 0.03442092 0.01016622 0.01682929 0.00905124 0.00635774 
102.00000000 0.48978686 0.43302052 0.03458271 0.01020219 0.01687952 0.00912570 0.00640249 
102.50000000 0.49076951 0.43167185 0.03474331 0.01023848 0.01692835 0.00920123 0.00644727 
103.00000000 0.49176196 0.43031454 0.03490272 0.01027510 0.01697581 0.00927779 0.00649208 
103.50000000 0.49276362 0.42894920 0.03506097 0.01031207 0.01702190 0.00935535 0.00653689 
104.00000000 0.49377392 0.42757638 0.03521806 0.01034942 0.01706666 0.00943385 0.00658171 
104.50000000 0.49479229 0.42619665 0.03537398 0.01038718 0.01711012 0.00951326 0.00662650 
105.00000000 0.49581816 0.42481060 0.03552874 0.01042538 0.01715233 0.00959353 0.00667127 
105.50000000 0.49685093 0.42341879 0.03568233 0.01046401 0.01719332 0.00967463 0.00671600 
106.00000000 0.49789011 0.42202172 0.03583476 0.01050309 0.01723313 0.00975652 0.00676067 
106.50000000 0.49893531 0.42061974 0.03598606 0.01054263 0.01727180 0.00983918 0.00680528 
107.00000000 0.49998633 0.41921302 0.03613624 0.01058263 0.01730934 0.00992259 0.00684984 
107.50000000 0.50104305 0.41780165 0.03628534 0.01062313 0.01734576 0.01000671 0.00689435 
108.00000000 0.50210535 0.41638569 0.03643343 0.01066416 0.01738107 0.01009150 0.00693881 
108.50000000 0.50317300 0.41496532 0.03658053 0.01070574 0.01741529 0.01017691 0.00698321 
109.00000000 0.50424560 0.41354091 0.03672668 0.01074788 0.01744843 0.01026293 0.00702757 
109.50000000 0.50532263 0.41211296 0.03687190 0.01079058 0.01748053 0.01034954 0.00707187 
110.00000000 0.50640348 0.41068206 0.03701619 0.01083383 0.01751162 0.01043670 0.00711612 
110.50000000 0.50748754 0.40924883 0.03715955 0.01087762 0.01754174 0.01052441 0.00716031 
111.00000000 0.50857422 0.40781385 0.03730197 0.01092194 0.01757095 0.01061262 0.00720444 
111.50000000 0.50966295 0.40637768 0.03744345 0.01096681 0.01759929 0.01070130 0.00724851 
112.00000000 0.51075315 0.40494087 0.03758401 0.01101221 0.01762683 0.01079041 0.00729252 
112.50000000 0.51184426 0.40350394 0.03772367 0.01105814 0.01765365 0.01087991 0.00733645 
113.00000000 0.51293575 0.40206737 0.03786244 0.01110460 0.01767979 0.01096976 0.00738030 
113.50000000 0.51402722 0.40063153 0.03800037 0.01115157 0.01770530 0.01105994 0.00742408 
114.00000000 0.51511841 0.39919664 0.03813749 0.01119904 0.01773022 0.01115042 0.00746779 
114.50000000 0.51620918 0.39776283 0.03827383 0.01124702 0.01775455 0.01124117 0.00751142 
115.00000000 0.51729944 0.39633016 0.03840941 0.01129552 0.01777831 0.01133216 0.00755499 
115.50000000 0.51838906 0.39489877 0.03854424 0.01134457 0.01780150 0.01142335 0.00759850 
116.00000000 0.51947779 0.39346890 0.03867833 0.01139419 0.01782414 0.01151472 0.00764193 
116.50000000 0.52056528 0.39204092 0.03881165 0.01144437 0.01784624 0.01160624 0.00768530 
117.00000000 0.52165111 0.39061525 0.03894421 0.01149512 0.01786782 0.01169789 0.00772860 
117.50000000 0.52273483 0.38919235 0.03907598 0.01154645 0.01788890 0.01178965 0.00777183 
118.00000000 0.52381602 0.38777263 0.03920699 0.01159835 0.01790950 0.01188152 0.00781500 
118.50000000 0.52489423 0.38635649 0.03933724 0.01165083 0.01792965 0.01197345 0.00785811 
119.00000000 0.52596900 0.38494436 0.03946677 0.01170392 0.01794936 0.01206543 0.00790117 
119.50000000 0.52703974 0.38353676 0.03959562 0.01175761 0.01796866 0.01215742 0.00794419 
120.00000000 0.52810577 0.38213428 0.03972384 0.01181192 0.01798758 0.01224942 0.00798719 
120.50000000 0.52916629 0.38073765 0.03985149 0.01186685 0.01800614 0.01234140 0.00803018 
121.00000000 0.53022050 0.37934761 0.03997861 0.01192238 0.01802436 0.01243336 0.00807318 
121.50000000 0.53126760 0.37796487 0.04010523 0.01197853 0.01804225 0.01252530 0.00811622 
122.00000000 0.53230688 0.37659012 0.04023137 0.01203528 0.01805982 0.01261721 0.00815931 
122.50000000 0.53333767 0.37522399 0.04035703 0.01209267 0.01807710 0.01270907 0.00820247 
123.00000000 0.53435936 0.37386706 0.04048218 0.01215070 0.01809413 0.01280087 0.00824571 
123.50000000 0.53537138 0.37251988 0.04060680 0.01220938 0.01811093 0.01289259 0.00828905 
124.00000000 0.53637321 0.37118296 0.04073086 0.01226871 0.01812757 0.01298421 0.00833249 
124.50000000 0.53736444 0.36985669 0.04085434 0.01232869 0.01814408 0.01307572 0.00837604 
125.00000000 0.53834478 0.36854137 0.04097723 0.01238930 0.01816050 0.01316711 0.00841972 
125.50000000 0.53931405 0.36723716 0.04109951 0.01245054 0.01817684 0.01325835 0.00846354 
126.00000000 0.54027216 0.36594418 0.04122118 0.01251243 0.01819315 0.01334941 0.00850750 
126.50000000 0.54121899 0.36466252 0.04134222 0.01257496 0.01820943 0.01344026 0.00855162 
127.00000000 0.54215437 0.36339239 0.04146260 0.01263816 0.01822571 0.01353085 0.00859592 
127.50000000 0.54307800 0.36213408 0.04158230 0.01270205 0.01824203 0.01362115 0.00864039 
128.00000000 0.54398948 0.36088799 0.04170130 0.01276665 0.01825842 0.01371110 0.00868506 
128.50000000 0.54488838 0.35965456 0.04181957 0.01283196 0.01827491 0.01380068 0.00872993 
129.00000000 0.54577430 0.35843421 0.04193708 0.01289801 0.01829153 0.01388986 0.00877501 
129.50000000 0.54664688 0.35722730 0.04205378 0.01296484 0.01830830 0.01397859 0.00882031 
130.00000000 0.54750586 0.35603410 0.04216964 0.01303248 0.01832526 0.01406685 0.00886582 
130.50000000 0.54835103 0.35485482 0.04228461 0.01310094 0.01834245 0.01415461 0.00891154 
131.00000000 0.54918218 0.35368966 0.04239868 0.01317024 0.01835992 0.01424185 0.00895747 
131.50000000 0.54999912 0.35253879 0.04251185 0.01324037 0.01837769 0.01432857 0.00900362 
132.00000000 0.55080167 0.35140238 0.04262413 0.01331133 0.01839578 0.01441473 0.00904998 
132.50000000 0.55158966 0.35028062 0.04273553 0.01338309 0.01841421 0.01450034 0.00909655 
133.00000000 0.55236295 0.34917365 0.04284605 0.01345566 0.01843296 0.01458536 0.00914335 
133.50000000 0.55312144 0.34808161 0.04295568 0.01352903 0.01845206 0.01466979 0.00919038 
134.00000000 0.55386503 0.34700463 0.04306436 0.01360322 0.01847152 0.01475359 0.00923764 
134.50000000 0.55459360 0.34594285 0.04317206 0.01367823 0.01849138 0.01483673 0.00928514 
135.00000000 0.55530700 0.34489644 0.04327875 0.01375407 0.01851169 0.01491918 0.00933287 
135.50000000 0.55600505 0.34386556 0.04338440 0.01383076 0.01853248 0.01500090 0.00938085 
136.00000000 0.55668759 0.34285035 0.04348899 0.01390830 0.01855381 0.01508189 0.00942907 
136.50000000 0.55735452 0.34185090 0.04359254 0.01398669 0.01857571 0.01516212 0.00947752 
137.00000000 0.55800580 0.34086721 0.04369504 0.01406595 0.01859820 0.01524159 0.00952621 
137.50000000 0.55864140 0.33989928 0.04379650 0.01414608 0.01862130 0.01532031 0.00957513 
138.00000000 0.55926123 0.33894712 0.04389695 0.01422708 0.01864506 0.01539829 0.00962426 
138.50000000 0.55986506 0.33801092 0.04399643 0.01430895 0.01866946 0.01547556 0.00967362 
139.00000000 0.56045244 0.33709102 0.04409500 0.01439167 0.01869453 0.01555214 0.00972320 
139.50000000 0.56102275 0.33618799 0.04419272 0.01447524 0.01872025 0.01562804 0.00977300 
140.00000000 0.56157531 0.33530247 0.04428962 0.01455966 0.01874660 0.01570331 0.00982304 
140.50000000 0.56210943 0.33443514 0.04438569 0.01464492 0.01877355 0.01577795 0.00987331 
141.00000000 0.56262453 0.33358661 0.04448090 0.01473104 0.01880110 0.01585199 0.00992382 
141.50000000 0.56312012 0.33275737 0.04457521 0.01481802 0.01882925 0.01592545 0.00997458 
142.00000000 0.56359584 0.33194781 0.04466855 0.01490586 0.01885803 0.01599833 0.01002558 
142.50000000 0.56405136 0.33115825 0.04476092 0.01499453 0.01888748 0.01607064 0.01007683 
143.00000000 0.56448636 0.33038899 0.04485232 0.01508400 0.01891761 0.01614238 0.01012833 
143.50000000 0.56490054 0.32964035 0.04494277 0.01517425 0.01894845 0.01621356 0.01018009 
144.00000000 0.56529359 0.32891262 0.04503226 0.01526523 0.01898001 0.01628419 0.01023210 
144.50000000 0.56566527 0.32820609 0.04512078 0.01535692 0.01901231 0.01635426 0.01028438 
145.00000000 0.56601533 0.32752101 0.04520834 0.01544927 0.01904536 0.01642377 0.01033692 
145.50000000 0.56634351 0.32685768 0.04529490 0.01554225 0.01907919 0.01649273 0.01038973 
146.00000000 0.56664949 0.32621642 0.04538047 0.01563584 0.01911384 0.01656110 0.01044283 
146.50000000 0.56693284 0.32559764 0.04546506 0.01573000 0.01914933 0.01662889 0.01049622 
147.00000000 0.56719317 0.32500175 0.04554868 0.01582472 0.01918568 0.01669608 0.01054992 
147.50000000 0.56743015 0.32442907 0.04563131 0.01591997 0.01922292 0.01676264 0.01060393 
148.00000000 0.56764363 0.32387979 0.04571295 0.01601574 0.01926107 0.01682858 0.01065826 
148.50000000 0.56783366 0.32335385 0.04579356 0.01611201 0.01930015 0.01689387 0.01071289 
149.00000000 0.56800046 0.32285105 0.04587315 0.01620877 0.01934021 0.01695853 0.01076784 
149.50000000 0.56814431 0.32237106 0.04595173 0.01630598 0.01938129 0.01702255 0.01082309 
150.00000000 0.56826540 0.32191363 0.04602937 0.01640359 0.01942343 0.01708593 0.01087865 
150.50000000 0.56836384 0.32147860 0.04610616 0.01650156 0.01946667 0.01714865 0.01093452 
151.00000000 0.56843963 0.32106589 0.04618217 0.01659986 0.01951101 0.01721072 0.01099072 
151.50000000 0.56849273 0.32067553 0.04625746 0.01669844 0.01955647 0.01727212 0.01104725 
152.00000000 0.56852317 0.32030748 0.04633204 0.01679728 0.01960308 0.01733284 0.01110411 
152.50000000 0.56853105 0.31996167 0.04640591 0.01689635 0.01965085 0.01739285 0.01116132 
153.00000000 0.56851650 0.31963796 0.04647905 0.01699564 0.01969984 0.01745214 0.01121886 
153.50000000 0.56847969 0.31933622 0.04655147 0.01709512 0.01975008 0.01751068 0.01127674 
154.00000000 0.56842075 0.31905627 0.04662317 0.01719477 0.01980162 0.01756847 0.01133495 
154.50000000 0.56833980 0.31879795 0.04669421 0.01729454 0.01985450 0.01762549 0.01139351 
155.00000000 0.56823704 0.31856103 0.04676461 0.01739442 0.01990875 0.01768177 0.01145239 
155.50000000 0.56811276 0.31834518 0.04683441 0.01749437 0.01996439 0.01773730 0.01151158 
156.00000000 0.56796733 0.31815000 0.04690364 0.01759435 0.02002147 0.01779213 0.01157108 
156.50000000 0.56780111 0.31797507 0.04697235 0.01769433 0.02008003 0.01784626 0.01163085 
157.00000000 0.56761440 0.31782003 0.04704058 0.01779425 0.02014009 0.01789973 0.01169091 
157.50000000 0.56740734 0.31768468 0.04710841 0.01789407 0.02020170 0.01795255 0.01175125 
158.00000000 0.56717994 0.31756895 0.04717589 0.01799375 0.02026487 0.01800473 0.01181187 
158.50000000 0.56693214 0.31747283 0.04724307 0.01809328 0.02032962 0.01805627 0.01187279 
159.00000000 0.56666396 0.31739631 0.04730996 0.01819263 0.02039597 0.01810717 0.01193400 
159.50000000 0.56637548 0.31733932 0.04737653 0.01829181 0.02046394 0.01815743 0.01199549 
160.00000000 0.56606690 0.31730167 0.04744276 0.01839083 0.02053355 0.01820703 0.01205726 
160.50000000 0.56573842 0.31728318 0.04750863 0.01848968 0.02060483 0.01825598 0.01211927 
161.00000000 0.56539019 0.31728366 0.04757414 0.01858839 0.02067780 0.01830429 0.01218153 
161.50000000 0.56502227 0.31730300 0.04763933 0.01868693 0.02075248 0.01835199 0.01224401 
162.00000000 0.56463471 0.31734108 0.04770424 0.01878531 0.02082886 0.01839908 0.01230670 
162.50000000 0.56422763 0.31739777 0.04776893 0.01888354 0.02090694 0.01844559 0.01236960 
163.00000000 0.56380128 0.31747276 0.04783340 0.01898161 0.02098671 0.01849156 0.01243269 
163.50000000 0.56335610 0.31756565 0.04789765 0.01907954 0.02106813 0.01853700 0.01249595 
164.00000000 0.56289266 0.31767586 0.04796165 0.01917734 0.02115120 0.01858194 0.01255935 
164.50000000 0.56241161 0.31780278 0.04802540 0.01927503 0.02123588 0.01862641 0.01262289 
165.00000000 0.56191362 0.31794576 0.04808885 0.01937263 0.02132214 0.01867044 0.01268654 
165.50000000 0.56139939 0.31810410 0.04815201 0.01947017 0.02140996 0.01871406 0.01275031 
166.00000000 0.56086969 0.31827703 0.04821486 0.01956768 0.02149928 0.01875728 0.01281418 
166.50000000 0.56032537 0.31846371 0.04827740 0.01966519 0.02159008 0.01880013 0.01287813 
167.00000000 0.55976735 0.31866322 0.04833960 0.01976274 0.02168234 0.01884263 0.01294212 
167.50000000 0.55919651 0.31887471 0.04840147 0.01986037 0.02177602 0.01888479 0.01300612 
168.00000000 0.55861357 0.31909741 0.04846302 0.01995811 0.02187113 0.01892666 0.01307011 
168.50000000 0.55801901 0.31933080 0.04852427 0.02005598 0.02196763 0.01896825 0.01313407 
169.00000000 0.55741312 0.31957456 0.04858529 0.02015398 0.02206551 0.01900957 0.01319797 
169.50000000 0.55679598 0.31982856 0.04864612 0.02025215 0.02216475 0.01905064 0.01326181 
170.00000000 0.55616762 0.32009277 0.04870679 0.02035049 0.02226533 0.01909144 0.01332556 
170.50000000 0.55552807 0.32036718 0.04876732 0.02044906 0.02236723 0.01913195 0.01338919 
171.00000000 0.55487736 0.32065181 0.04882769 0.02054788 0.02247044 0.01917214 0.01345267 
171.50000000 0.55421551 0.32094671 0.04888789 0.02064700 0.02257492 0.01921201 0.01351596 
172.00000000 0.55354244 0.32125200 0.04894792 0.02074645 0.02268066 0.01925153 0.01357900 
172.50000000 0.55285803 0.32156783 0.04900778 0.02084626 0.02278763 0.01929071 0.01364176 
173.00000000 0.55216211 0.32189437 0.04906752 0.02094646 0.02289578 0.01932955 0.01370421 
173.50000000 0.55145458 0.32223171 0.04912717 0.02104706 0.02300509 0.01936807 0.01376632 
174.00000000 0.55073545 0.32257986 0.04918678 0.02114808 0.02311551 0.01940627 0.01382805 
174.50000000 0.55000485 0.32293869 0.04924637 0.02124956 0.02322700 0.01944417 0.01388936 
175.00000000 0.54926300 0.32330800 0.04930595 0.02135152 0.02333951 0.01948179 0.01395023 
175.50000000 0.54851012 0.32368760 0.04936553 0.02145398 0.02345300 0.01951914 0.01401063 
176.00000000 0.54774643 0.32407728 0.04942510 0.02155697 0.02356743 0.01955625 0.01407055 
176.50000000 0.54697211 0.32447689 0.04948469 0.02166049 0.02368273 0.01959310 0.01412999 
177.00000000 0.54618740 0.32488622 0.04954431 0.02176458 0.02379886 0.01962968 0.01418895 
177.50000000 0.54539259 0.32530501 0.04960398 0.02186926 0.02391577 0.01966597 0.01424743 
178.00000000 0.54458806 0.32573292 0.04966372 0.02197455 0.02403341 0.01970193 0.01430540 
178.50000000 0.54377420 0.32616962 0.04972355 0.02208048 0.02415175 0.01973754 0.01436285 
179.00000000 0.54295137 0.32661476 0.04978353 0.02218707 0.02427073 0.01977278 0.01441976 
179.50000000 0.54211983 0.32706807 0.04984371 0.02229430 0.02439032 0.01980765 0.01447612 
180.00000000 0.54127980 0.32752931 0.04990416 0.02240217 0.02451049 0.01984214 0.01453192 
180.50000000 0.54043153 0.32799823 0.04996496 0.02251065 0.02463120 0.01987628 0.01458715 
181.00000000 0.53957534 0.32847449 0.05002618 0.02261972 0.02475242 0.01991004 0.01464181 
181.50000000 0.53871174 0.32895760 0.05008783 0.02272937 0.02487410 0.01994345 0.01469590 
182.00000000 0.53784135 0.32944699 0.05014994 0.02283959 0.02499622 0.01997650 0.01474941 
182.50000000 0.53696491 0.32994196 0.05021247 0.02295039 0.02511875 0.02000919 0.01480233 
183.00000000 0.53608313 0.33044185 0.05027542 0.02306173 0.02524166 0.02004154 0.01485468 
183.50000000 0.53519669 0.33094601 0.05033875 0.02317362 0.02536493 0.02007356 0.01490645 
184.00000000 0.53430620 0.33145384 0.05040247 0.02328600 0.02548855 0.02010526 0.01495768 
184.50000000 0.53341221 0.33196484 0.05046655 0.02339886 0.02561250 0.02013665 0.01500839 
185.00000000 0.53251524 0.33247854 0.05053098 0.02351214 0.02573677 0.02016774 0.01505859 
185.50000000 0.53161573 0.33299452 0.05059574 0.02362584 0.02586134 0.02019853 0.01510832 
186.00000000 0.53071404 0.33351247 0.05066081 0.02373990 0.02598618 0.02022904 0.01515756 
186.50000000 0.52981042 0.33403220 0.05072615 0.02385431 0.02611129 0.02025930 0.01520633 
187.00000000 0.52890501 0.33455362 0.05079175 0.02396903 0.02623664 0.02028932 0.01525464 
187.50000000 0.52799785 0.33507674 0.05085758 0.02408402 0.02636220 0.02031911 0.01530249 
188.00000000 0.52708898 0.33560160 0.05092363 0.02419926 0.02648795 0.02034867 0.01534991 
188.50000000 0.52617847 0.33612822 0.05098986 0.02431473 0.02661383 0.02037799 0.01539689 
189.00000000 0.52526646 0.33665654 0.05105625 0.02443044 0.02673983 0.02040705 0.01544343 
189.50000000 0.52435315 0.33718646 0.05112277 0.02454637 0.02686590 0.02043582 0.01548954 
190.00000000 0.52343873 0.33771783 0.05118940 0.02466252 0.02699202 0.02046429 0.01553520 
190.50000000 0.52252335 0.33825052 0.05125617 0.02477885 0.02711819 0.02049249 0.01558044 
191.00000000 0.52160710 0.33878442 0.05132309 0.02489534 0.02724437 0.02052042 0.01562524 
191.50000000 0.52069006 0.33931946 0.05139021 0.02501194 0.02737057 0.02054812 0.01566964 
192.00000000 0.51977229 0.33985556 0.05145752 0.02512859 0.02749677 0.02057563 0.01571365 
192.50000000 0.51885398 0.34039255 0.05152504 0.02524525 0.02762294 0.02060299 0.01575726 
193.00000000 0.51793541 0.34093016 0.05159272 0.02536189 0.02774907 0.02063026 0.01580049 
193.50000000 0.51701701 0.34146804 0.05166053 0.02547846 0.02787514 0.02065748 0.01584334 
194.00000000 0.51609925 0.34200572 0.05172845 0.02559495 0.02800113 0.02068470 0.01588579 
194.50000000 0.51518266 0.34254276 0.05179644 0.02571131 0.02812701 0.02071196 0.01592786 
195.00000000 0.51426775 0.34307867 0.05186450 0.02582750 0.02825279 0.02073926 0.01596954 
195.50000000 0.51335501 0.34361303 0.05193263 0.02594347 0.02837844 0.02076658 0.01601084 
196.00000000 0.51244493 0.34414539 0.05200083 0.02605918 0.02850397 0.02079392 0.01605177 
196.50000000 0.51153797 0.34467534 0.05206914 0.02617459 0.02862937 0.02082126 0.01609233 
197.00000000 0.51063459 0.34520245 0.05213757 0.02628963 0.02875466 0.02084859 0.01613252 
197.50000000 0.50973516 0.34572636 0.05220616 0.02640424 0.02887983 0.02087591 0.01617234 
198.00000000 0.50883998 0.34624676 0.05227497 0.02651835 0.02900488 0.02090326 0.01621180 
198.50000000 0.50794925 0.34676343 0.05234405 0.02663190 0.02912983 0.02093065 0.01625089 
199.00000000 0.50706313 0.34727620 0.05241344 0.02674479 0.02925467 0.02095813 0.01628964 
199.50000000 0.50618178 0.34778492 0.05248317 0.02685697 0.02937938 0.02098573 0.01632804 
200.00000000 0.50530543 0.34828938 0.05255324 0.02696838 0.02950397 0.02101349 0.01636611 
200.50000000 0.50443438 0.34878929 0.05262366 0.02707896 0.02962841 0.02104145 0.01640385 
201.00000000 0.50356897 0.34928431 0.05269444 0.02718869 0.02975269 0.02106963 0.01644127 
201.50000000 0.50270952 0.34977409 0.05276562 0.02729750 0.02987681 0.02109806 0.01647840 
202.00000000 0.50185629 0.35025832 0.05283726 0.02740536 0.03000077 0.02112674 0.01651526 
202.50000000 0.50100944 0.35073679 0.05290943 0.02751222 0.03012456 0.02115568 0.01655188 
203.00000000 0.50016904 0.35120939 0.05298219 0.02761803 0.03024820 0.02118485 0.01658829 
203.50000000 0.49933511 0.35167607 0.05305559 0.02772277 0.03037168 0.02121428 0.01662451 
204.00000000 0.49850765 0.35213681 0.05312963 0.02782639 0.03049497 0.02124397 0.01666057 
204.50000000 0.49768669 0.35259163 0.05320433 0.02792889 0.03061803 0.02127395 0.01669648 
205.00000000 0.49687221 0.35304057 0.05327964 0.02803025 0.03074082 0.02130426 0.01673225 
205.50000000 0.49606416 0.35348371 0.05335555 0.02813048 0.03086329 0.02133493 0.01676789 
206.00000000 0.49526243 0.35392120 0.05343204 0.02822957 0.03098537 0.02136598 0.01680340 
206.50000000 0.49446687 0.35435325 0.05350909 0.02832752 0.03110703 0.02139744 0.01683881 
207.00000000 0.49367730 0.35478006 0.05358666 0.02842433 0.03122820 0.02142931 0.01687413 
207.50000000 0.49289358 0.35520181 0.05366474 0.02852001 0.03134887 0.02146160 0.01690939 
208.00000000 0.49211556 0.35561865 0.05374333 0.02861456 0.03146899 0.02149430 0.01694462 
208.50000000 0.49134313 0.35603065 0.05382245 0.02870798 0.03158855 0.02152742 0.01697983 
209.00000000 0.49057619 0.35643786 0.05390214 0.02880026 0.03170752 0.02156096 0.01701507 
209.50000000 0.48981465 0.35684028 0.05398248 0.02889140 0.03182590 0.02159492 0.01705037 
210.00000000 0.48905850 0.35723785 0.05406353 0.02898138 0.03194367 0.02162930 0.01708576 
210.50000000 0.48830784 0.35763043 0.05414534 0.02907018 0.03206084 0.02166412 0.01712125 
211.00000000 0.48756291 0.35801775 0.05422793 0.02915777 0.03217738 0.02169939 0.01715688 
211.50000000 0.48682413 0.35839940 0.05431129 0.02924414 0.03229325 0.02173514 0.01719266 
212.00000000 0.48609203 0.35877488 0.05439541 0.02932928 0.03240841 0.02177140 0.01722860 
212.50000000 0.48536716 0.35914368 0.05448028 0.02941319 0.03252278 0.02180819 0.01726472 
213.00000000 0.48465001 0.35950533 0.05456590 0.02949584 0.03263633 0.02184553 0.01730105 
213.50000000 0.48394094 0.35985949 0.05465231 0.02957723 0.03274900 0.02188339 0.01733763 
214.00000000 0.48324015 0.36020595 0.05473954 0.02965733 0.03286077 0.02192176 0.01737450 
214.50000000 0.48254769 0.36054463 0.05482763 0.02973612 0.03297160 0.02196063 0.01741169 
215.00000000 0.48186356 0.36087553 0.05491662 0.02981358 0.03308149 0.02199998 0.01744924 
215.50000000 0.48118767 0.36119869 0.05500654 0.02988969 0.03319039 0.02203984 0.01748718 
216.00000000 0.48051992 0.36151414 0.05509743 0.02996447 0.03329829 0.02208020 0.01752553 
216.50000000 0.47986024 0.36182191 0.05518936 0.03003790 0.03340515 0.02212111 0.01756432 
217.00000000 0.47920855 0.36212198 0.05528237 0.03011000 0.03351094 0.02216260 0.01760355 
217.50000000 0.47856487 0.36241429 0.05537651 0.03018075 0.03361563 0.02220470 0.01764325 
218.00000000 0.47792928 0.36269871 0.05547178 0.03025018 0.03371920 0.02224745 0.01768341 
218.50000000 0.47730195 0.36297503 0.05556821 0.03031826 0.03382163 0.02229087 0.01772403 
219.00000000 0.47668311 0.36324305 0.05566577 0.03038504 0.03392291 0.02233499 0.01776514 
219.50000000 0.47607295 0.36350253 0.05576445 0.03045053 0.03402301 0.02237980 0.01780673 
220.00000000 0.47547160 0.36375333 0.05586427 0.03051475 0.03412192 0.02242530 0.01784882 
