0.00000000 0.00225937 0.01191697 0.76937613 0.00190601 0.00102365 0.20810004 0.00541781 
0.50000000 0.00225940 0.01191700 0.76937940 0.00190606 0.00102366 0.20809684 0.00541764 
1.00000000 0.00225949 0.01191709 0.76938880 0.00190620 0.00102368 0.20808760 0.00541714 
1.50000000 0.00225965 0.01191725 0.76940525 0.00190644 0.00102371 0.20807141 0.00541630 
2.00000000 0.00225990 0.01191752 0.76942911 0.00190678 0.00102376 0.20804779 0.00541513 
2.50000000 0.00226029 0.01191798 0.76946204 0.00190725 0.00102384 0.20801501 0.00541360 
3.00000000 0.00226084 0.01191872 0.76950630 0.00190784 0.00102395 0.20797073 0.00541162 
3.50000000 0.00226159 0.01191989 0.76956462 0.00190853 0.00102410 0.20791222 0.00540904 
4.00000000 0.00226259 0.01192160 0.76963941 0.00190931 0.00102429 0.20783707 0.00540573 
4.50000000 0.00226385 0.01192392 0.76973133 0.00191015 0.00102451 0.20774459 0.00540165 
5.00000000 0.00226537 0.01192684 0.76983888 0.00191106 0.00102475 0.20763624 0.00539686 
5.50000000 0.00226712 0.01193025 0.76995863 0.00191205 0.00102502 0.20751540 0.00539154 
6.00000000 0.00226904 0.01193405 0.77008668 0.00191315 0.00102533 0.20738594 0.00538583 
6.50000000 0.00227108 0.01193815 0.77022016 0.00191437 0.00102570 0.20725072 0.00537982 
7.00000000 0.00227321 0.01194257 0.77035823 0.00191571 0.00102616 0.20711063 0.00537348 
7.50000000 0.00227545 0.01194742 0.77050170 0.00191715 0.00102675 0.20696483 0.00536672 
8.00000000 0.00227783 0.01195278 0.77065189 0.00191865 0.00102746 0.20681190 0.00535949 
8.50000000 0.00228041 0.01195875 0.77080944 0.00192025 0.00102831 0.20665100 0.00535184 
9.00000000 0.00228323 0.01196530 0.77097406 0.00192198 0.00102931 0.20648222 0.00534389 
9.50000000 0.00228633 0.01197240 0.77114537 0.00192391 0.00103047 0.20630578 0.00533574 
10.00000000 0.00228974 0.01198001 0.77132401 0.00192609 0.00103182 0.20612094 0.00532737 
10.50000000 0.00229347 0.01198817 0.77151210 0.00192855 0.00103338 0.20592564 0.00531869 
11.00000000 0.00229756 0.01199696 0.77171218 0.00193126 0.00103518 0.20571734 0.00530953 
11.50000000 0.00230202 0.01200645 0.77192541 0.00193422 0.00103727 0.20549476 0.00529986 
12.00000000 0.00230691 0.01201666 0.77215022 0.00193746 0.00103967 0.20525922 0.00528986 
12.50000000 0.00231220 0.01202750 0.77238250 0.00194105 0.00104241 0.20501449 0.00527984 
13.00000000 0.00231787 0.01203886 0.77261754 0.00194509 0.00104556 0.20476493 0.00527016 
13.50000000 0.00232387 0.01205068 0.77285276 0.00194965 0.00104917 0.20451289 0.00526098 
14.00000000 0.00233017 0.01206303 0.77308930 0.00195475 0.00105332 0.20425720 0.00525223 
14.50000000 0.00233679 0.01207611 0.77333144 0.00196033 0.00105804 0.20399369 0.00524360 
15.00000000 0.00234379 0.01209014 0.77358381 0.00196630 0.00106333 0.20371786 0.00523477 
15.50000000 0.00235122 0.01210520 0.77384818 0.00197257 0.00106915 0.20342806 0.00522562 
16.00000000 0.00235915 0.01212118 0.77412164 0.00197912 0.00107544 0.20312720 0.00521627 
16.50000000 0.00236758 0.01213779 0.77439769 0.00198598 0.00108213 0.20282182 0.00520702 
17.00000000 0.00237644 0.01215468 0.77466930 0.00199321 0.00108921 0.20251898 0.00519817 
17.50000000 0.00238569 0.01217163 0.77493221 0.00200087 0.00109671 0.20222306 0.00518984 
18.00000000 0.00239529 0.01218865 0.77518632 0.00200894 0.00110465 0.20193425 0.00518190 
18.50000000 0.00240530 0.01220595 0.77543445 0.00201738 0.00111306 0.20164970 0.00517416 
19.00000000 0.00241582 0.01222382 0.77567972 0.00202617 0.00112194 0.20136604 0.00516650 
19.50000000 0.00242700 0.01224252 0.77592330 0.00203530 0.00113128 0.20108164 0.00515897 
20.00000000 0.00243894 0.01226217 0.77616429 0.00204485 0.00114109 0.20079686 0.00515180 
20.50000000 0.00245168 0.01228282 0.77640159 0.00205492 0.00115139 0.20051238 0.00514522 
21.00000000 0.00246522 0.01230448 0.77663611 0.00206559 0.00116222 0.20022711 0.00513926 
21.50000000 0.00247952 0.01232723 0.77687099 0.00207687 0.00117365 0.19993800 0.00513373 
22.00000000 0.00249457 0.01235115 0.77710941 0.00208866 0.00118569 0.19964211 0.00512840 
22.50000000 0.00251038 0.01237621 0.77735094 0.00210086 0.00119831 0.19934015 0.00512314 
23.00000000 0.00252697 0.01240216 0.77758891 0.00211341 0.00121145 0.19903893 0.00511817 
23.50000000 0.00254429 0.01242846 0.77781081 0.00212634 0.00122505 0.19875104 0.00511402 
24.00000000 0.00256223 0.01245445 0.77800179 0.00213976 0.00123913 0.19849131 0.00511132 
24.50000000 0.00258063 0.01247954 0.77814974 0.00215382 0.00125377 0.19827191 0.00511058 
25.00000000 0.00259935 0.01250347 0.77824924 0.00216858 0.00126908 0.19809832 0.00511197 
25.50000000 0.00261836 0.01252636 0.77830237 0.00218403 0.00128513 0.19796844 0.00511531 
26.00000000 0.00263779 0.01254869 0.77831624 0.00220005 0.00130198 0.19787497 0.00512027 
26.50000000 0.00265789 0.01257104 0.77829868 0.00221653 0.00131960 0.19780968 0.00512657 
27.00000000 0.00267894 0.01259386 0.77825466 0.00223342 0.00133795 0.19776704 0.00513413 
27.50000000 0.00270115 0.01261734 0.77818542 0.00225074 0.00135702 0.19774528 0.00514304 
28.00000000 0.00272458 0.01264149 0.77809014 0.00226857 0.00137683 0.19774490 0.00515349 
28.50000000 0.00274917 0.01266625 0.77796822 0.00228696 0.00139746 0.19776641 0.00516553 
29.00000000 0.00277481 0.01269160 0.77782009 0.00230591 0.00141897 0.19780955 0.00517908 
29.50000000 0.00280143 0.01271758 0.77764574 0.00232533 0.00144139 0.19787452 0.00519401 
30.00000000 0.00282903 0.01274419 0.77744240 0.00234515 0.00146469 0.19796427 0.00521027 
30.50000000 0.00285766 0.01277123 0.77720307 0.00236535 0.00148880 0.19808588 0.00522801 
31.00000000 0.00288732 0.01279828 0.77691762 0.00238605 0.00151370 0.19824951 0.00524754 
31.50000000 0.00291791 0.01282480 0.77657627 0.00240740 0.00153942 0.19846505 0.00526914 
32.00000000 0.00294929 0.01285041 0.77617367 0.00242956 0.00156605 0.19873807 0.00529295 
32.50000000 0.00298134 0.01287499 0.77571121 0.00245261 0.00159368 0.19906741 0.00531876 
33.00000000 0.00301405 0.01289884 0.77519622 0.00247648 0.00162233 0.19944589 0.00534619 
33.50000000 0.00304762 0.01292243 0.77463840 0.00250107 0.00165194 0.19986376 0.00537477 
34.00000000 0.00308235 0.01294618 0.77404581 0.00252626 0.00168241 0.20031278 0.00540421 
34.50000000 0.00311852 0.01297020 0.77342250 0.00255204 0.00171361 0.20078864 0.00543447 
35.00000000 0.00315631 0.01299434 0.77276902 0.00257850 0.00174554 0.20129059 0.00546568 
35.50000000 0.00319568 0.01301828 0.77208481 0.00260580 0.00177828 0.20181913 0.00549802 
36.00000000 0.00323649 0.01304179 0.77137044 0.00263406 0.00181197 0.20237368 0.00553157 
36.50000000 0.00327857 0.01306492 0.77062826 0.00266333 0.00184676 0.20295183 0.00556633 
37.00000000 0.00332187 0.01308799 0.76986145 0.00269355 0.00188268 0.20355020 0.00560226 
37.50000000 0.00336650 0.01311139 0.76907216 0.00272464 0.00191970 0.20416624 0.00563937 
38.00000000 0.00341263 0.01313539 0.76826014 0.00275654 0.00195775 0.20479983 0.00567771 
38.50000000 0.00346033 0.01316000 0.76742268 0.00278927 0.00199684 0.20545346 0.00571741 
39.00000000 0.00350957 0.01318497 0.76655588 0.00282288 0.00203703 0.20613111 0.00575855 
39.50000000 0.00356013 0.01321008 0.76565641 0.00285739 0.00207845 0.20683645 0.00580109 
40.00000000 0.00361180 0.01323520 0.76472236 0.00289276 0.00212117 0.20757182 0.00584488 
40.50000000 0.00366447 0.01326040 0.76375288 0.00292886 0.00216515 0.20833853 0.00588971 
41.00000000 0.00371819 0.01328576 0.76274671 0.00296553 0.00221024 0.20913817 0.00593539 
41.50000000 0.00377317 0.01331122 0.76170101 0.00300264 0.00225631 0.20997386 0.00598179 
42.00000000 0.00382962 0.01333636 0.76061099 0.00304019 0.00230330 0.21085066 0.00602889 
42.50000000 0.00388764 0.01336056 0.75947083 0.00307830 0.00235131 0.21177461 0.00607674 
43.00000000 0.00394719 0.01338324 0.75827553 0.00311712 0.00240056 0.21275096 0.00612541 
43.50000000 0.00400818 0.01340414 0.75702261 0.00315675 0.00245125 0.21378210 0.00617496 
44.00000000 0.00407061 0.01342360 0.75571348 0.00319717 0.00250346 0.21486625 0.00622543 
44.50000000 0.00413469 0.01344240 0.75435361 0.00323828 0.00255715 0.21599706 0.00627681 
45.00000000 0.00420086 0.01346154 0.75295160 0.00327989 0.00261221 0.21716486 0.00632903 
45.50000000 0.00426958 0.01348187 0.75151680 0.00332190 0.00266855 0.21835934 0.00638196 
46.00000000 0.00434119 0.01350381 0.75005654 0.00336425 0.00272614 0.21957261 0.00643546 
46.50000000 0.00441573 0.01352739 0.74857392 0.00340695 0.00278501 0.22080162 0.00648939 
47.00000000 0.00449298 0.01355239 0.74706715 0.00345005 0.00284513 0.22204866 0.00654364 
47.50000000 0.00457259 0.01357861 0.74553079 0.00349356 0.00290639 0.22331996 0.00659810 
48.00000000 0.00465429 0.01360598 0.74395837 0.00353742 0.00296855 0.22462274 0.00665264 
48.50000000 0.00473803 0.01363449 0.74234510 0.00358157 0.00303135 0.22596233 0.00670712 
49.00000000 0.00482390 0.01366397 0.74068886 0.00362600 0.00309462 0.22734128 0.00676138 
49.50000000 0.00491200 0.01369400 0.73898901 0.00367078 0.00315830 0.22876063 0.00681527 
50.00000000 0.00500235 0.01372396 0.73724449 0.00371605 0.00322248 0.23022189 0.00686877 
50.50000000 0.00509475 0.01375328 0.73545325 0.00376202 0.00328730 0.23172751 0.00692190 
51.00000000 0.00518895 0.01378182 0.73361406 0.00380877 0.00335280 0.23327883 0.00697476 
51.50000000 0.00528480 0.01381002 0.73172986 0.00385631 0.00341891 0.23487268 0.00702742 
52.00000000 0.00538238 0.01383871 0.72981001 0.00390448 0.00348549 0.23649904 0.00707990 
52.50000000 0.00548199 0.01386879 0.72786935 0.00395306 0.00355244 0.23814225 0.00713212 
53.00000000 0.00558398 0.01390080 0.72592385 0.00400189 0.00361978 0.23978570 0.00718399 
53.50000000 0.00568858 0.01393473 0.72398502 0.00405087 0.00368763 0.24141773 0.00723544 
54.00000000 0.00579571 0.01397011 0.72205597 0.00410002 0.00375614 0.24303557 0.00728647 
54.50000000 0.00590500 0.01400638 0.72013143 0.00414940 0.00382536 0.24464527 0.00733715 
55.00000000 0.00601601 0.01404318 0.71820159 0.00419901 0.00389518 0.24625745 0.00738757 
55.50000000 0.00612842 0.01408052 0.71625792 0.00424878 0.00396541 0.24788113 0.00743782 
56.00000000 0.00624221 0.01411863 0.71429720 0.00429860 0.00403589 0.24951956 0.00748791 
56.50000000 0.00635764 0.01415768 0.71232137 0.00434841 0.00410662 0.25117048 0.00753779 
57.00000000 0.00647505 0.01419759 0.71033362 0.00439824 0.00417775 0.25283036 0.00758740 
57.50000000 0.00659470 0.01423801 0.70833390 0.00444822 0.00424945 0.25449905 0.00763667 
58.00000000 0.00671664 0.01427865 0.70631760 0.00449847 0.00432181 0.25618128 0.00768555 
58.50000000 0.00684072 0.01431949 0.70427822 0.00454906 0.00439468 0.25788384 0.00773399 
59.00000000 0.00696678 0.01436089 0.70221228 0.00459996 0.00446781 0.25961040 0.00778188 
59.50000000 0.00709485 0.01440338 0.70012277 0.00465099 0.00454097 0.26135797 0.00782907 
60.00000000 0.00722508 0.01444733 0.69801823 0.00470201 0.00461414 0.26311783 0.00787539 
60.50000000 0.00735769 0.01449262 0.69590801 0.00475294 0.00468751 0.26488049 0.00792073 
61.00000000 0.00749272 0.01453870 0.69379680 0.00480384 0.00476142 0.26664145 0.00796507 
61.50000000 0.00762990 0.01458492 0.69168219 0.00485488 0.00483608 0.26840355 0.00800848 
62.00000000 0.00776868 0.01463087 0.68955715 0.00490627 0.00491156 0.27017438 0.00805109 
62.50000000 0.00790852 0.01467669 0.68741585 0.00495816 0.00498772 0.27195996 0.00809310 
63.00000000 0.00804906 0.01472296 0.68525922 0.00501059 0.00506443 0.27375910 0.00813463 
63.50000000 0.00819034 0.01477039 0.68309618 0.00506350 0.00514169 0.27556209 0.00817582 
64.00000000 0.00833262 0.01481941 0.68093981 0.00511683 0.00521962 0.27735499 0.00821671 
64.50000000 0.00847627 0.01487006 0.67880107 0.00517051 0.00529843 0.27912635 0.00825731 
65.00000000 0.00862144 0.01492206 0.67668399 0.00522458 0.00537816 0.28087222 0.00829754 
65.50000000 0.00876798 0.01497508 0.67458525 0.00527914 0.00545864 0.28259671 0.00833721 
66.00000000 0.00891554 0.01502895 0.67249784 0.00533423 0.00553950 0.28430790 0.00837603 
66.50000000 0.00906373 0.01508374 0.67041633 0.00538982 0.00562037 0.28601231 0.00841370 
67.00000000 0.00921235 0.01513950 0.66834010 0.00544575 0.00570109 0.28771125 0.00844996 
67.50000000 0.00936143 0.01519612 0.66627266 0.00550181 0.00578179 0.28940151 0.00848468 
68.00000000 0.00951117 0.01525318 0.66421776 0.00555787 0.00586283 0.29107932 0.00851787 
68.50000000 0.00966173 0.01531023 0.66217548 0.00561395 0.00594455 0.29274442 0.00854963 
69.00000000 0.00981317 0.01536704 0.66014132 0.00567016 0.00602710 0.29440112 0.00858009 
69.50000000 0.00996536 0.01542386 0.65810895 0.00572670 0.00611029 0.29605544 0.00860940 
70.00000000 0.01011821 0.01548142 0.65607490 0.00578360 0.00619375 0.29771042 0.00863771 
70.50000000 0.01027174 0.01554061 0.65404154 0.00584075 0.00627711 0.29936305 0.00866520 
71.00000000 0.01042622 0.01560209 0.65201634 0.00589788 0.00636015 0.30100525 0.00869207 
71.50000000 0.01058207 0.01566602 0.65000767 0.00595470 0.00644283 0.30262823 0.00871846 
72.00000000 0.01073968 0.01573207 0.64802026 0.00601106 0.00652520 0.30422737 0.00874436 
72.50000000 0.01089918 0.01579964 0.64605284 0.00606703 0.00660720 0.30580454 0.00876957 
73.00000000 0.01106039 0.01586827 0.64409946 0.00612284 0.00668865 0.30736663 0.00879376 
73.50000000 0.01122291 0.01593773 0.64215336 0.00617877 0.00676930 0.30892134 0.00881660 
74.00000000 0.01138634 0.01600803 0.64021108 0.00623496 0.00684909 0.31047266 0.00883784 
74.50000000 0.01155044 0.01607921 0.63827448 0.00629142 0.00692827 0.31201870 0.00885748 
75.00000000 0.01171522 0.01615113 0.63634951 0.00634809 0.00700747 0.31355289 0.00887568 
75.50000000 0.01188087 0.01622356 0.63444304 0.00640503 0.00708742 0.31506740 0.00889268 
76.00000000 0.01204756 0.01629630 0.63255987 0.00646247 0.00716874 0.31655637 0.00890869 
76.50000000 0.01221533 0.01636946 0.63070182 0.00652082 0.00725170 0.31801708 0.00892379 
77.00000000 0.01238397 0.01644346 0.62886885 0.00658042 0.00733622 0.31944914 0.00893795 
77.50000000 0.01255308 0.01651888 0.62706088 0.00664137 0.00742206 0.32085258 0.00895116 
78.00000000 0.01272229 0.01659612 0.62527885 0.00670343 0.00750906 0.32222675 0.00896351 
78.50000000 0.01289138 0.01667514 0.62352440 0.00676613 0.00759727 0.32357047 0.00897521 
79.00000000 0.01306039 0.01675548 0.62179858 0.00682898 0.00768695 0.32488309 0.00898652 
79.50000000 0.01322953 0.01683653 0.62010081 0.00689175 0.00777829 0.32616546 0.00899762 
80.00000000 0.01339906 0.01691783 0.61842861 0.00695451 0.00787128 0.32742022 0.00900850 
80.50000000 0.01356908 0.01699934 0.61677818 0.00701754 0.00796557 0.32865128 0.00901902 
81.00000000 0.01373955 0.01708133 0.61514557 0.00708112 0.00806067 0.32986266 0.00902910 
81.50000000 0.01391042 0.01716420 0.61352783 0.00714527 0.00815612 0.33105728 0.00903888 
82.00000000 0.01408170 0.01724817 0.61192370 0.00720983 0.00825167 0.33223618 0.00904875 
82.50000000 0.01425367 0.01733319 0.61033343 0.00727452 0.00834728 0.33339867 0.00905925 
83.00000000 0.01442674 0.01741898 0.60875820 0.00733916 0.00844296 0.33454313 0.00907084 
83.50000000 0.01460130 0.01750531 0.60719955 0.00740384 0.00853862 0.33566780 0.00908359 
84.00000000 0.01477744 0.01759215 0.60565883 0.00746879 0.00863397 0.33677162 0.00909720 
84.50000000 0.01495483 0.01767963 0.60413681 0.00753423 0.00872863 0.33785479 0.00911110 
85.00000000 0.01513275 0.01776786 0.60263351 0.00760015 0.00882231 0.33891867 0.00912475 
85.50000000 0.01531046 0.01785678 0.60114868 0.00766627 0.00891508 0.33996485 0.00913788 
86.00000000 0.01548742 0.01794610 0.59968262 0.00773221 0.00900731 0.34099380 0.00915054 
86.50000000 0.01566358 0.01803545 0.59823706 0.00779769 0.00909961 0.34200367 0.00916294 
87.00000000 0.01583924 0.01812473 0.59681532 0.00786280 0.00919248 0.34299019 0.00917525 
87.50000000 0.01601485 0.01821421 0.59542158 0.00792789 0.00928610 0.34394792 0.00918745 
88.00000000 0.01619071 0.01830456 0.59405931 0.00799339 0.00938025 0.34487239 0.00919940 
88.50000000 0.01636678 0.01839648 0.59272987 0.00805948 0.00947443 0.34576189 0.00921108 
89.00000000 0.01654280 0.01849051 0.59143224 0.00812600 0.00956810 0.34661761 0.00922274 
89.50000000 0.01671856 0.01858676 0.59016423 0.00819249 0.00966089 0.34744219 0.00923488 
90.00000000 0.01689407 0.01868503 0.58892463 0.00825839 0.00975265 0.34823720 0.00924803 
90.50000000 0.01706969 0.01878492 0.58771527 0.00832336 0.00984343 0.34900091 0.00926243 
91.00000000 0.01724585 0.01888604 0.58654176 0.00838733 0.00993328 0.34972794 0.00927780 
91.50000000 0.01742276 0.01898808 0.58541205 0.00845043 0.01002227 0.35041097 0.00929344 
92.00000000 0.01760021 0.01909078 0.58433355 0.00851283 0.01011045 0.35104372 0.00930848 
92.50000000 0.01777764 0.01919380 0.58331050 0.00857452 0.01019799 0.35162323 0.00932232 
93.00000000 0.01795444 0.01929673 0.58234287 0.00863542 0.01028526 0.35215035 0.00933492 
93.50000000 0.01813034 0.01939913 0.58142710 0.00869544 0.01037276 0.35262851 0.00934672 
94.00000000 0.01830557 0.01950071 0.58055784 0.00875471 0.01046096 0.35306184 0.00935837 
94.50000000 0.01848076 0.01960137 0.57972974 0.00881356 0.01055015 0.35345398 0.00937044 
95.00000000 0.01865659 0.01970130 0.57893795 0.00887238 0.01064024 0.35380836 0.00938317 
95.50000000 0.01883338 0.01980081 0.57817741 0.00893138 0.01073089 0.35412956 0.00939657 
96.00000000 0.01901095 0.01990014 0.57744189 0.00899046 0.01082155 0.35442436 0.00941065 
96.50000000 0.01918879 0.01999944 0.57672398 0.00904920 0.01091180 0.35470119 0.00942561 
97.00000000 0.01936644 0.02009871 0.57601686 0.00910715 0.01100140 0.35496758 0.00944187 
97.50000000 0.01954386 0.02019797 0.57531717 0.00916400 0.01109040 0.35522673 0.00945988 
98.00000000 0.01972137 0.02029730 0.57462719 0.00921980 0.01117901 0.35547553 0.00947979 
98.50000000 0.01989948 0.02039686 0.57395468 0.00927492 0.01126749 0.35570521 0.00950137 
99.00000000 0.02007841 0.02049682 0.57331005 0.00932978 0.01135599 0.35590491 0.00952404 
99.50000000 0.02025792 0.02059726 0.57270229 0.00938474 0.01144457 0.35606595 0.00954727 
100.00000000 0.02043735 0.02069818 0.57213583 0.00943993 0.01153321 0.35618461 0.00957090 
100.50000000 0.02061604 0.02079954 0.57160974 0.00949534 0.01162183 0.35626224 0.00959528 
101.00000000 0.02079368 0.02090133 0.57111958 0.00955096 0.01171038 0.35630294 0.00962113 
101.50000000 0.02097053 0.02100359 0.57066068 0.00960688 0.01179879 0.35631039 0.00964914 
102.00000000 0.02114721 0.02110634 0.57023115 0.00966327 0.01188702 0.35628539 0.00967962 
102.50000000 0.02132416 0.02120953 0.56983292 0.00972028 0.01197507 0.35622569 0.00971236 
103.00000000 0.02150134 0.02131292 0.56947041 0.00977791 0.01206297 0.35612769 0.00974676 
103.50000000 0.02167814 0.02141614 0.56914782 0.00983599 0.01215081 0.35598890 0.00978220 
104.00000000 0.02185374 0.02151876 0.56886680 0.00989430 0.01223868 0.35580937 0.00981834 
104.50000000 0.02202766 0.02162046 0.56862573 0.00995270 0.01232668 0.35559154 0.00985523 
105.00000000 0.02220008 0.02172109 0.56842074 0.01001130 0.01241479 0.35533885 0.00989314 
105.50000000 0.02237172 0.02182067 0.56824744 0.01007039 0.01250296 0.35505446 0.00993236 
106.00000000 0.02254342 0.02191923 0.56810216 0.01013033 0.01259103 0.35474088 0.00997295 
106.50000000 0.02271558 0.02201675 0.56798193 0.01019130 0.01267876 0.35440086 0.01001481 
107.00000000 0.02288796 0.02211314 0.56788347 0.01025322 0.01276583 0.35403857 0.01005780 
107.50000000 0.02305987 0.02220829 0.56780218 0.01031570 0.01285185 0.35366010 0.01010201 
108.00000000 0.02323068 0.02230224 0.56773206 0.01037823 0.01293643 0.35327260 0.01014777 
108.50000000 0.02340026 0.02239527 0.56766744 0.01044034 0.01301933 0.35288192 0.01019544 
109.00000000 0.02356900 0.02248781 0.56760573 0.01050175 0.01310057 0.35248996 0.01024517 
109.50000000 0.02373748 0.02258029 0.56754941 0.01056240 0.01318052 0.35209326 0.01029663 
110.00000000 0.02390593 0.02267293 0.56750595 0.01062234 0.01325982 0.35168399 0.01034904 
110.50000000 0.02407395 0.02276574 0.56748493 0.01068166 0.01333918 0.35125308 0.01040146 
111.00000000 0.02424075 0.02285858 0.56749394 0.01074040 0.01341921 0.35079390 0.01045322 
111.50000000 0.02440563 0.02295146 0.56753498 0.01079865 0.01350018 0.35030489 0.01050421 
112.00000000 0.02456853 0.02304467 0.56760335 0.01085657 0.01358205 0.34978996 0.01055486 
112.50000000 0.02473021 0.02313875 0.56768929 0.01091444 0.01366453 0.34925693 0.01060585 
113.00000000 0.02489186 0.02323425 0.56778170 0.01097259 0.01374721 0.34871463 0.01065776 
113.50000000 0.02505445 0.02333148 0.56787204 0.01103126 0.01382973 0.34817027 0.01071076 
114.00000000 0.02521823 0.02343035 0.56795647 0.01109047 0.01391183 0.34762799 0.01076466 
114.50000000 0.02538270 0.02353040 0.56803552 0.01115001 0.01399339 0.34708894 0.01081904 
115.00000000 0.02554711 0.02363111 0.56811205 0.01120949 0.01407431 0.34655235 0.01087358 
115.50000000 0.02571106 0.02373210 0.56818919 0.01126853 0.01415457 0.34601649 0.01092807 
116.00000000 0.02587480 0.02383328 0.56826971 0.01132689 0.01423421 0.34547870 0.01098241 
116.50000000 0.02603905 0.02393467 0.56835688 0.01138457 0.01431343 0.34493495 0.01103645 
117.00000000 0.02620437 0.02403615 0.56845559 0.01144179 0.01439263 0.34437955 0.01108992 
117.50000000 0.02637064 0.02413729 0.56857220 0.01149886 0.01447233 0.34380607 0.01114261 
118.00000000 0.02653702 0.02423744 0.56871283 0.01155606 0.01455300 0.34320914 0.01119452 
118.50000000 0.02670240 0.02433600 0.56888055 0.01161354 0.01463480 0.34258666 0.01124605 
119.00000000 0.02686604 0.02443273 0.56907313 0.01167132 0.01471747 0.34194128 0.01129803 
119.50000000 0.02702793 0.02452797 0.56928277 0.01172930 0.01480035 0.34128026 0.01135142 
120.00000000 0.02718860 0.02462251 0.56949860 0.01178734 0.01488262 0.34061327 0.01140706 
120.50000000 0.02734861 0.02471727 0.56971089 0.01184529 0.01496360 0.33994902 0.01146533 
121.00000000 0.02750791 0.02481292 0.56991465 0.01190302 0.01504295 0.33929237 0.01152617 
121.50000000 0.02766567 0.02490971 0.57011093 0.01196037 0.01512073 0.33864344 0.01158915 
122.00000000 0.02782069 0.02500745 0.57030492 0.01201719 0.01519719 0.33799884 0.01165372 
122.50000000 0.02797204 0.02510590 0.57050252 0.01207331 0.01527253 0.33735429 0.01171941 
123.00000000 0.02811966 0.02520497 0.57070709 0.01212866 0.01534676 0.33670700 0.01178586 
123.50000000 0.02826430 0.02530487 0.57091840 0.01218330 0.01541970 0.33605661 0.01185282 
124.00000000 0.02840697 0.02540590 0.57113382 0.01223746 0.01549114 0.33540468 0.01192004 
124.50000000 0.02854820 0.02550817 0.57135064 0.01229147 0.01556101 0.33475323 0.01198728 
125.00000000 0.02868769 0.02561135 0.57156807 0.01234565 0.01562948 0.33410345 0.01205431 
125.50000000 0.02882452 0.02571477 0.57178756 0.01240018 0.01569684 0.33345512 0.01212101 
126.00000000 0.02895784 0.02581771 0.57201145 0.01245501 0.01576335 0.33280723 0.01218741 
126.50000000 0.02908758 0.02591978 0.57224115 0.01250988 0.01582907 0.33215897 0.01225356 
127.00000000 0.02921451 0.02602109 0.57247624 0.01256446 0.01589396 0.33151025 0.01231948 
127.50000000 0.02933983 0.02612217 0.57271537 0.01261850 0.01595799 0.33086110 0.01238504 
128.00000000 0.02946435 0.02622356 0.57295840 0.01267192 0.01602137 0.33021045 0.01244994 
128.50000000 0.02958809 0.02632546 0.57320792 0.01272485 0.01608467 0.32955514 0.01251387 
129.00000000 0.02971031 0.02642754 0.57346928 0.01277750 0.01614857 0.32889018 0.01257662 
129.50000000 0.02983028 0.02652915 0.57374837 0.01283005 0.01621367 0.32821030 0.01263818 
130.00000000 0.02994794 0.02662969 0.57404839 0.01288264 0.01628010 0.32751245 0.01269878 
130.50000000 0.03006417 0.02672906 0.57436722 0.01293528 0.01634750 0.32679802 0.01275876 
131.00000000 0.03018028 0.02682764 0.57469719 0.01298796 0.01641513 0.32607334 0.01281847 
131.50000000 0.03029722 0.02692615 0.57502752 0.01304063 0.01648225 0.32534798 0.01287825 
132.00000000 0.03041490 0.02702523 0.57534832 0.01309325 0.01654840 0.32463160 0.01293830 
132.50000000 0.03053225 0.02712508 0.57565372 0.01314570 0.01661348 0.32393102 0.01299874 
133.00000000 0.03064785 0.02722543 0.57594259 0.01319780 0.01667764 0.32324907 0.01305962 
133.50000000 0.03076089 0.02732571 0.57621653 0.01324925 0.01674100 0.32258571 0.01312090 
134.00000000 0.03087161 0.02742546 0.57647695 0.01329974 0.01680352 0.32194027 0.01318245 
134.50000000 0.03098108 0.02752450 0.57672312 0.01334901 0.01686498 0.32131317 0.01324414 
135.00000000 0.03109041 0.02762299 0.57695246 0.01339698 0.01692526 0.32070611 0.01330580 
135.50000000 0.03119998 0.02772108 0.57716251 0.01344381 0.01698443 0.32012082 0.01336737 
136.00000000 0.03130923 0.02781871 0.57735307 0.01348984 0.01704285 0.31955738 0.01342891 
136.50000000 0.03141709 0.02791548 0.57752705 0.01353549 0.01710096 0.31901334 0.01349058 
137.00000000 0.03152282 0.02801082 0.57768934 0.01358107 0.01715898 0.31848438 0.01355258 
137.50000000 0.03162652 0.02810437 0.57784430 0.01362675 0.01721676 0.31796622 0.01361510 
138.00000000 0.03172902 0.02819626 0.57799351 0.01367253 0.01727386 0.31745664 0.01367817 
138.50000000 0.03183127 0.02828722 0.57813555 0.01371838 0.01732982 0.31695608 0.01374168 
139.00000000 0.03193354 0.02837824 0.57826791 0.01376426 0.01738448 0.31646623 0.01380533 
139.50000000 0.03203522 0.02847018 0.57838991 0.01381019 0.01743818 0.31598759 0.01386871 
140.00000000 0.03213515 0.02856334 0.57850435 0.01385626 0.01749161 0.31551792 0.01393137 
140.50000000 0.03223245 0.02865737 0.57861664 0.01390251 0.01754551 0.31505259 0.01399293 
141.00000000 0.03232711 0.02875151 0.57873179 0.01394895 0.01760035 0.31458708 0.01405320 
141.50000000 0.03242006 0.02884502 0.57885117 0.01399556 0.01765629 0.31411974 0.01411216 
142.00000000 0.03251255 0.02893762 0.57897121 0.01404234 0.01771320 0.31365307 0.01417002 
142.50000000 0.03260530 0.02902956 0.57908494 0.01408934 0.01777099 0.31319273 0.01422715 
143.00000000 0.03269798 0.02912144 0.57918538 0.01413670 0.01782976 0.31274476 0.01428399 
143.50000000 0.03278940 0.02921387 0.57926878 0.01418454 0.01788969 0.31231274 0.01434098 
144.00000000 0.03287817 0.02930721 0.57933582 0.01423292 0.01795089 0.31189656 0.01439844 
144.50000000 0.03296349 0.02940147 0.57939022 0.01428177 0.01801316 0.31149338 0.01445651 
145.00000000 0.03304558 0.02949653 0.57943588 0.01433089 0.01807590 0.31110004 0.01451518 
145.50000000 0.03312536 0.02959235 0.57947458 0.01438007 0.01813834 0.31071500 0.01457430 
146.00000000 0.03320381 0.02968916 0.57950575 0.01442919 0.01819985 0.31033863 0.01463361 
146.50000000 0.03328147 0.02978730 0.57952807 0.01447828 0.01826019 0.30997186 0.01469283 
147.00000000 0.03335828 0.02988699 0.57954155 0.01452750 0.01831957 0.30961443 0.01475168 
147.50000000 0.03343404 0.02998792 0.57954850 0.01457708 0.01837841 0.30926417 0.01480988 
148.00000000 0.03350901 0.03008923 0.57955255 0.01462723 0.01843706 0.30891769 0.01486723 
148.50000000 0.03358408 0.03018972 0.57955670 0.01467812 0.01849555 0.30857212 0.01492370 
149.00000000 0.03366059 0.03028831 0.57956172 0.01472983 0.01855369 0.30822644 0.01497942 
149.50000000 0.03373957 0.03038450 0.57956641 0.01478240 0.01861123 0.30788124 0.01503466 
150.00000000 0.03382114 0.03047847 0.57956969 0.01483578 0.01866820 0.30753706 0.01508967 
150.50000000 0.03390443 0.03057089 0.57957293 0.01488987 0.01872492 0.30719238 0.01514457 
151.00000000 0.03398802 0.03066245 0.57958100 0.01494448 0.01878191 0.30684293 0.01519922 
151.50000000 0.03407068 0.03075338 0.57960083 0.01499930 0.01883959 0.30648296 0.01525327 
152.00000000 0.03415201 0.03084332 0.57963838 0.01505394 0.01889804 0.30610793 0.01530638 
152.50000000 0.03423244 0.03093149 0.57969563 0.01510804 0.01895703 0.30571701 0.01535836 
153.00000000 0.03431283 0.03101717 0.57976967 0.01516134 0.01901620 0.30531353 0.01540926 
153.50000000 0.03439389 0.03110004 0.57985415 0.01521376 0.01907540 0.30490346 0.01545929 
154.00000000 0.03447580 0.03118037 0.57994213 0.01526536 0.01913480 0.30449284 0.01550870 
154.50000000 0.03455825 0.03125875 0.58002856 0.01531633 0.01919487 0.30408570 0.01555754 
155.00000000 0.03464093 0.03133578 0.58011127 0.01536679 0.01925600 0.30368357 0.01560566 
155.50000000 0.03472386 0.03141181 0.58019001 0.01541684 0.01931825 0.30328648 0.01565276 
156.00000000 0.03480752 0.03148685 0.58026473 0.01546648 0.01938118 0.30289461 0.01569862 
156.50000000 0.03489258 0.03156088 0.58033432 0.01551572 0.01944404 0.30250928 0.01574318 
157.00000000 0.03497944 0.03163403 0.58039671 0.01556458 0.01950608 0.30213259 0.01578657 
157.50000000 0.03506792 0.03170676 0.58045024 0.01561313 0.01956690 0.30176616 0.01582890 
158.00000000 0.03515735 0.03177965 0.58049486 0.01566138 0.01962654 0.30141002 0.01587019 
158.50000000 0.03524699 0.03185300 0.58053211 0.01570929 0.01968536 0.30106293 0.01591032 
159.00000000 0.03533648 0.03192648 0.58056349 0.01575674 0.01974370 0.30072395 0.01594916 
159.50000000 0.03542601 0.03199908 0.58058861 0.01580355 0.01980172 0.30039422 0.01598681 
160.00000000 0.03551609 0.03206947 0.58060448 0.01584958 0.01985935 0.30007733 0.01602371 
160.50000000 0.03560705 0.03213658 0.58060698 0.01589475 0.01991653 0.29977754 0.01606057 
161.00000000 0.03569862 0.03220010 0.58059382 0.01593908 0.01997346 0.29949684 0.01609809 
161.50000000 0.03578984 0.03226065 0.58056695 0.01598259 0.02003066 0.29923268 0.01613664 
162.00000000 0.03587943 0.03231958 0.58053301 0.01602526 0.02008879 0.29897786 0.01617608 
162.50000000 0.03596635 0.03237840 0.58050127 0.01606696 0.02014832 0.29872284 0.01621587 
163.00000000 0.03605014 0.03243831 0.58048018 0.01610745 0.02020927 0.29845932 0.01625533 
163.50000000 0.03613102 0.03249986 0.58047440 0.01614646 0.02027120 0.29818311 0.01629396 
164.00000000 0.03620949 0.03256305 0.58048387 0.01618381 0.02033351 0.29789464 0.01633162 
164.50000000 0.03628603 0.03262763 0.58050519 0.01621948 0.02039582 0.29759735 0.01636849 
165.00000000 0.03636085 0.03269336 0.58053380 0.01625361 0.02045824 0.29729529 0.01640485 
165.50000000 0.03643401 0.03276015 0.58056548 0.01628645 0.02052131 0.29699173 0.01644087 
166.00000000 0.03650566 0.03282784 0.58059635 0.01631830 0.02058571 0.29668954 0.01647660 
166.50000000 0.03657631 0.03289598 0.58062206 0.01634942 0.02065190 0.29639235 0.01651198 
167.00000000 0.03664673 0.03296372 0.58063734 0.01638007 0.02071985 0.29610525 0.01654705 
167.50000000 0.03671767 0.03302992 0.58063699 0.01641051 0.02078915 0.29583375 0.01658200 
168.00000000 0.03678950 0.03309361 0.58061778 0.01644097 0.02085922 0.29558176 0.01661715 
168.50000000 0.03686199 0.03315430 0.58058004 0.01647167 0.02092961 0.29534966 0.01665272 
169.00000000 0.03693453 0.03321216 0.58052772 0.01650274 0.02100009 0.29513410 0.01668867 
169.50000000 0.03700654 0.03326774 0.58046647 0.01653416 0.02107059 0.29492988 0.01672462 
170.00000000 0.03707791 0.03332160 0.58040068 0.01656579 0.02114105 0.29473295 0.01676002 
170.50000000 0.03714919 0.03337372 0.58033098 0.01659742 0.02121127 0.29454305 0.01679436 
171.00000000 0.03722123 0.03342347 0.58025358 0.01662886 0.02128104 0.29436435 0.01682747 
171.50000000 0.03729475 0.03346975 0.58016187 0.01666002 0.02135036 0.29420372 0.01685953 
172.00000000 0.03736989 0.03351161 0.58004930 0.01669097 0.02141963 0.29406761 0.01689099 
172.50000000 0.03744617 0.03354870 0.57991182 0.01672186 0.02148965 0.29395946 0.01692234 
173.00000000 0.03752283 0.03358144 0.57974884 0.01675287 0.02156132 0.29387889 0.01695382 
173.50000000 0.03759926 0.03361080 0.57956252 0.01678412 0.02163521 0.29382271 0.01698539 
174.00000000 0.03767537 0.03363786 0.57935622 0.01681561 0.02171130 0.29378689 0.01701675 
174.50000000 0.03775150 0.03366337 0.57913328 0.01684723 0.02178893 0.29376810 0.01704759 
175.00000000 0.03782821 0.03368762 0.57889656 0.01687879 0.02186705 0.29376407 0.01707771 
175.50000000 0.03790594 0.03371060 0.57864879 0.01691008 0.02194464 0.29377288 0.01710708 
176.00000000 0.03798485 0.03373230 0.57839292 0.01694091 0.02202107 0.29379207 0.01713587 
176.50000000 0.03806498 0.03375291 0.57813196 0.01697115 0.02209620 0.29381849 0.01716431 
177.00000000 0.03814642 0.03377276 0.57786807 0.01700070 0.02217027 0.29384916 0.01719262 
177.50000000 0.03822951 0.03379205 0.57760155 0.01702948 0.02224372 0.29388271 0.01722099 
178.00000000 0.03831470 0.03381063 0.57733055 0.01705743 0.02231702 0.29392009 0.01724958 
178.50000000 0.03840231 0.03382797 0.57705203 0.01708451 0.02239067 0.29396397 0.01727854 
179.00000000 0.03849213 0.03384348 0.57676358 0.01711073 0.02246521 0.29401686 0.01730801 
179.50000000 0.03858326 0.03385699 0.57646497 0.01713614 0.02254128 0.29407926 0.01733810 
180.00000000 0.03867437 0.03386907 0.57615846 0.01716090 0.02261947 0.29414897 0.01736876 
180.50000000 0.03876414 0.03388104 0.57584779 0.01718518 0.02270011 0.29422195 0.01739979 
181.00000000 0.03885184 0.03389456 0.57553639 0.01720909 0.02278301 0.29429428 0.01743082 
181.50000000 0.03893751 0.03391115 0.57522565 0.01723265 0.02286746 0.29436424 0.01746134 
182.00000000 0.03902192 0.03393163 0.57491413 0.01725579 0.02295242 0.29443331 0.01749081 
182.50000000 0.03910608 0.03395607 0.57459805 0.01727837 0.02303684 0.29450574 0.01751885 
183.00000000 0.03919080 0.03398395 0.57427264 0.01730030 0.02312010 0.29458680 0.01754540 
183.50000000 0.03927637 0.03401459 0.57393367 0.01732163 0.02320208 0.29468088 0.01757079 
184.00000000 0.03936269 0.03404739 0.57357833 0.01734251 0.02328312 0.29479027 0.01759568 
184.50000000 0.03944955 0.03408190 0.57320555 0.01736313 0.02336372 0.29491520 0.01762095 
185.00000000 0.03953694 0.03411774 0.57281576 0.01738359 0.02344419 0.29505445 0.01764733 
185.50000000 0.03962506 0.03415443 0.57241081 0.01740383 0.02352454 0.29520607 0.01767525 
186.00000000 0.03971413 0.03419139 0.57199397 0.01742363 0.02360451 0.29536758 0.01770479 
186.50000000 0.03980411 0.03422806 0.57156963 0.01744269 0.02368378 0.29553601 0.01773571 
187.00000000 0.03989466 0.03426410 0.57114250 0.01746077 0.02376214 0.29570815 0.01776767 
187.50000000 0.03998527 0.03429952 0.57071616 0.01747772 0.02383954 0.29588135 0.01780044 
188.00000000 0.04007565 0.03433465 0.57029179 0.01749346 0.02391602 0.29605447 0.01783396 
188.50000000 0.04016600 0.03436995 0.56986752 0.01750792 0.02399156 0.29622880 0.01786824 
189.00000000 0.04025700 0.03440579 0.56943879 0.01752097 0.02406610 0.29640808 0.01790327 
189.50000000 0.04034941 0.03444231 0.56899988 0.01753242 0.02413959 0.29659750 0.01793889 
190.00000000 0.04044364 0.03447947 0.56854589 0.01754210 0.02421227 0.29680173 0.01797491 
190.50000000 0.04053940 0.03451727 0.56807433 0.01755003 0.02428462 0.29702309 0.01801126 
191.00000000 0.04063585 0.03455598 0.56758558 0.01755646 0.02435731 0.29726069 0.01804815 
191.50000000 0.04073195 0.03459616 0.56708210 0.01756186 0.02443086 0.29751101 0.01808607 
192.00000000 0.04082703 0.03463855 0.56656725 0.01756681 0.02450537 0.29776940 0.01812559 
192.50000000 0.04092107 0.03468386 0.56604420 0.01757179 0.02458042 0.29803166 0.01816701 
193.00000000 0.04101462 0.03473248 0.56551546 0.01757712 0.02465509 0.29829504 0.01821019 
193.50000000 0.04110848 0.03478444 0.56498263 0.01758294 0.02472833 0.29855862 0.01825456 
194.00000000 0.04120329 0.03483934 0.56444615 0.01758932 0.02479929 0.29882325 0.01829937 
194.50000000 0.04129935 0.03489654 0.56390469 0.01759638 0.02486751 0.29909146 0.01834405 
195.00000000 0.04139672 0.03495530 0.56335465 0.01760435 0.02493305 0.29936746 0.01838847 
195.50000000 0.04149533 0.03501487 0.56279011 0.01761356 0.02499630 0.29965695 0.01843288 
196.00000000 0.04159520 0.03507467 0.56220387 0.01762431 0.02505778 0.29996649 0.01847768 
196.50000000 0.04169634 0.03513425 0.56158928 0.01763682 0.02511806 0.30030214 0.01852310 
197.00000000 0.04179857 0.03519344 0.56094244 0.01765113 0.02517767 0.30066776 0.01856900 
197.50000000 0.04190132 0.03525232 0.56026341 0.01766721 0.02523720 0.30106364 0.01861490 
198.00000000 0.04200373 0.03531122 0.55955597 0.01768504 0.02529723 0.30148654 0.01866027 
198.50000000 0.04210489 0.03537065 0.55882583 0.01770466 0.02535826 0.30193104 0.01870469 
199.00000000 0.04220422 0.03543114 0.55807859 0.01772615 0.02542052 0.30239140 0.01874798 
199.50000000 0.04230173 0.03549319 0.55731834 0.01774958 0.02548388 0.30286323 0.01879005 
200.00000000 0.04239794 0.03555712 0.55654750 0.01777487 0.02554785 0.30334401 0.01883069 
200.50000000 0.04249362 0.03562309 0.55576765 0.01780180 0.02561176 0.30383265 0.01886943 
201.00000000 0.04258929 0.03569101 0.55498069 0.01783005 0.02567506 0.30432830 0.01890562 
201.50000000 0.04268498 0.03576056 0.55418960 0.01785928 0.02573754 0.30482928 0.01893876 
202.00000000 0.04278025 0.03583125 0.55339830 0.01788933 0.02579947 0.30533262 0.01896879 
202.50000000 0.04287436 0.03590243 0.55261093 0.01792022 0.02586138 0.30583442 0.01899626 
203.00000000 0.04296674 0.03597348 0.55183102 0.01795213 0.02592387 0.30633058 0.01902218 
203.50000000 0.04305713 0.03604386 0.55106135 0.01798533 0.02598733 0.30681739 0.01904762 
204.00000000 0.04314563 0.03611332 0.55030423 0.01802002 0.02605180 0.30729166 0.01907334 
204.50000000 0.04323254 0.03618190 0.54956191 0.01805630 0.02611709 0.30775068 0.01909959 
205.00000000 0.04331819 0.03624982 0.54883631 0.01809407 0.02618284 0.30819256 0.01912621 
205.50000000 0.04340286 0.03631735 0.54812800 0.01813315 0.02624870 0.30861708 0.01915287 
206.00000000 0.04348693 0.03638462 0.54743490 0.01817325 0.02631433 0.30902663 0.01917933 
206.50000000 0.04357098 0.03645155 0.54675176 0.01821413 0.02637932 0.30942669 0.01920557 
207.00000000 0.04365579 0.03651801 0.54607072 0.01825557 0.02644313 0.30982519 0.01923159 
207.50000000 0.04374214 0.03658401 0.54538312 0.01829745 0.02650517 0.31023080 0.01925731 
208.00000000 0.04383049 0.03664993 0.54468206 0.01833973 0.02656494 0.31065046 0.01928238 
208.50000000 0.04392078 0.03671645 0.54396455 0.01838248 0.02662229 0.31108704 0.01930641 
209.00000000 0.04401246 0.03678436 0.54323235 0.01842586 0.02667749 0.31153833 0.01932915 
209.50000000 0.04410483 0.03685420 0.54249110 0.01847018 0.02673113 0.31199772 0.01935083 
210.00000000 0.04419738 0.03692609 0.54174809 0.01851588 0.02678399 0.31245641 0.01937215 
210.50000000 0.04429005 0.03699968 0.54100994 0.01856348 0.02683678 0.31290603 0.01939404 
211.00000000 0.04438321 0.03707441 0.54028109 0.01861348 0.02688999 0.31334046 0.01941735 
211.50000000 0.04447739 0.03714980 0.53956355 0.01866628 0.02694387 0.31375659 0.01944251 
212.00000000 0.04457293 0.03722561 0.53885750 0.01872203 0.02699847 0.31415393 0.01946952 
212.50000000 0.04466981 0.03730175 0.53816207 0.01878056 0.02705379 0.31453392 0.01949811 
213.00000000 0.04476766 0.03737804 0.53747561 0.01884145 0.02710979 0.31489942 0.01952804 
213.50000000 0.04486601 0.03745410 0.53679563 0.01890414 0.02716647 0.31525438 0.01955927 
214.00000000 0.04496450 0.03752942 0.53611862 0.01896812 0.02722380 0.31560358 0.01959196 
214.50000000 0.04506294 0.03760359 0.53544054 0.01903312 0.02728170 0.31595183 0.01962628 
215.00000000 0.04516128 0.03767674 0.53475800 0.01909912 0.02734005 0.31630266 0.01966215 
215.50000000 0.04525944 0.03774965 0.53406960 0.01916629 0.02739878 0.31665700 0.01969925 
216.00000000 0.04535732 0.03782360 0.53337666 0.01923484 0.02745786 0.31701261 0.01973711 
216.50000000 0.04545483 0.03789989 0.53268265 0.01930481 0.02751744 0.31736499 0.01977540 
217.00000000 0.04555218 0.03797927 0.53199136 0.01937607 0.02757773 0.31770934 0.01981404 
217.50000000 0.04564996 0.03806163 0.53130497 0.01944838 0.02763899 0.31804286 0.01985321 
218.00000000 0.04574909 0.03814617 0.53062264 0.01952143 0.02770142 0.31836617 0.01989308 
218.50000000 0.04585051 0.03823188 0.52994048 0.01959500 0.02776512 0.31868340 0.01993362 
219.00000000 0.04595477 0.03831800 0.52925294 0.01966889 0.02783003 0.31900082 0.01997456 
219.50000000 0.04606177 0.03840422 0.52855492 0.01974292 0.02789600 0.31932468 0.02001549 
220.00000000 0.04617077 0.03849051 0.52784353 0.01981681 0.02796290 0.31965937 0.02005612 
