0.00000000 0.00000000 0.00000000 0.00000000 0.00000000 0.00000000 1.00000000 0.00000000 
0.50000000 0.00000166 0.00000124 0.00000082 0.00000256 0.00005834 0.99992140 0.00001398 
1.00000000 0.00000666 0.00000494 0.00000327 0.00001026 0.00023331 0.99968566 0.00005590 
1.50000000 0.00001497 0.00001111 0.00000736 0.00002313 0.00052475 0.99929296 0.00012572 
2.00000000 0.00002660 0.00001975 0.00001307 0.00004118 0.00093242 0.99874360 0.00022336 
2.50000000 0.00004154 0.00003085 0.00002042 0.00006450 0.00145597 0.99803800 0.00034872 
3.00000000 0.00005976 0.00004442 0.00002940 0.00009314 0.00209496 0.99717668 0.00050165 
3.50000000 0.00008125 0.00006043 0.00004001 0.00012718 0.00284886 0.99616029 0.00068199 
4.00000000 0.00010599 0.00007889 0.00005224 0.00016674 0.00371702 0.99498957 0.00088955 
4.50000000 0.00013395 0.00009980 0.00006609 0.00021193 0.00469874 0.99366540 0.00112410 
5.00000000 0.00016511 0.00012314 0.00008155 0.00026286 0.00579319 0.99218875 0.00138539 
5.50000000 0.00019944 0.00014890 0.00009863 0.00031970 0.00699945 0.99056073 0.00167315 
6.00000000 0.00023690 0.00017708 0.00011732 0.00038259 0.00831653 0.98878252 0.00198706 
6.50000000 0.00027745 0.00020767 0.00013761 0.00045172 0.00974334 0.98685542 0.00232679 
7.00000000 0.00032106 0.00024065 0.00015950 0.00052725 0.01127872 0.98478082 0.00269199 
7.50000000 0.00036769 0.00027602 0.00018299 0.00060940 0.01292141 0.98256022 0.00308227 
8.00000000 0.00041728 0.00031376 0.00020806 0.00069838 0.01467009 0.98019521 0.00349723 
8.50000000 0.00046978 0.00035385 0.00023471 0.00079440 0.01652332 0.97768751 0.00393642 
9.00000000 0.00052516 0.00039630 0.00026295 0.00089771 0.01847956 0.97503892 0.00439940 
9.50000000 0.00058335 0.00044107 0.00029275 0.00100855 0.02053722 0.97225139 0.00488567 
10.00000000 0.00064430 0.00048815 0.00032412 0.00112717 0.02269462 0.96932690 0.00539473 
10.50000000 0.00070796 0.00053753 0.00035704 0.00125386 0.02495002 0.96626754 0.00592605 
11.00000000 0.00077425 0.00058920 0.00039152 0.00138888 0.02730162 0.96307544 0.00647909 
11.50000000 0.00084311 0.00064313 0.00042753 0.00153253 0.02974759 0.95975283 0.00705328 
12.00000000 0.00091448 0.00069931 0.00046508 0.00168510 0.03228598 0.95630199 0.00764805 
12.50000000 0.00098830 0.00075772 0.00050416 0.00184690 0.03491480 0.95272534 0.00826278 
13.00000000 0.00106448 0.00081834 0.00054476 0.00201822 0.03763195 0.94902538 0.00889687 
13.50000000 0.00114297 0.00088115 0.00058687 0.00219939 0.04043527 0.94520467 0.00954967 
14.00000000 0.00122369 0.00094614 0.00063048 0.00239073 0.04332258 0.94126586 0.01022052 
14.50000000 0.00130657 0.00101328 0.00067558 0.00259256 0.04629164 0.93721160 0.01090876 
15.00000000 0.00139153 0.00108256 0.00072218 0.00280520 0.04934024 0.93304457 0.01161373 
15.50000000 0.00147848 0.00115395 0.00077024 0.00302900 0.05246609 0.92876748 0.01233475 
16.00000000 0.00156736 0.00122745 0.00081978 0.00326428 0.05566687 0.92438311 0.01307115 
16.50000000 0.00165808 0.00130301 0.00087078 0.00351137 0.05894019 0.91989435 0.01382222 
17.00000000 0.00175056 0.00138064 0.00092323 0.00377061 0.06228353 0.91530419 0.01458725 
17.50000000 0.00184473 0.00146029 0.00097712 0.00404232 0.06569433 0.91061570 0.01536551 
18.00000000 0.00194049 0.00154195 0.00103245 0.00432684 0.06916998 0.90583202 0.01615627 
18.50000000 0.00203776 0.00162559 0.00108920 0.00462451 0.07270787 0.90095627 0.01695879 
19.00000000 0.00213647 0.00171120 0.00114736 0.00493566 0.07630541 0.89599156 0.01777235 
19.50000000 0.00223650 0.00179874 0.00120693 0.00526061 0.07995998 0.89094099 0.01859623 
20.00000000 0.00233779 0.00188821 0.00126789 0.00559971 0.08366897 0.88580773 0.01942970 
20.50000000 0.00244024 0.00197957 0.00133024 0.00595325 0.08742966 0.88059502 0.02027202 
21.00000000 0.00254377 0.00207280 0.00139395 0.00632156 0.09123925 0.87530623 0.02112245 
21.50000000 0.00264828 0.00216787 0.00145903 0.00670494 0.09509488 0.86994477 0.02198023 
22.00000000 0.00275370 0.00226476 0.00152546 0.00710369 0.09899368 0.86451409 0.02284462 
22.50000000 0.00285993 0.00236344 0.00159323 0.00751811 0.10293287 0.85901753 0.02371488 
23.00000000 0.00296690 0.00246389 0.00166232 0.00794849 0.10690975 0.85345834 0.02459031 
23.50000000 0.00307450 0.00256610 0.00173272 0.00839511 0.11092171 0.84783965 0.02547020 
24.00000000 0.00318265 0.00267003 0.00180442 0.00885823 0.11496620 0.84216457 0.02635390 
24.50000000 0.00329127 0.00277568 0.00187742 0.00933808 0.11904059 0.83643623 0.02724073 
25.00000000 0.00340027 0.00288302 0.00195169 0.00983490 0.12314224 0.83065786 0.02813001 
25.50000000 0.00350958 0.00299203 0.00202724 0.01034891 0.12726843 0.82483272 0.02902109 
26.00000000 0.00361911 0.00310267 0.00210405 0.01088029 0.13141650 0.81896407 0.02991330 
26.50000000 0.00372879 0.00321494 0.00218211 0.01142926 0.13558385 0.81305501 0.03080603 
27.00000000 0.00383853 0.00332882 0.00226141 0.01199598 0.13976807 0.80710852 0.03169868 
27.50000000 0.00394825 0.00344428 0.00234194 0.01258062 0.14396683 0.80112740 0.03259068 
28.00000000 0.00405786 0.00356132 0.00242369 0.01318333 0.14817785 0.79511443 0.03348152 
28.50000000 0.00416729 0.00367992 0.00250666 0.01380422 0.15239880 0.78907247 0.03437064 
29.00000000 0.00427646 0.00380005 0.00259085 0.01444340 0.15662722 0.78300450 0.03525751 
29.50000000 0.00438530 0.00392169 0.00267624 0.01510096 0.16086057 0.77691364 0.03614160 
30.00000000 0.00449374 0.00404481 0.00276283 0.01577698 0.16509624 0.77080304 0.03702235 
30.50000000 0.00460170 0.00416940 0.00285061 0.01647154 0.16933174 0.76467575 0.03789926 
31.00000000 0.00470910 0.00429543 0.00293957 0.01718470 0.17356467 0.75853469 0.03877184 
31.50000000 0.00481588 0.00442288 0.00302971 0.01791651 0.17779278 0.75238262 0.03963963 
32.00000000 0.00492194 0.00455174 0.00312101 0.01866700 0.18201387 0.74622226 0.04050220 
32.50000000 0.00502722 0.00468197 0.00321346 0.01943617 0.18622567 0.74005637 0.04135913 
33.00000000 0.00513165 0.00481356 0.00330707 0.02022403 0.19042584 0.73388787 0.04220997 
33.50000000 0.00523517 0.00494648 0.00340183 0.02103054 0.19461191 0.72771979 0.04305427 
34.00000000 0.00533772 0.00508070 0.00349772 0.02185568 0.19878145 0.72155516 0.04389157 
34.50000000 0.00543924 0.00521619 0.00359473 0.02269940 0.20293210 0.71539690 0.04472145 
35.00000000 0.00553966 0.00535292 0.00369285 0.02356165 0.20706173 0.70924768 0.04554351 
35.50000000 0.00563893 0.00549088 0.00379206 0.02444235 0.21116840 0.70310998 0.04635740 
36.00000000 0.00573698 0.00563005 0.00389235 0.02534140 0.21525032 0.69698610 0.04716280 
36.50000000 0.00583376 0.00577040 0.00399372 0.02625868 0.21930572 0.69087833 0.04795940 
37.00000000 0.00592921 0.00591191 0.00409615 0.02719401 0.22333279 0.68478902 0.04874690 
37.50000000 0.00602331 0.00605456 0.00419962 0.02814724 0.22732966 0.67872063 0.04952499 
38.00000000 0.00611601 0.00619830 0.00430414 0.02911817 0.23129443 0.67267560 0.05029334 
38.50000000 0.00620727 0.00634312 0.00440969 0.03010659 0.23522533 0.66665632 0.05105167 
39.00000000 0.00629705 0.00648899 0.00451625 0.03111230 0.23912074 0.66066494 0.05179973 
39.50000000 0.00638531 0.00663588 0.00462382 0.03213503 0.24297924 0.65470339 0.05253734 
40.00000000 0.00647201 0.00678377 0.00473237 0.03317452 0.24679956 0.64877344 0.05326434 
40.50000000 0.00655712 0.00693263 0.00484191 0.03423046 0.25058043 0.64287684 0.05398060 
41.00000000 0.00664062 0.00708244 0.00495242 0.03530253 0.25432053 0.63701545 0.05468600 
41.50000000 0.00672249 0.00723315 0.00506389 0.03639039 0.25801841 0.63119128 0.05538039 
42.00000000 0.00680270 0.00738472 0.00517634 0.03749367 0.26167253 0.62540642 0.05606362 
42.50000000 0.00688125 0.00753712 0.00528974 0.03861202 0.26528135 0.61966298 0.05673555 
43.00000000 0.00695811 0.00769031 0.00540408 0.03974504 0.26884348 0.61396290 0.05739608 
43.50000000 0.00703326 0.00784424 0.00551936 0.04089234 0.27235770 0.60830793 0.05804518 
44.00000000 0.00710670 0.00799889 0.00563555 0.04205347 0.27582297 0.60269960 0.05868282 
44.50000000 0.00717841 0.00815422 0.00575266 0.04322798 0.27923831 0.59713938 0.05930904 
45.00000000 0.00724838 0.00831020 0.00587067 0.04441539 0.28260276 0.59162876 0.05992385 
45.50000000 0.00731661 0.00846676 0.00598957 0.04561521 0.28591524 0.58616937 0.06052723 
46.00000000 0.00738312 0.00862387 0.00610937 0.04682692 0.28917461 0.58076292 0.06111918 
46.50000000 0.00744790 0.00878149 0.00623004 0.04805001 0.29237979 0.57541110 0.06169968 
47.00000000 0.00751095 0.00893956 0.00635156 0.04928392 0.29552983 0.57011543 0.06226874 
47.50000000 0.00757228 0.00909806 0.00647393 0.05052808 0.29862404 0.56487716 0.06282644 
48.00000000 0.00763189 0.00925694 0.00659711 0.05178190 0.30166199 0.55969727 0.06337291 
48.50000000 0.00768977 0.00941618 0.00672109 0.05304475 0.30464337 0.55457654 0.06390829 
49.00000000 0.00774595 0.00957574 0.00684585 0.05431600 0.30756795 0.54951575 0.06443275 
49.50000000 0.00780044 0.00973557 0.00697138 0.05559500 0.31043539 0.54451580 0.06494643 
50.00000000 0.00785326 0.00989562 0.00709766 0.05688109 0.31324525 0.53957769 0.06544943 
50.50000000 0.00790442 0.01005586 0.00722468 0.05817361 0.31599704 0.53470251 0.06594187 
51.00000000 0.00795394 0.01021625 0.00735242 0.05947187 0.31869038 0.52989125 0.06642390 
51.50000000 0.00800183 0.01037673 0.00748086 0.06077519 0.32132503 0.52514467 0.06689569 
52.00000000 0.00804812 0.01053729 0.00760997 0.06208286 0.32390099 0.52046329 0.06735749 
52.50000000 0.00809282 0.01069787 0.00773972 0.06339418 0.32641836 0.51584749 0.06780956 
53.00000000 0.00813595 0.01085844 0.00787012 0.06470843 0.32887722 0.51129766 0.06825218 
53.50000000 0.00817754 0.01101895 0.00800114 0.06602493 0.33127750 0.50681436 0.06868558 
54.00000000 0.00821763 0.01117935 0.00813278 0.06734298 0.33361892 0.50239839 0.06910996 
54.50000000 0.00825625 0.01133958 0.00826501 0.06866190 0.33590108 0.49805069 0.06952550 
55.00000000 0.00829343 0.01149959 0.00839783 0.06998102 0.33812355 0.49377222 0.06993237 
55.50000000 0.00832919 0.01165934 0.00853122 0.07129965 0.34028608 0.48956373 0.07033079 
56.00000000 0.00836356 0.01181877 0.00866515 0.07261713 0.34238861 0.48542575 0.07072103 
56.50000000 0.00839658 0.01197786 0.00879959 0.07393277 0.34443126 0.48135857 0.07110337 
57.00000000 0.00842828 0.01213656 0.00893454 0.07524590 0.34641418 0.47736244 0.07147809 
57.50000000 0.00845870 0.01229480 0.00906997 0.07655589 0.34833742 0.47343774 0.07184546 
58.00000000 0.00848788 0.01245256 0.00920587 0.07786210 0.35020089 0.46958501 0.07220569 
58.50000000 0.00851587 0.01260976 0.00934222 0.07916392 0.35200436 0.46580494 0.07255894 
59.00000000 0.00854269 0.01276637 0.00947899 0.08046074 0.35374764 0.46209819 0.07290539 
59.50000000 0.00856839 0.01292235 0.00961615 0.08175194 0.35543075 0.45846518 0.07324525 
60.00000000 0.00859299 0.01307766 0.00975367 0.08303690 0.35705399 0.45490601 0.07357877 
60.50000000 0.00861655 0.01323227 0.00989152 0.08431500 0.35861791 0.45142049 0.07390627 
61.00000000 0.00863909 0.01338615 0.01002966 0.08558562 0.36012315 0.44800826 0.07422807 
61.50000000 0.00866068 0.01353925 0.01016806 0.08684818 0.36157032 0.44466904 0.07454447 
62.00000000 0.00868135 0.01369155 0.01030670 0.08810211 0.36295983 0.44140273 0.07485573 
62.50000000 0.00870115 0.01384300 0.01044555 0.08934687 0.36429193 0.43820943 0.07516208 
63.00000000 0.00872015 0.01399355 0.01058459 0.09058189 0.36556683 0.43508926 0.07546374 
63.50000000 0.00873838 0.01414318 0.01072378 0.09180665 0.36678486 0.43204220 0.07576094 
64.00000000 0.00875591 0.01429186 0.01086309 0.09302057 0.36794659 0.42906798 0.07605401 
64.50000000 0.00877277 0.01443955 0.01100249 0.09422312 0.36905275 0.42616603 0.07634330 
65.00000000 0.00878903 0.01458623 0.01114195 0.09541377 0.37010416 0.42333570 0.07662918 
65.50000000 0.00880474 0.01473186 0.01128146 0.09659201 0.37110151 0.42057641 0.07691201 
66.00000000 0.00881997 0.01487640 0.01142100 0.09775740 0.37204526 0.41788789 0.07719209 
66.50000000 0.00883478 0.01501982 0.01156056 0.09890949 0.37293560 0.41527010 0.07746966 
67.00000000 0.00884923 0.01516207 0.01170013 0.10004785 0.37377262 0.41272318 0.07774493 
67.50000000 0.00886339 0.01530312 0.01183969 0.10117208 0.37455645 0.41024718 0.07801810 
68.00000000 0.00887729 0.01544294 0.01197924 0.10228174 0.37528743 0.40784192 0.07828945 
68.50000000 0.00889100 0.01558150 0.01211875 0.10337643 0.37596612 0.40550694 0.07855926 
69.00000000 0.00890456 0.01571879 0.01225821 0.10445576 0.37659317 0.40324165 0.07882786 
69.50000000 0.00891803 0.01585477 0.01239761 0.10551939 0.37716919 0.40104548 0.07909552 
70.00000000 0.00893147 0.01598943 0.01253694 0.10656700 0.37769458 0.39891811 0.07936247 
70.50000000 0.00894492 0.01612272 0.01267621 0.10759829 0.37816953 0.39685947 0.07962886 
71.00000000 0.00895843 0.01625462 0.01281541 0.10861300 0.37859413 0.39486963 0.07989478 
71.50000000 0.00897205 0.01638511 0.01295452 0.10961085 0.37896854 0.39294860 0.08016033 
72.00000000 0.00898583 0.01651416 0.01309353 0.11059155 0.37929316 0.39109613 0.08042565 
72.50000000 0.00899979 0.01664177 0.01323241 0.11155483 0.37956864 0.38931165 0.08069092 
73.00000000 0.00901398 0.01676792 0.01337114 0.11250043 0.37979578 0.38759437 0.08095637 
73.50000000 0.00902845 0.01689261 0.01350971 0.11342812 0.37997538 0.38594352 0.08122221 
74.00000000 0.00904323 0.01701581 0.01364810 0.11433769 0.38010805 0.38435852 0.08148860 
74.50000000 0.00905838 0.01713751 0.01378630 0.11522895 0.38019418 0.38283904 0.08175563 
75.00000000 0.00907393 0.01725768 0.01392431 0.11610172 0.38023403 0.38138497 0.08202335 
75.50000000 0.00908994 0.01737631 0.01406210 0.11695580 0.38022788 0.37999618 0.08229179 
76.00000000 0.00910644 0.01749338 0.01419966 0.11779097 0.38017617 0.37867233 0.08256105 
76.50000000 0.00912348 0.01760888 0.01433697 0.11860703 0.38007957 0.37741280 0.08283127 
77.00000000 0.00914109 0.01772281 0.01447400 0.11940378 0.37993888 0.37621678 0.08310266 
77.50000000 0.00915933 0.01783516 0.01461076 0.12018101 0.37975486 0.37508346 0.08337543 
78.00000000 0.00917823 0.01794593 0.01474723 0.12093857 0.37952811 0.37401221 0.08364973 
78.50000000 0.00919783 0.01805509 0.01488341 0.12167629 0.37925898 0.37300273 0.08392566 
79.00000000 0.00921818 0.01816264 0.01501932 0.12239404 0.37894766 0.37205492 0.08420325 
79.50000000 0.00923932 0.01826856 0.01515494 0.12309164 0.37859431 0.37116872 0.08448250 
80.00000000 0.00926128 0.01837284 0.01529029 0.12376893 0.37819928 0.37034391 0.08476347 
80.50000000 0.00928411 0.01847548 0.01542534 0.12442572 0.37776311 0.36957998 0.08504626 
81.00000000 0.00930782 0.01857649 0.01556010 0.12506185 0.37728652 0.36887617 0.08533105 
81.50000000 0.00933246 0.01867587 0.01569455 0.12567720 0.37677026 0.36823165 0.08561801 
82.00000000 0.00935805 0.01877361 0.01582870 0.12627167 0.37621495 0.36764574 0.08590727 
82.50000000 0.00938462 0.01886973 0.01596256 0.12684517 0.37562106 0.36711797 0.08619890 
83.00000000 0.00941220 0.01896422 0.01609612 0.12739765 0.37498890 0.36664805 0.08649286 
83.50000000 0.00944083 0.01905706 0.01622939 0.12792903 0.37431883 0.36623573 0.08678914 
84.00000000 0.00947053 0.01914826 0.01636235 0.12843923 0.37361134 0.36588057 0.08708771 
84.50000000 0.00950134 0.01923783 0.01649498 0.12892820 0.37286717 0.36558185 0.08738862 
85.00000000 0.00953327 0.01932576 0.01662728 0.12939591 0.37208724 0.36533853 0.08769201 
85.50000000 0.00956636 0.01941208 0.01675922 0.12984235 0.37127249 0.36514950 0.08799800 
86.00000000 0.00960062 0.01949679 0.01689078 0.13026757 0.37042380 0.36501371 0.08830673 
86.50000000 0.00963609 0.01957991 0.01702196 0.13067163 0.36954186 0.36493033 0.08861822 
87.00000000 0.00967279 0.01966143 0.01715276 0.13105461 0.36862720 0.36489875 0.08893247 
87.50000000 0.00971076 0.01974135 0.01728315 0.13141655 0.36768033 0.36491844 0.08924942 
88.00000000 0.00975002 0.01981969 0.01741313 0.13175750 0.36670185 0.36498878 0.08956903 
88.50000000 0.00979059 0.01989644 0.01754268 0.13207752 0.36569250 0.36510890 0.08989136 
89.00000000 0.00983250 0.01997164 0.01767177 0.13237670 0.36465314 0.36527775 0.09021649 
89.50000000 0.00987577 0.02004529 0.01780040 0.13265516 0.36358462 0.36549417 0.09054458 
90.00000000 0.00992040 0.02011744 0.01792856 0.13291307 0.36248769 0.36575710 0.09087574 
90.50000000 0.00996641 0.02018809 0.01805624 0.13315061 0.36136288 0.36606575 0.09121002 
91.00000000 0.01001381 0.02025727 0.01818344 0.13336795 0.36021058 0.36641955 0.09154740 
91.50000000 0.01006262 0.02032500 0.01831017 0.13356524 0.35903109 0.36681809 0.09188780 
92.00000000 0.01011284 0.02039130 0.01843641 0.13374261 0.35782479 0.36726091 0.09223115 
92.50000000 0.01016449 0.02045618 0.01856214 0.13390020 0.35659217 0.36774736 0.09257745 
93.00000000 0.01021757 0.02051967 0.01868737 0.13403820 0.35533383 0.36827662 0.09292674 
93.50000000 0.01027208 0.02058181 0.01881207 0.13415685 0.35405040 0.36884771 0.09327908 
94.00000000 0.01032801 0.02064262 0.01893623 0.13425642 0.35274242 0.36945976 0.09363454 
94.50000000 0.01038536 0.02070214 0.01905985 0.13433721 0.35141032 0.37011202 0.09399309 
95.00000000 0.01044414 0.02076040 0.01918291 0.13439949 0.35005441 0.37080399 0.09435465 
95.50000000 0.01050433 0.02081742 0.01930540 0.13444350 0.34867502 0.37153526 0.09471907 
96.00000000 0.01056595 0.02087321 0.01942729 0.13446944 0.34727255 0.37230536 0.09508620 
96.50000000 0.01062900 0.02092779 0.01954856 0.13447753 0.34584755 0.37311365 0.09545593 
97.00000000 0.01069349 0.02098117 0.01966917 0.13446801 0.34440070 0.37395922 0.09582823 
97.50000000 0.01075940 0.02103340 0.01978910 0.13444120 0.34293276 0.37484104 0.09620310 
98.00000000 0.01082674 0.02108448 0.01990832 0.13439742 0.34144443 0.37575805 0.09658055 
98.50000000 0.01089549 0.02113446 0.02002681 0.13433702 0.33993634 0.37670934 0.09696055 
99.00000000 0.01096565 0.02118335 0.02014454 0.13426029 0.33840902 0.37769415 0.09734299 
99.50000000 0.01103723 0.02123117 0.02026150 0.13416745 0.33686304 0.37871187 0.09772774 
100.00000000 0.01111022 0.02127794 0.02037767 0.13405868 0.33529900 0.37976182 0.09811467 
100.50000000 0.01118463 0.02132367 0.02049302 0.13393414 0.33371765 0.38084320 0.09850368 
101.00000000 0.01126046 0.02136838 0.02060753 0.13379403 0.33211982 0.38195499 0.09889479 
101.50000000 0.01133769 0.02141209 0.02072119 0.13363858 0.33050635 0.38309607 0.09928803 
102.00000000 0.01141630 0.02145484 0.02083400 0.13346808 0.32887803 0.38426529 0.09968346 
102.50000000 0.01149630 0.02149666 0.02094594 0.13328283 0.32723553 0.38546163 0.10008112 
103.00000000 0.01157765 0.02153757 0.02105703 0.13308306 0.32557945 0.38668428 0.10048096 
103.50000000 0.01166035 0.02157761 0.02116727 0.13286895 0.32391035 0.38793255 0.10088292 
104.00000000 0.01174440 0.02161681 0.02127666 0.13264064 0.32222884 0.38920575 0.10128691 
104.50000000 0.01182978 0.02165518 0.02138520 0.13239824 0.32053563 0.39050309 0.10169288 
105.00000000 0.01191649 0.02169275 0.02149290 0.13214194 0.31883151 0.39182357 0.10210083 
105.50000000 0.01200452 0.02172956 0.02159976 0.13187200 0.31711728 0.39316608 0.10251080 
106.00000000 0.01209384 0.02176563 0.02170577 0.13158874 0.31539369 0.39452948 0.10292285 
106.50000000 0.01218444 0.02180101 0.02181094 0.13129253 0.31366139 0.39591273 0.10333696 
107.00000000 0.01227630 0.02183574 0.02191527 0.13098370 0.31192099 0.39731492 0.10375308 
107.50000000 0.01236943 0.02186984 0.02201877 0.13066254 0.31017306 0.39873526 0.10417110 
108.00000000 0.01246380 0.02190336 0.02212143 0.13032928 0.30841829 0.40017297 0.10459087 
108.50000000 0.01255941 0.02193631 0.02222324 0.12998416 0.30665744 0.40162714 0.10501229 
109.00000000 0.01265627 0.02196874 0.02232418 0.12962746 0.30489136 0.40309669 0.10543530 
109.50000000 0.01275436 0.02200066 0.02242424 0.12925956 0.30312093 0.40458041 0.10585985 
110.00000000 0.01285366 0.02203211 0.02252340 0.12888089 0.30134698 0.40607701 0.10628594 
110.50000000 0.01295416 0.02206314 0.02262165 0.12849194 0.29957025 0.40758534 0.10671352 
111.00000000 0.01305584 0.02209379 0.02271900 0.12809314 0.29779142 0.40910434 0.10714248 
111.50000000 0.01315868 0.02212410 0.02281542 0.12768485 0.29601114 0.41063312 0.10757269 
112.00000000 0.01326267 0.02215412 0.02291093 0.12726735 0.29423010 0.41217082 0.10800402 
112.50000000 0.01336779 0.02218387 0.02300550 0.12684089 0.29244907 0.41371652 0.10843636 
113.00000000 0.01347403 0.02221341 0.02309914 0.12640574 0.29066886 0.41526918 0.10886964 
113.50000000 0.01358136 0.02224277 0.02319184 0.12596225 0.28889026 0.41682767 0.10930385 
114.00000000 0.01368975 0.02227199 0.02328359 0.12551084 0.28711403 0.41839082 0.10973898 
114.50000000 0.01379916 0.02230113 0.02337442 0.12505193 0.28534078 0.41995757 0.11017501 
115.00000000 0.01390957 0.02233023 0.02346434 0.12458594 0.28357104 0.42152702 0.11061185 
115.50000000 0.01402094 0.02235936 0.02355337 0.12411317 0.28180532 0.42309843 0.11104941 
116.00000000 0.01413323 0.02238856 0.02364152 0.12363387 0.28004410 0.42467116 0.11148756 
116.50000000 0.01424643 0.02241788 0.02372881 0.12314822 0.27828793 0.42624453 0.11192620 
117.00000000 0.01436049 0.02244737 0.02381525 0.12265647 0.27653740 0.42781778 0.11236524 
117.50000000 0.01447540 0.02247707 0.02390085 0.12215894 0.27479310 0.42939001 0.11280463 
118.00000000 0.01459111 0.02250702 0.02398562 0.12165605 0.27305558 0.43096032 0.11324430 
118.50000000 0.01470759 0.02253726 0.02406958 0.12114827 0.27132531 0.43252783 0.11368415 
119.00000000 0.01482480 0.02256784 0.02415274 0.12063605 0.26960271 0.43409181 0.11412404 
119.50000000 0.01494273 0.02259881 0.02423512 0.12011979 0.26788812 0.43565167 0.11456376 
120.00000000 0.01506133 0.02263019 0.02431674 0.11959979 0.26618195 0.43720687 0.11500312 
120.50000000 0.01518059 0.02266204 0.02439759 0.11907636 0.26448464 0.43875689 0.11544190 
121.00000000 0.01530049 0.02269439 0.02447767 0.11854980 0.26279669 0.44030104 0.11587991 
121.50000000 0.01542101 0.02272725 0.02455698 0.11802054 0.26111869 0.44183854 0.11631700 
122.00000000 0.01554211 0.02276066 0.02463553 0.11748908 0.25945118 0.44336846 0.11675298 
122.50000000 0.01566379 0.02279463 0.02471332 0.11695598 0.25779468 0.44488994 0.11718766 
123.00000000 0.01578600 0.02282920 0.02479036 0.11642179 0.25614967 0.44640215 0.11762084 
123.50000000 0.01590872 0.02286438 0.02486666 0.11588698 0.25451655 0.44790445 0.11805226 
124.00000000 0.01603195 0.02290022 0.02494224 0.11535189 0.25289576 0.44939627 0.11848168 
124.50000000 0.01615564 0.02293674 0.02501711 0.11481685 0.25128775 0.45087703 0.11890889 
125.00000000 0.01627979 0.02297396 0.02509129 0.11428217 0.24969301 0.45234608 0.11933370 
125.50000000 0.01640436 0.02301192 0.02516479 0.11374823 0.24811210 0.45380265 0.11975595 
126.00000000 0.01652933 0.02305063 0.02523763 0.11321549 0.24654553 0.45524587 0.12017551 
126.50000000 0.01665467 0.02309011 0.02530986 0.11268445 0.24499380 0.45667488 0.12059223 
127.00000000 0.01678035 0.02313039 0.02538150 0.11215559 0.24345731 0.45808895 0.12100592 
127.50000000 0.01690632 0.02317150 0.02545260 0.11162930 0.24193637 0.45948748 0.12141643 
128.00000000 0.01703257 0.02321348 0.02552320 0.11110587 0.24043124 0.46087006 0.12182357 
128.50000000 0.01715906 0.02325638 0.02559335 0.11058551 0.23894219 0.46223629 0.12222721 
129.00000000 0.01728576 0.02330022 0.02566309 0.11006845 0.23746948 0.46358578 0.12262722 
129.50000000 0.01741264 0.02334503 0.02573244 0.10955496 0.23601340 0.46491801 0.12302352 
130.00000000 0.01753965 0.02339085 0.02580146 0.10904541 0.23457424 0.46623238 0.12341601 
130.50000000 0.01766678 0.02343770 0.02587016 0.10854021 0.23315228 0.46752828 0.12380459 
131.00000000 0.01779397 0.02348560 0.02593861 0.10803980 0.23174772 0.46880516 0.12418913 
131.50000000 0.01792120 0.02353459 0.02600682 0.10754454 0.23036070 0.47006265 0.12456950 
132.00000000 0.01804844 0.02358470 0.02607483 0.10705469 0.22899131 0.47130047 0.12494556 
132.50000000 0.01817565 0.02363595 0.02614267 0.10657046 0.22763961 0.47251844 0.12531721 
133.00000000 0.01830281 0.02368838 0.02621035 0.10609204 0.22630572 0.47371633 0.12568436 
133.50000000 0.01842990 0.02374199 0.02627788 0.10561968 0.22498980 0.47489379 0.12604696 
134.00000000 0.01855688 0.02379681 0.02634528 0.10515371 0.22369206 0.47605034 0.12640493 
134.50000000 0.01868372 0.02385284 0.02641254 0.10469451 0.22241274 0.47718544 0.12675820 
135.00000000 0.01881041 0.02391009 0.02647968 0.10424248 0.22115208 0.47829859 0.12710667 
135.50000000 0.01893690 0.02396856 0.02654670 0.10379796 0.21991026 0.47938936 0.12745026 
136.00000000 0.01906317 0.02402826 0.02661362 0.10336118 0.21868743 0.48045748 0.12778887 
136.50000000 0.01918920 0.02408921 0.02668044 0.10293225 0.21748371 0.48150274 0.12812245 
137.00000000 0.01931496 0.02415141 0.02674717 0.10251128 0.21629925 0.48252493 0.12845099 
137.50000000 0.01944042 0.02421486 0.02681382 0.10209838 0.21513426 0.48352377 0.12877448 
138.00000000 0.01956555 0.02427959 0.02688040 0.10169371 0.21398899 0.48449884 0.12909293 
138.50000000 0.01969031 0.02434557 0.02694692 0.10129747 0.21286373 0.48544969 0.12940631 
139.00000000 0.01981468 0.02441282 0.02701338 0.10090989 0.21175876 0.48637585 0.12971463 
139.50000000 0.01993861 0.02448134 0.02707983 0.10053110 0.21067430 0.48727698 0.13001784 
140.00000000 0.02006205 0.02455114 0.02714628 0.10016118 0.20961051 0.48815288 0.13031597 
140.50000000 0.02018499 0.02462223 0.02721276 0.09980006 0.20856748 0.48900346 0.13060903 
141.00000000 0.02030737 0.02469462 0.02727930 0.09944765 0.20754527 0.48982870 0.13089709 
141.50000000 0.02042917 0.02476832 0.02734594 0.09910386 0.20654398 0.49062851 0.13118022 
142.00000000 0.02055034 0.02484334 0.02741270 0.09876867 0.20556374 0.49140270 0.13145851 
142.50000000 0.02067085 0.02491969 0.02747960 0.09844211 0.20460471 0.49215104 0.13173200 
143.00000000 0.02079066 0.02499736 0.02754666 0.09812427 0.20366706 0.49287325 0.13200074 
143.50000000 0.02090972 0.02507637 0.02761391 0.09781519 0.20275093 0.49356912 0.13226477 
144.00000000 0.02102799 0.02515671 0.02768138 0.09751487 0.20185636 0.49423856 0.13252412 
144.50000000 0.02114546 0.02523839 0.02774910 0.09722323 0.20098337 0.49488157 0.13277887 
145.00000000 0.02126209 0.02532141 0.02781708 0.09694015 0.20013195 0.49549820 0.13302911 
145.50000000 0.02137785 0.02540576 0.02788536 0.09666552 0.19930214 0.49608843 0.13327494 
146.00000000 0.02149273 0.02549146 0.02795393 0.09639929 0.19849402 0.49665214 0.13351644 
146.50000000 0.02160668 0.02557848 0.02802280 0.09614148 0.19770779 0.49718908 0.13375368 
147.00000000 0.02171969 0.02566684 0.02809199 0.09589216 0.19694367 0.49769892 0.13398672 
147.50000000 0.02183172 0.02575652 0.02816150 0.09565140 0.19620187 0.49818138 0.13421561 
148.00000000 0.02194274 0.02584751 0.02823134 0.09541919 0.19548259 0.49863621 0.13444042 
148.50000000 0.02205274 0.02593981 0.02830153 0.09519544 0.19478596 0.49906329 0.13466122 
149.00000000 0.02216169 0.02603342 0.02837210 0.09498002 0.19411211 0.49946254 0.13487813 
149.50000000 0.02226957 0.02612833 0.02844304 0.09477276 0.19346116 0.49983387 0.13509127 
150.00000000 0.02237635 0.02622455 0.02851440 0.09457355 0.19283329 0.50017710 0.13530076 
150.50000000 0.02248202 0.02632208 0.02858616 0.09438229 0.19222874 0.50049200 0.13550672 
151.00000000 0.02258653 0.02642092 0.02865835 0.09419895 0.19164774 0.50077826 0.13570926 
151.50000000 0.02268984 0.02652109 0.02873098 0.09402347 0.19109051 0.50103564 0.13590847 
152.00000000 0.02279194 0.02662257 0.02880409 0.09385575 0.19055717 0.50126399 0.13610449 
152.50000000 0.02289278 0.02672537 0.02887770 0.09369561 0.19004777 0.50146332 0.13629745 
153.00000000 0.02299235 0.02682950 0.02895185 0.09354282 0.18956225 0.50163372 0.13648750 
153.50000000 0.02309064 0.02693495 0.02902657 0.09339713 0.18910054 0.50177537 0.13667480 
154.00000000 0.02318762 0.02704173 0.02910188 0.09325833 0.18866255 0.50188838 0.13685951 
154.50000000 0.02328326 0.02714984 0.02917781 0.09312626 0.18824824 0.50197284 0.13704175 
155.00000000 0.02337756 0.02725927 0.02925436 0.09300080 0.18785756 0.50202878 0.13722167 
155.50000000 0.02347048 0.02737004 0.02933155 0.09288186 0.18749045 0.50205625 0.13739937 
156.00000000 0.02356202 0.02748211 0.02940939 0.09276931 0.18714681 0.50205538 0.13757498 
156.50000000 0.02365216 0.02759548 0.02948789 0.09266299 0.18682645 0.50202641 0.13774860 
157.00000000 0.02374093 0.02771011 0.02956708 0.09256270 0.18652915 0.50196967 0.13792036 
157.50000000 0.02382833 0.02782598 0.02964696 0.09246823 0.18625468 0.50188549 0.13809034 
158.00000000 0.02391437 0.02794309 0.02972752 0.09237937 0.18600287 0.50177415 0.13825863 
158.50000000 0.02399905 0.02806139 0.02980876 0.09229600 0.18577364 0.50163586 0.13842531 
159.00000000 0.02408239 0.02818088 0.02989065 0.09221800 0.18556695 0.50147070 0.13859043 
159.50000000 0.02416438 0.02830154 0.02997318 0.09214528 0.18538284 0.50127874 0.13875406 
160.00000000 0.02424503 0.02842333 0.03005632 0.09207772 0.18522130 0.50106006 0.13891623 
160.50000000 0.02432436 0.02854623 0.03014008 0.09201516 0.18508232 0.50081485 0.13907700 
161.00000000 0.02440237 0.02867021 0.03022444 0.09195739 0.18496583 0.50054335 0.13923640 
161.50000000 0.02447909 0.02879524 0.03030940 0.09190419 0.18487180 0.50024580 0.13939448 
162.00000000 0.02455452 0.02892131 0.03039495 0.09185533 0.18480020 0.49992244 0.13955125 
162.50000000 0.02462867 0.02904840 0.03048107 0.09181064 0.18475107 0.49957343 0.13970672 
163.00000000 0.02470152 0.02917652 0.03056776 0.09176995 0.18472448 0.49919884 0.13986093 
163.50000000 0.02477307 0.02930565 0.03065500 0.09173310 0.18472050 0.49879877 0.14001391 
164.00000000 0.02484330 0.02943580 0.03074278 0.09169993 0.18473916 0.49837334 0.14016570 
164.50000000 0.02491221 0.02956694 0.03083111 0.09167020 0.18478040 0.49792281 0.14031634 
165.00000000 0.02497979 0.02969905 0.03092000 0.09164368 0.18484409 0.49744750 0.14046588 
165.50000000 0.02504606 0.02983214 0.03100947 0.09162013 0.18493004 0.49694782 0.14061435 
166.00000000 0.02511099 0.02996619 0.03109951 0.09159933 0.18503807 0.49642415 0.14076177 
166.50000000 0.02517459 0.03010120 0.03119013 0.09158111 0.18516800 0.49587682 0.14090816 
167.00000000 0.02523685 0.03023717 0.03128132 0.09156530 0.18531967 0.49530612 0.14105357 
167.50000000 0.02529775 0.03037411 0.03137307 0.09155179 0.18549294 0.49471231 0.14119803 
168.00000000 0.02535728 0.03051201 0.03146537 0.09154042 0.18568761 0.49409569 0.14134162 
168.50000000 0.02541546 0.03065087 0.03155822 0.09153102 0.18590343 0.49345660 0.14148441 
169.00000000 0.02547227 0.03079065 0.03165161 0.09152344 0.18614012 0.49279545 0.14162646 
169.50000000 0.02552774 0.03093135 0.03174551 0.09151751 0.18639738 0.49211268 0.14176781 
170.00000000 0.02558189 0.03107296 0.03183993 0.09151314 0.18667492 0.49140868 0.14190848 
170.50000000 0.02563470 0.03121548 0.03193481 0.09151026 0.18697252 0.49068375 0.14204848 
171.00000000 0.02568619 0.03135890 0.03203013 0.09150882 0.18729000 0.48993811 0.14218785 
171.50000000 0.02573636 0.03150325 0.03212583 0.09150879 0.18762721 0.48917193 0.14232663 
172.00000000 0.02578521 0.03164851 0.03222188 0.09151009 0.18798400 0.48838540 0.14246491 
172.50000000 0.02583275 0.03179468 0.03231823 0.09151267 0.18836019 0.48757871 0.14260277 
173.00000000 0.02587900 0.03194176 0.03241484 0.09151643 0.18875554 0.48675214 0.14274028 
173.50000000 0.02592397 0.03208973 0.03251168 0.09152133 0.18916980 0.48590600 0.14287749 
174.00000000 0.02596767 0.03223858 0.03260871 0.09152733 0.18960275 0.48504056 0.14301440 
174.50000000 0.02601012 0.03238832 0.03270588 0.09153445 0.19005416 0.48415605 0.14315101 
175.00000000 0.02605131 0.03253897 0.03280315 0.09154271 0.19052382 0.48325268 0.14328737 
175.50000000 0.02609126 0.03269052 0.03290048 0.09155211 0.19101151 0.48233062 0.14342351 
176.00000000 0.02612995 0.03284298 0.03299783 0.09156263 0.19151698 0.48139009 0.14355954 
176.50000000 0.02616742 0.03299634 0.03309516 0.09157423 0.19203992 0.48043139 0.14369554 
177.00000000 0.02620368 0.03315059 0.03319245 0.09158683 0.19257995 0.47945490 0.14383159 
177.50000000 0.02623876 0.03330570 0.03328967 0.09160042 0.19313665 0.47846108 0.14396773 
178.00000000 0.02627268 0.03346165 0.03338681 0.09161499 0.19370957 0.47745035 0.14410395 
178.50000000 0.02630546 0.03361841 0.03348384 0.09163060 0.19429831 0.47642313 0.14424025 
179.00000000 0.02633714 0.03377599 0.03358073 0.09164730 0.19490247 0.47537976 0.14437661 
179.50000000 0.02636774 0.03393436 0.03367745 0.09166512 0.19552169 0.47432059 0.14451306 
180.00000000 0.02639729 0.03409350 0.03377397 0.09168408 0.19615557 0.47324594 0.14464966 
180.50000000 0.02642583 0.03425338 0.03387027 0.09170414 0.19680372 0.47215619 0.14478646 
181.00000000 0.02645341 0.03441397 0.03396631 0.09172530 0.19746572 0.47105179 0.14492350 
181.50000000 0.02648010 0.03457520 0.03406209 0.09174756 0.19814112 0.46993320 0.14506074 
182.00000000 0.02650593 0.03473704 0.03415757 0.09177099 0.19882952 0.46880083 0.14519811 
182.50000000 0.02653096 0.03489945 0.03425272 0.09179571 0.19953058 0.46765505 0.14533552 
183.00000000 0.02655523 0.03506241 0.03434751 0.09182184 0.20024398 0.46649615 0.14547288 
183.50000000 0.02657879 0.03522587 0.03444189 0.09184948 0.20096947 0.46532437 0.14561013 
184.00000000 0.02660167 0.03538983 0.03453585 0.09187869 0.20170678 0.46413992 0.14574727 
184.50000000 0.02662393 0.03555424 0.03462934 0.09190950 0.20245564 0.46294308 0.14588427 
185.00000000 0.02664562 0.03571906 0.03472233 0.09194193 0.20321576 0.46173418 0.14602111 
185.50000000 0.02666680 0.03588425 0.03481481 0.09197604 0.20398682 0.46051358 0.14615770 
186.00000000 0.02668750 0.03604976 0.03490674 0.09201191 0.20476850 0.45928165 0.14629393 
186.50000000 0.02670777 0.03621557 0.03499810 0.09204969 0.20556051 0.45803872 0.14642965 
187.00000000 0.02672763 0.03638164 0.03508885 0.09208948 0.20636257 0.45678506 0.14656477 
187.50000000 0.02674712 0.03654796 0.03517897 0.09213137 0.20717443 0.45552093 0.14669921 
188.00000000 0.02676628 0.03671452 0.03526843 0.09217537 0.20799586 0.45424657 0.14683297 
188.50000000 0.02678513 0.03688128 0.03535723 0.09222144 0.20882655 0.45296230 0.14696607 
189.00000000 0.02680372 0.03704822 0.03544534 0.09226952 0.20966619 0.45166852 0.14709849 
189.50000000 0.02682210 0.03721529 0.03553274 0.09231957 0.21051441 0.45036568 0.14723020 
190.00000000 0.02684030 0.03738247 0.03561943 0.09237159 0.21137083 0.44905426 0.14736112 
190.50000000 0.02685834 0.03754972 0.03570538 0.09242560 0.21223506 0.44773473 0.14749116 
191.00000000 0.02687627 0.03771701 0.03579057 0.09248163 0.21310678 0.44640748 0.14762026 
191.50000000 0.02689411 0.03788434 0.03587498 0.09253965 0.21398566 0.44507288 0.14774839 
192.00000000 0.02691189 0.03805167 0.03595859 0.09259960 0.21487141 0.44373126 0.14787558 
192.50000000 0.02692966 0.03821899 0.03604138 0.09266138 0.21576372 0.44238300 0.14800187 
193.00000000 0.02694745 0.03838627 0.03612334 0.09272488 0.21666224 0.44102853 0.14812728 
193.50000000 0.02696533 0.03855347 0.03620446 0.09279003 0.21756659 0.43966835 0.14825179 
194.00000000 0.02698332 0.03872055 0.03628469 0.09285683 0.21847633 0.43830297 0.14837531 
194.50000000 0.02700146 0.03888747 0.03636403 0.09292533 0.21939107 0.43693290 0.14849774 
195.00000000 0.02701979 0.03905423 0.03644242 0.09299560 0.22031042 0.43555856 0.14861899 
195.50000000 0.02703831 0.03922079 0.03651985 0.09306768 0.22123404 0.43418032 0.14873901 
196.00000000 0.02705708 0.03938714 0.03659629 0.09314157 0.22216163 0.43279851 0.14885778 
196.50000000 0.02707611 0.03955327 0.03667172 0.09321727 0.22309284 0.43141346 0.14897532 
197.00000000 0.02709545 0.03971915 0.03674612 0.09329475 0.22402731 0.43002558 0.14909163 
197.50000000 0.02711512 0.03988477 0.03681947 0.09337404 0.22496461 0.42863533 0.14920666 
198.00000000 0.02713516 0.04005009 0.03689175 0.09345523 0.22590427 0.42724322 0.14932028 
198.50000000 0.02715558 0.04021510 0.03696292 0.09353844 0.22684581 0.42584977 0.14943238 
199.00000000 0.02717638 0.04037978 0.03703298 0.09362378 0.22778877 0.42445546 0.14954284 
199.50000000 0.02719759 0.04054412 0.03710191 0.09371136 0.22873273 0.42306068 0.14965160 
200.00000000 0.02721920 0.04070812 0.03716970 0.09380120 0.22967729 0.42166582 0.14975867 
200.50000000 0.02724124 0.04087177 0.03723635 0.09389330 0.23062207 0.42027122 0.14986405 
201.00000000 0.02726371 0.04103506 0.03730189 0.09398763 0.23156666 0.41887730 0.14996775 
201.50000000 0.02728664 0.04119797 0.03736632 0.09408422 0.23251059 0.41748454 0.15006973 
202.00000000 0.02731004 0.04136049 0.03742964 0.09418310 0.23345332 0.41609351 0.15016990 
202.50000000 0.02733392 0.04152258 0.03749188 0.09428437 0.23439430 0.41470482 0.15026813 
203.00000000 0.02735828 0.04168424 0.03755305 0.09438809 0.23533299 0.41331902 0.15036434 
203.50000000 0.02738311 0.04184543 0.03761316 0.09449433 0.23626890 0.41193661 0.15045846 
204.00000000 0.02740843 0.04200614 0.03767225 0.09460310 0.23720158 0.41055802 0.15055050 
204.50000000 0.02743423 0.04216634 0.03773035 0.09471436 0.23813062 0.40918364 0.15064046 
205.00000000 0.02746055 0.04232602 0.03778750 0.09482809 0.23905558 0.40781390 0.15072836 
205.50000000 0.02748738 0.04248515 0.03784374 0.09494431 0.23997600 0.40644927 0.15081415 
206.00000000 0.02751474 0.04264369 0.03789910 0.09506308 0.24089134 0.40509032 0.15089773 
206.50000000 0.02754265 0.04280160 0.03795361 0.09518450 0.24180103 0.40373763 0.15097898 
207.00000000 0.02757111 0.04295884 0.03800728 0.09530868 0.24270452 0.40239177 0.15105780 
207.50000000 0.02760011 0.04311537 0.03806013 0.09543570 0.24360131 0.40105323 0.15113414 
208.00000000 0.02762967 0.04327116 0.03811219 0.09556561 0.24449100 0.39972238 0.15120799 
208.50000000 0.02765978 0.04342618 0.03816349 0.09569840 0.24537322 0.39839953 0.15127939 
209.00000000 0.02769046 0.04358039 0.03821406 0.09583409 0.24624767 0.39708495 0.15134837 
209.50000000 0.02772173 0.04373377 0.03826392 0.09597266 0.24711402 0.39577897 0.15141493 
210.00000000 0.02775360 0.04388629 0.03831308 0.09611417 0.24797189 0.39448194 0.15147903 
210.50000000 0.02778607 0.04403791 0.03836157 0.09625866 0.24882088 0.39319431 0.15154060 
211.00000000 0.02781914 0.04418858 0.03840939 0.09640618 0.24966062 0.39191648 0.15159960 
211.50000000 0.02785283 0.04433828 0.03845654 0.09655670 0.25049081 0.39064878 0.15165606 
212.00000000 0.02788713 0.04448696 0.03850304 0.09671018 0.25131121 0.38939143 0.15171006 
212.50000000 0.02792204 0.04463461 0.03854891 0.09686647 0.25212171 0.38814455 0.15176170 
213.00000000 0.02795756 0.04478122 0.03859419 0.09702546 0.25292222 0.38690825 0.15181111 
213.50000000 0.02799371 0.04492676 0.03863889 0.09718699 0.25371264 0.38568267 0.15185834 
214.00000000 0.02803048 0.04507121 0.03868305 0.09735097 0.25449279 0.38446806 0.15190342 
214.50000000 0.02806789 0.04521456 0.03872669 0.09751731 0.25526245 0.38326476 0.15194634 
215.00000000 0.02810594 0.04535675 0.03876980 0.09768592 0.25602135 0.38207314 0.15198709 
215.50000000 0.02814462 0.04549777 0.03881242 0.09785671 0.25676923 0.38089355 0.15202570 
216.00000000 0.02818394 0.04563759 0.03885455 0.09802954 0.25750590 0.37972625 0.15206224 
216.50000000 0.02822389 0.04577618 0.03889622 0.09820427 0.25823120 0.37857146 0.15209679 
217.00000000 0.02826446 0.04591354 0.03893746 0.09838076 0.25894500 0.37742934 0.15212944 
217.50000000 0.02830566 0.04604967 0.03897829 0.09855890 0.25964713 0.37630014 0.15216021 
218.00000000 0.02834748 0.04618456 0.03901875 0.09873864 0.26033733 0.37518421 0.15218904 
218.50000000 0.02838993 0.04631818 0.03905883 0.09891994 0.26101524 0.37408201 0.15221587 
219.00000000 0.02843301 0.04645050 0.03909854 0.09910282 0.26168046 0.37299405 0.15224062 
219.50000000 0.02847672 0.04658150 0.03913787 0.09928725 0.26233259 0.37192081 0.15226326 
220.00000000 0.02852106 0.04671116 0.03917683 0.09947320 0.26297129 0.37086266 0.15228380 
