0.00000000 0.00000000 0.00000000 0.00000000 0.00000000 0.00000000 1.00000000 0.00000000 
0.50000000 0.00000166 0.00000124 0.00000082 0.00000256 0.00005834 0.99992140 0.00001398 
1.00000000 0.00000666 0.00000494 0.00000327 0.00001027 0.00023331 0.99968566 0.00005590 
1.50000000 0.00001497 0.00001111 0.00000736 0.00002313 0.00052475 0.99929296 0.00012572 
2.00000000 0.00002660 0.00001975 0.00001307 0.00004119 0.00093243 0.99874359 0.00022336 
2.50000000 0.00004153 0.00003085 0.00002043 0.00006452 0.00145599 0.99803796 0.00034872 
3.00000000 0.00005975 0.00004442 0.00002940 0.00009318 0.00209499 0.99717660 0.00050166 
3.50000000 0.00008124 0.00006043 0.00004001 0.00012726 0.00284890 0.99616015 0.00068202 
4.00000000 0.00010597 0.00007890 0.00005224 0.00016687 0.00371708 0.99498934 0.00088960 
4.50000000 0.00013392 0.00009980 0.00006610 0.00021213 0.00469882 0.99366505 0.00112419 
5.00000000 0.00016507 0.00012315 0.00008157 0.00026318 0.00579331 0.99218820 0.00138553 
5.50000000 0.00019938 0.00014892 0.00009866 0.00032017 0.00699966 0.99055987 0.00167335 
6.00000000 0.00023682 0.00017711 0.00011736 0.00038327 0.00831688 0.98878121 0.00198737 
6.50000000 0.00027734 0.00020771 0.00013767 0.00045265 0.00974386 0.98685352 0.00232725 
7.00000000 0.00032092 0.00024071 0.00015958 0.00052851 0.01127945 0.98477817 0.00269265 
7.50000000 0.00036751 0.00027610 0.00018309 0.00061107 0.01292240 0.98255664 0.00308319 
8.00000000 0.00041706 0.00031387 0.00020820 0.00070053 0.01467138 0.98019049 0.00349846 
8.50000000 0.00046952 0.00035402 0.00023491 0.00079715 0.01652502 0.97768137 0.00393802 
9.00000000 0.00052484 0.00039652 0.00026320 0.00090114 0.01848184 0.97503102 0.00440144 
9.50000000 0.00058298 0.00044136 0.00029308 0.00101279 0.02054027 0.97224131 0.00488822 
10.00000000 0.00064386 0.00048853 0.00032453 0.00113235 0.02269864 0.96931420 0.00539789 
10.50000000 0.00070745 0.00053802 0.00035756 0.00126011 0.02495522 0.96625175 0.00592990 
11.00000000 0.00077366 0.00058980 0.00039216 0.00139637 0.02730821 0.96305609 0.00648370 
11.50000000 0.00084246 0.00064387 0.00042832 0.00154145 0.02975581 0.95972935 0.00705873 
12.00000000 0.00091376 0.00070022 0.00046605 0.00169565 0.03229617 0.95627372 0.00765442 
12.50000000 0.00098752 0.00075882 0.00050533 0.00185930 0.03492740 0.95269145 0.00827019 
13.00000000 0.00106366 0.00081966 0.00054616 0.00203271 0.03764750 0.94898485 0.00890546 
13.50000000 0.00114211 0.00088272 0.00058854 0.00221621 0.04045443 0.94515635 0.00955964 
14.00000000 0.00122279 0.00094798 0.00063247 0.00241014 0.04334603 0.94120848 0.01023211 
14.50000000 0.00130565 0.00101542 0.00067794 0.00261484 0.04632015 0.93714380 0.01092219 
15.00000000 0.00139060 0.00108504 0.00072494 0.00283066 0.04937460 0.93296493 0.01162923 
15.50000000 0.00147758 0.00115681 0.00077346 0.00305794 0.05250718 0.92867449 0.01235254 
16.00000000 0.00156651 0.00123071 0.00082351 0.00329704 0.05571563 0.92427515 0.01309145 
16.50000000 0.00165730 0.00130672 0.00087507 0.00354831 0.05899761 0.91976967 0.01384531 
17.00000000 0.00174988 0.00138484 0.00092814 0.00381210 0.06235070 0.91516090 0.01461344 
17.50000000 0.00184417 0.00146503 0.00098271 0.00408877 0.06577239 0.91045175 0.01539517 
18.00000000 0.00194008 0.00154729 0.00103877 0.00437871 0.06926016 0.90564519 0.01618981 
18.50000000 0.00203752 0.00163159 0.00109631 0.00468226 0.07281152 0.90074417 0.01699663 
19.00000000 0.00213643 0.00171791 0.00115532 0.00499978 0.07642402 0.89575161 0.01781493 
19.50000000 0.00223671 0.00180625 0.00121581 0.00533161 0.08009522 0.89067040 0.01864402 
20.00000000 0.00233828 0.00189657 0.00127776 0.00567806 0.08382266 0.88550347 0.01948321 
20.50000000 0.00244105 0.00198885 0.00134117 0.00603944 0.08760380 0.88025383 0.02033185 
21.00000000 0.00254496 0.00208307 0.00140604 0.00641608 0.09143602 0.87492459 0.02118923 
21.50000000 0.00264990 0.00217920 0.00147236 0.00680831 0.09531668 0.86951891 0.02205464 
22.00000000 0.00275581 0.00227722 0.00154012 0.00721645 0.09924314 0.86403992 0.02292734 
22.50000000 0.00286260 0.00237712 0.00160931 0.00764083 0.10321285 0.85849072 0.02380657 
23.00000000 0.00297020 0.00247887 0.00167993 0.00808178 0.10722325 0.85287433 0.02469164 
23.50000000 0.00307853 0.00258245 0.00175198 0.00853959 0.11127179 0.84719380 0.02558186 
24.00000000 0.00318750 0.00268785 0.00182544 0.00901455 0.11535583 0.84145222 0.02647660 
24.50000000 0.00329702 0.00279505 0.00190030 0.00950694 0.11947272 0.83565275 0.02737522 
25.00000000 0.00340701 0.00290402 0.00197656 0.01001702 0.12361979 0.82979853 0.02827707 
25.50000000 0.00351737 0.00301473 0.00205421 0.01054505 0.12779447 0.82389266 0.02918150 
26.00000000 0.00362804 0.00312719 0.00213323 0.01109126 0.13199430 0.81793818 0.03008781 
26.50000000 0.00373892 0.00324136 0.00221363 0.01165585 0.13621689 0.81193801 0.03099534 
27.00000000 0.00384994 0.00335722 0.00229540 0.01223900 0.14045987 0.80589511 0.03190346 
27.50000000 0.00396102 0.00347476 0.00237854 0.01284087 0.14472077 0.79981246 0.03281157 
28.00000000 0.00407207 0.00359395 0.00246305 0.01346160 0.14899703 0.79369320 0.03371910 
28.50000000 0.00418301 0.00371476 0.00254893 0.01410135 0.15328596 0.78754053 0.03462546 
29.00000000 0.00429376 0.00383716 0.00263616 0.01476029 0.15758487 0.78135770 0.03553006 
29.50000000 0.00440426 0.00396115 0.00272474 0.01543860 0.16189113 0.77514786 0.03643227 
30.00000000 0.00451442 0.00408669 0.00281467 0.01613640 0.16620225 0.76891407 0.03733150 
30.50000000 0.00462419 0.00421379 0.00290592 0.01685381 0.17051582 0.76265927 0.03822720 
31.00000000 0.00473349 0.00434240 0.00299851 0.01759091 0.17482947 0.75638636 0.03911886 
31.50000000 0.00484225 0.00447249 0.00309243 0.01834771 0.17914079 0.75009830 0.04000602 
32.00000000 0.00495041 0.00460402 0.00318766 0.01912424 0.18344736 0.74379809 0.04088820 
32.50000000 0.00505791 0.00473697 0.00328419 0.01992052 0.18774673 0.73748879 0.04176490 
33.00000000 0.00516468 0.00487129 0.00338201 0.02073654 0.19203655 0.73117339 0.04263555 
33.50000000 0.00527066 0.00500695 0.00348109 0.02157232 0.19631460 0.72485477 0.04349961 
34.00000000 0.00537582 0.00514394 0.00358142 0.02242783 0.20057870 0.71853574 0.04435656 
34.50000000 0.00548007 0.00528223 0.00368299 0.02330302 0.20482672 0.71221905 0.04520592 
35.00000000 0.00558338 0.00542178 0.00378578 0.02419783 0.20905639 0.70590754 0.04604730 
35.50000000 0.00568567 0.00556256 0.00388978 0.02511217 0.21326540 0.69960408 0.04688035 
36.00000000 0.00578688 0.00570455 0.00399496 0.02604594 0.21745141 0.69331154 0.04770472 
36.50000000 0.00588695 0.00584771 0.00410129 0.02699907 0.22161224 0.68703264 0.04852011 
37.00000000 0.00598583 0.00599202 0.00420874 0.02797144 0.22574595 0.68076981 0.04932620 
37.50000000 0.00608347 0.00613748 0.00431730 0.02896290 0.22985088 0.67452522 0.05012274 
38.00000000 0.00617982 0.00628404 0.00442694 0.02997329 0.23392551 0.66830087 0.05090954 
38.50000000 0.00627483 0.00643168 0.00453765 0.03100235 0.23796826 0.66209877 0.05168645 
39.00000000 0.00636846 0.00658036 0.00464940 0.03204986 0.24197741 0.65592116 0.05245335 
39.50000000 0.00646066 0.00673003 0.00476216 0.03311556 0.24595103 0.64977048 0.05321008 
40.00000000 0.00655139 0.00688066 0.00487590 0.03419925 0.24988701 0.64364934 0.05395644 
40.50000000 0.00664062 0.00703222 0.00499059 0.03530076 0.25378327 0.63756037 0.05469217 
41.00000000 0.00672831 0.00718470 0.00510618 0.03641992 0.25763778 0.63150611 0.05541701 
41.50000000 0.00681441 0.00733809 0.00522264 0.03755656 0.26144863 0.62548894 0.05613074 
42.00000000 0.00689889 0.00749236 0.00533994 0.03871049 0.26521399 0.61951114 0.05683319 
42.50000000 0.00698171 0.00764750 0.00545806 0.03988146 0.26893210 0.61357491 0.05752426 
43.00000000 0.00706284 0.00780346 0.00557696 0.04106922 0.27260123 0.60768242 0.05820388 
43.50000000 0.00714224 0.00796023 0.00569661 0.04227347 0.27621981 0.60183566 0.05887198 
44.00000000 0.00721990 0.00811777 0.00581696 0.04349392 0.27978654 0.59603641 0.05952849 
44.50000000 0.00729581 0.00827608 0.00593800 0.04473022 0.28330041 0.59028613 0.06017335 
45.00000000 0.00736995 0.00843514 0.00605969 0.04598201 0.28676069 0.58458601 0.06080651 
45.50000000 0.00744232 0.00859492 0.00618202 0.04724885 0.29016675 0.57893714 0.06142800 
46.00000000 0.00751294 0.00875538 0.00630497 0.04853025 0.29351789 0.57334066 0.06203791 
46.50000000 0.00758179 0.00891651 0.00642852 0.04982572 0.29681316 0.56779796 0.06263634 
47.00000000 0.00764889 0.00907825 0.00655265 0.05113475 0.30005146 0.56231061 0.06322340 
47.50000000 0.00771424 0.00924058 0.00667732 0.05245683 0.30323164 0.55688023 0.06379917 
48.00000000 0.00777784 0.00940349 0.00680251 0.05379149 0.30635270 0.55150827 0.06436370 
48.50000000 0.00783971 0.00956696 0.00692819 0.05513821 0.30941397 0.54619590 0.06491707 
49.00000000 0.00789983 0.00973097 0.00705434 0.05649646 0.31241506 0.54094395 0.06545939 
49.50000000 0.00795823 0.00989548 0.00718095 0.05786566 0.31535578 0.53575310 0.06599081 
50.00000000 0.00801489 0.01006046 0.00730802 0.05924519 0.31823594 0.53062398 0.06651153 
50.50000000 0.00806984 0.01022585 0.00743552 0.06063441 0.32105526 0.52555738 0.06702173 
51.00000000 0.00812307 0.01039161 0.00756344 0.06203269 0.32381333 0.52055429 0.06752156 
51.50000000 0.00817459 0.01055771 0.00769176 0.06343944 0.32650963 0.51561576 0.06801111 
52.00000000 0.00822441 0.01072410 0.00782045 0.06485407 0.32914363 0.51074291 0.06849042 
52.50000000 0.00827254 0.01089077 0.00794951 0.06627604 0.33171479 0.50593679 0.06895957 
53.00000000 0.00831898 0.01105766 0.00807894 0.06770482 0.33422251 0.50119842 0.06941867 
53.50000000 0.00836374 0.01122475 0.00820874 0.06913989 0.33666609 0.49652887 0.06986793 
54.00000000 0.00840684 0.01139197 0.00833889 0.07058076 0.33904471 0.49192924 0.07030759 
54.50000000 0.00844829 0.01155928 0.00846938 0.07202697 0.34135758 0.48740061 0.07073789 
55.00000000 0.00848811 0.01172665 0.00860018 0.07347808 0.34360407 0.48294384 0.07115907 
55.50000000 0.00852632 0.01189404 0.00873127 0.07493369 0.34578393 0.47855942 0.07157133 
56.00000000 0.00856295 0.01206143 0.00886261 0.07639342 0.34789731 0.47424742 0.07197485 
56.50000000 0.00859804 0.01222876 0.00899421 0.07785688 0.34994462 0.47000763 0.07236986 
57.00000000 0.00863163 0.01239600 0.00912604 0.07932368 0.35192629 0.46583978 0.07275658 
57.50000000 0.00866375 0.01256311 0.00925810 0.08079340 0.35384251 0.46174385 0.07313528 
58.00000000 0.00869444 0.01273004 0.00939037 0.08226563 0.35569313 0.45772021 0.07350619 
58.50000000 0.00872374 0.01289675 0.00952280 0.08373992 0.35747771 0.45376957 0.07386950 
59.00000000 0.00875167 0.01306323 0.00965539 0.08521587 0.35919570 0.44989280 0.07422534 
59.50000000 0.00877826 0.01322948 0.00978811 0.08669308 0.36084661 0.44609069 0.07457378 
60.00000000 0.00880353 0.01339547 0.00992096 0.08817113 0.36243018 0.44236378 0.07491495 
60.50000000 0.00882751 0.01356119 0.01005395 0.08964960 0.36394635 0.43871238 0.07524902 
61.00000000 0.00885023 0.01372661 0.01018709 0.09112800 0.36539523 0.43513658 0.07557625 
61.50000000 0.00887170 0.01389171 0.01032039 0.09260577 0.36677704 0.43163641 0.07589696 
62.00000000 0.00889197 0.01405645 0.01045385 0.09408226 0.36809215 0.42821183 0.07621149 
62.50000000 0.00891106 0.01422080 0.01058745 0.09555677 0.36934108 0.42486271 0.07652013 
63.00000000 0.00892902 0.01438472 0.01072119 0.09702855 0.37052458 0.42158876 0.07682317 
63.50000000 0.00894591 0.01454819 0.01085507 0.09849683 0.37164354 0.41838955 0.07712091 
64.00000000 0.00896177 0.01471117 0.01098909 0.09996087 0.37269886 0.41526457 0.07741367 
64.50000000 0.00897667 0.01487359 0.01112327 0.10141988 0.37369128 0.41221350 0.07770181 
65.00000000 0.00899065 0.01503540 0.01125762 0.10287308 0.37462128 0.40923623 0.07798573 
65.50000000 0.00900377 0.01519657 0.01139216 0.10431966 0.37548909 0.40633292 0.07826584 
66.00000000 0.00901607 0.01535705 0.01152686 0.10575885 0.37629493 0.40350377 0.07854247 
66.50000000 0.00902759 0.01551681 0.01166172 0.10718994 0.37703921 0.40074882 0.07881591 
67.00000000 0.00903837 0.01567581 0.01179677 0.10861228 0.37772270 0.39806767 0.07908640 
67.50000000 0.00904846 0.01583404 0.01193200 0.11002528 0.37834654 0.39545952 0.07935416 
68.00000000 0.00905790 0.01599146 0.01206747 0.11142836 0.37891211 0.39292325 0.07961945 
68.50000000 0.00906673 0.01614802 0.01220319 0.11282091 0.37942086 0.39045772 0.07988257 
69.00000000 0.00907498 0.01630370 0.01233919 0.11420222 0.37987409 0.38806196 0.08014385 
69.50000000 0.00908271 0.01645846 0.01247547 0.11557152 0.38027296 0.38573525 0.08040362 
70.00000000 0.00908995 0.01661227 0.01261203 0.11692801 0.38061846 0.38347712 0.08066215 
70.50000000 0.00909675 0.01676510 0.01274890 0.11827090 0.38091150 0.38128713 0.08091971 
71.00000000 0.00910316 0.01691691 0.01288607 0.11959947 0.38115295 0.37916489 0.08117654 
71.50000000 0.00910925 0.01706767 0.01302359 0.12091303 0.38134361 0.37710993 0.08143292 
72.00000000 0.00911505 0.01721734 0.01316148 0.12221095 0.38148421 0.37512181 0.08168917 
72.50000000 0.00912063 0.01736587 0.01329976 0.12349259 0.38157539 0.37320012 0.08194565 
73.00000000 0.00912603 0.01751322 0.01343843 0.12475729 0.38161784 0.37134445 0.08220274 
73.50000000 0.00913132 0.01765934 0.01357749 0.12600442 0.38161236 0.36955431 0.08246076 
74.00000000 0.00913655 0.01780422 0.01371693 0.12723342 0.38155997 0.36782893 0.08271999 
74.50000000 0.00914179 0.01794780 0.01385673 0.12844380 0.38146194 0.36616732 0.08298062 
75.00000000 0.00914711 0.01809006 0.01399690 0.12963520 0.38131963 0.36456827 0.08324283 
75.50000000 0.00915260 0.01823096 0.01413745 0.13080727 0.38113429 0.36303065 0.08350679 
76.00000000 0.00915831 0.01837046 0.01427838 0.13195964 0.38090694 0.36155357 0.08377269 
76.50000000 0.00916429 0.01850852 0.01441971 0.13309194 0.38063826 0.36013654 0.08404074 
77.00000000 0.00917061 0.01864513 0.01456142 0.13420373 0.38032864 0.35877936 0.08431111 
77.50000000 0.00917731 0.01878024 0.01470352 0.13529463 0.37997835 0.35748199 0.08458395 
78.00000000 0.00918445 0.01891385 0.01484602 0.13636433 0.37958770 0.35624428 0.08485936 
78.50000000 0.00919209 0.01904591 0.01498896 0.13741264 0.37915715 0.35506583 0.08513741 
79.00000000 0.00920029 0.01917641 0.01513236 0.13843943 0.37868735 0.35394595 0.08541822 
79.50000000 0.00920909 0.01930531 0.01527626 0.13944460 0.37817906 0.35288378 0.08570191 
80.00000000 0.00921856 0.01943256 0.01542070 0.14042800 0.37763313 0.35187838 0.08598866 
80.50000000 0.00922875 0.01955815 0.01556567 0.14138943 0.37705048 0.35092885 0.08627866 
81.00000000 0.00923972 0.01968204 0.01571117 0.14232866 0.37643205 0.35003427 0.08657208 
81.50000000 0.00925154 0.01980419 0.01585718 0.14324550 0.37577890 0.34919369 0.08686901 
82.00000000 0.00926429 0.01992459 0.01600369 0.14413978 0.37509208 0.34840606 0.08716951 
82.50000000 0.00927805 0.02004320 0.01615068 0.14501143 0.37437267 0.34767036 0.08747361 
83.00000000 0.00929288 0.02015999 0.01629817 0.14586036 0.37362157 0.34698567 0.08778136 
83.50000000 0.00930884 0.02027496 0.01644614 0.14668648 0.37283953 0.34635125 0.08809279 
84.00000000 0.00932597 0.02038810 0.01659459 0.14748964 0.37202711 0.34576662 0.08840797 
84.50000000 0.00934432 0.02049940 0.01674349 0.14826969 0.37118481 0.34523136 0.08872694 
85.00000000 0.00936391 0.02060887 0.01689281 0.14902655 0.37031322 0.34474497 0.08904967 
85.50000000 0.00938479 0.02071653 0.01704254 0.14976021 0.36941315 0.34430666 0.08937612 
86.00000000 0.00940701 0.02082239 0.01719266 0.15047078 0.36848565 0.34391532 0.08970619 
86.50000000 0.00943060 0.02092647 0.01734314 0.15115839 0.36753196 0.34356963 0.09003981 
87.00000000 0.00945561 0.02102877 0.01749396 0.15182317 0.36655333 0.34326821 0.09037694 
87.50000000 0.00948207 0.02112930 0.01764509 0.15246516 0.36555096 0.34300982 0.09071759 
88.00000000 0.00951001 0.02122808 0.01779648 0.15308435 0.36452585 0.34279343 0.09106181 
88.50000000 0.00953944 0.02132512 0.01794805 0.15368073 0.36347889 0.34261814 0.09140963 
89.00000000 0.00957042 0.02142041 0.01809976 0.15425432 0.36241090 0.34248308 0.09176111 
89.50000000 0.00960298 0.02151397 0.01825156 0.15480519 0.36132267 0.34238737 0.09211625 
90.00000000 0.00963716 0.02160581 0.01840342 0.15533343 0.36021501 0.34233006 0.09247511 
90.50000000 0.00967299 0.02169593 0.01855531 0.15583914 0.35908867 0.34231021 0.09283774 
91.00000000 0.00971048 0.02178435 0.01870724 0.15632235 0.35794435 0.34232702 0.09320421 
91.50000000 0.00974964 0.02187108 0.01885919 0.15678310 0.35678265 0.34237978 0.09357456 
92.00000000 0.00979047 0.02195616 0.01901114 0.15722147 0.35560413 0.34246781 0.09394881 
92.50000000 0.00983300 0.02203959 0.01916309 0.15763758 0.35440945 0.34259039 0.09432689 
93.00000000 0.00987725 0.02212141 0.01931503 0.15803163 0.35319936 0.34274665 0.09470867 
93.50000000 0.00992324 0.02220163 0.01946696 0.15840383 0.35197469 0.34293565 0.09509400 
94.00000000 0.00997100 0.02228025 0.01961888 0.15875439 0.35073631 0.34315645 0.09548273 
94.50000000 0.01002054 0.02235729 0.01977082 0.15908343 0.34948492 0.34340829 0.09587471 
95.00000000 0.01007186 0.02243277 0.01992278 0.15939106 0.34822102 0.34369065 0.09626986 
95.50000000 0.01012496 0.02250670 0.02007476 0.15967737 0.34694493 0.34400320 0.09666807 
96.00000000 0.01017982 0.02257910 0.02022675 0.15994253 0.34565686 0.34434566 0.09706928 
96.50000000 0.01023646 0.02264999 0.02037872 0.16018673 0.34435706 0.34471762 0.09747341 
97.00000000 0.01029489 0.02271940 0.02053067 0.16041020 0.34304595 0.34511846 0.09788042 
97.50000000 0.01035512 0.02278735 0.02068258 0.16061316 0.34172416 0.34554732 0.09829032 
98.00000000 0.01041715 0.02285386 0.02083444 0.16079577 0.34039242 0.34600320 0.09870315 
98.50000000 0.01048100 0.02291895 0.02098624 0.16095818 0.33905153 0.34648510 0.09911899 
99.00000000 0.01054666 0.02298266 0.02113794 0.16110054 0.33770225 0.34699201 0.09953793 
99.50000000 0.01061414 0.02304500 0.02128952 0.16122306 0.33634529 0.34752298 0.09996001 
100.00000000 0.01068344 0.02310599 0.02144094 0.16132597 0.33498139 0.34807704 0.10038522 
100.50000000 0.01075461 0.02316564 0.02159218 0.16140949 0.33361133 0.34865319 0.10081354 
101.00000000 0.01082766 0.02322396 0.02174324 0.16147380 0.33223597 0.34925043 0.10124493 
101.50000000 0.01090261 0.02328096 0.02189414 0.16151896 0.33085616 0.34986783 0.10167934 
102.00000000 0.01097946 0.02333664 0.02204492 0.16154497 0.32947265 0.35050463 0.10211674 
102.50000000 0.01105817 0.02339105 0.02219560 0.16155184 0.32808603 0.35116024 0.10255707 
103.00000000 0.01113872 0.02344420 0.02234624 0.16153967 0.32669674 0.35183419 0.10300024 
103.50000000 0.01122109 0.02349613 0.02249685 0.16150862 0.32530519 0.35252598 0.10344614 
104.00000000 0.01130525 0.02354685 0.02264748 0.16145892 0.32391189 0.35323495 0.10389466 
104.50000000 0.01139119 0.02359639 0.02279814 0.16139081 0.32251754 0.35396020 0.10434573 
105.00000000 0.01147889 0.02364476 0.02294887 0.16130444 0.32112301 0.35470069 0.10479933 
105.50000000 0.01156835 0.02369198 0.02309970 0.16119995 0.31972923 0.35545531 0.10525549 
106.00000000 0.01165953 0.02373805 0.02325064 0.16107747 0.31833700 0.35622303 0.10571429 
106.50000000 0.01175239 0.02378301 0.02340171 0.16093723 0.31694694 0.35700297 0.10617575 
107.00000000 0.01184692 0.02382687 0.02355289 0.16077957 0.31555952 0.35779436 0.10663988 
107.50000000 0.01194309 0.02386965 0.02370418 0.16060486 0.31417513 0.35859646 0.10710663 
108.00000000 0.01204089 0.02391138 0.02385558 0.16041350 0.31279421 0.35940848 0.10757596 
108.50000000 0.01214031 0.02395210 0.02400710 0.16020576 0.31141732 0.36022962 0.10804779 
109.00000000 0.01224132 0.02399185 0.02415880 0.15998186 0.31004504 0.36105906 0.10852207 
109.50000000 0.01234387 0.02403070 0.02431072 0.15974197 0.30867795 0.36189610 0.10899867 
110.00000000 0.01244793 0.02406872 0.02446292 0.15948633 0.30731652 0.36274011 0.10947747 
110.50000000 0.01255344 0.02410599 0.02461541 0.15921531 0.30596113 0.36359051 0.10995821 
111.00000000 0.01266036 0.02414256 0.02476824 0.15892935 0.30461220 0.36444664 0.11044065 
111.50000000 0.01276865 0.02417851 0.02492140 0.15862894 0.30327027 0.36530774 0.11092449 
112.00000000 0.01287830 0.02421388 0.02507491 0.15831450 0.30193599 0.36617291 0.11140951 
112.50000000 0.01298928 0.02424872 0.02522879 0.15798636 0.30061012 0.36704122 0.11189552 
113.00000000 0.01310155 0.02428307 0.02538303 0.15764481 0.29929338 0.36791180 0.11238237 
113.50000000 0.01321507 0.02431697 0.02553764 0.15729014 0.29798628 0.36878396 0.11286995 
114.00000000 0.01332978 0.02435048 0.02569260 0.15692275 0.29668914 0.36965717 0.11335809 
114.50000000 0.01344563 0.02438361 0.02584786 0.15654315 0.29540216 0.37053095 0.11384664 
115.00000000 0.01356258 0.02441640 0.02600341 0.15615186 0.29412553 0.37140478 0.11433543 
115.50000000 0.01368061 0.02444888 0.02615921 0.15574936 0.29285958 0.37227801 0.11482434 
116.00000000 0.01379967 0.02448108 0.02631527 0.15533601 0.29160480 0.37314984 0.11531333 
116.50000000 0.01391974 0.02451302 0.02647160 0.15491206 0.29036176 0.37401946 0.11580235 
117.00000000 0.01404077 0.02454475 0.02662824 0.15447775 0.28913104 0.37488605 0.11629141 
117.50000000 0.01416273 0.02457629 0.02678519 0.15403337 0.28791309 0.37574889 0.11678043 
118.00000000 0.01428558 0.02460769 0.02694247 0.15357936 0.28670826 0.37660735 0.11726929 
118.50000000 0.01440931 0.02463896 0.02710008 0.15311622 0.28551686 0.37746077 0.11775779 
119.00000000 0.01453390 0.02467014 0.02725802 0.15264449 0.28433920 0.37830852 0.11824574 
119.50000000 0.01465934 0.02470124 0.02741632 0.15216462 0.28317562 0.37914995 0.11873290 
120.00000000 0.01478562 0.02473231 0.02757501 0.15167700 0.28202647 0.37998452 0.11921908 
120.50000000 0.01491270 0.02476336 0.02773413 0.15118201 0.28089193 0.38081184 0.11970402 
121.00000000 0.01504056 0.02479446 0.02789374 0.15068008 0.27977204 0.38163167 0.12018745 
121.50000000 0.01516914 0.02482564 0.02805386 0.15017180 0.27866667 0.38244388 0.12066902 
122.00000000 0.01529842 0.02485694 0.02821450 0.14965786 0.27757562 0.38324830 0.12114836 
122.50000000 0.01542834 0.02488841 0.02837568 0.14913903 0.27649878 0.38404465 0.12162512 
123.00000000 0.01555888 0.02492009 0.02853741 0.14861602 0.27543613 0.38483247 0.12209900 
123.50000000 0.01569002 0.02495204 0.02869971 0.14808945 0.27438778 0.38561121 0.12256979 
124.00000000 0.01582173 0.02498428 0.02886258 0.14755987 0.27335383 0.38638035 0.12303736 
124.50000000 0.01595398 0.02501687 0.02902604 0.14702778 0.27233429 0.38713949 0.12350155 
125.00000000 0.01608675 0.02504982 0.02919007 0.14649372 0.27132902 0.38788841 0.12396221 
125.50000000 0.01622002 0.02508316 0.02935463 0.14595833 0.27033777 0.38862698 0.12441912 
126.00000000 0.01635377 0.02511689 0.02951970 0.14542222 0.26936028 0.38935512 0.12487203 
126.50000000 0.01648799 0.02515103 0.02968527 0.14488600 0.26839632 0.39007272 0.12532067 
127.00000000 0.01662266 0.02518558 0.02985136 0.14435013 0.26744582 0.39077966 0.12576479 
127.50000000 0.01675776 0.02522055 0.03001801 0.14381497 0.26650874 0.39147583 0.12620413 
128.00000000 0.01689328 0.02525596 0.03018528 0.14328083 0.26558507 0.39216116 0.12663841 
128.50000000 0.01702919 0.02529182 0.03035319 0.14274805 0.26467479 0.39283566 0.12706731 
129.00000000 0.01716545 0.02532815 0.03052177 0.14221704 0.26377782 0.39349931 0.12749047 
129.50000000 0.01730202 0.02536497 0.03069103 0.14168829 0.26289415 0.39415201 0.12790753 
130.00000000 0.01743889 0.02540231 0.03086096 0.14116230 0.26202385 0.39479351 0.12831817 
130.50000000 0.01757603 0.02544019 0.03103158 0.14063949 0.26116708 0.39542346 0.12872217 
131.00000000 0.01771341 0.02547862 0.03120288 0.14012018 0.26032405 0.39604147 0.12911940 
131.50000000 0.01785102 0.02551760 0.03137488 0.13960461 0.25949491 0.39664722 0.12950975 
132.00000000 0.01798885 0.02555716 0.03154759 0.13909302 0.25867972 0.39724053 0.12989314 
132.50000000 0.01812688 0.02559726 0.03172102 0.13858571 0.25787842 0.39782127 0.13026943 
133.00000000 0.01826508 0.02563792 0.03189521 0.13808308 0.25709091 0.39838932 0.13063847 
133.50000000 0.01840343 0.02567913 0.03207020 0.13758557 0.25631716 0.39894446 0.13100006 
134.00000000 0.01854191 0.02572087 0.03224604 0.13709362 0.25555722 0.39948631 0.13135403 
134.50000000 0.01868050 0.02576317 0.03242283 0.13660759 0.25481127 0.40001438 0.13170026 
135.00000000 0.01881918 0.02580605 0.03260065 0.13612777 0.25407952 0.40052817 0.13203867 
135.50000000 0.01895790 0.02584952 0.03277957 0.13565439 0.25336217 0.40102723 0.13236922 
136.00000000 0.01909664 0.02589361 0.03295963 0.13518771 0.25265938 0.40151119 0.13269184 
136.50000000 0.01923536 0.02593836 0.03314082 0.13472800 0.25197120 0.40197977 0.13300650 
137.00000000 0.01937400 0.02598378 0.03332312 0.13427557 0.25129768 0.40243269 0.13331316 
137.50000000 0.01951252 0.02602991 0.03350650 0.13383072 0.25063884 0.40286964 0.13361187 
138.00000000 0.01965089 0.02607676 0.03369095 0.13339365 0.24999470 0.40329033 0.13390272 
138.50000000 0.01978905 0.02612436 0.03387644 0.13296453 0.24936525 0.40369452 0.13418585 
139.00000000 0.01992699 0.02617270 0.03406299 0.13254347 0.24875042 0.40408206 0.13446137 
139.50000000 0.02006467 0.02622179 0.03425059 0.13213064 0.24815011 0.40445283 0.13472937 
140.00000000 0.02020204 0.02627162 0.03443923 0.13172630 0.24756419 0.40480677 0.13498985 
140.50000000 0.02033909 0.02632218 0.03462891 0.13133077 0.24699261 0.40514367 0.13524276 
141.00000000 0.02047578 0.02637349 0.03481962 0.13094442 0.24643541 0.40546322 0.13548806 
141.50000000 0.02061208 0.02642554 0.03501134 0.13056753 0.24589277 0.40576500 0.13572574 
142.00000000 0.02074799 0.02647834 0.03520405 0.13020032 0.24536490 0.40604854 0.13595586 
142.50000000 0.02088349 0.02653189 0.03539772 0.12984288 0.24485201 0.40631348 0.13617853 
143.00000000 0.02101855 0.02658622 0.03559230 0.12949524 0.24435423 0.40655960 0.13639387 
143.50000000 0.02115317 0.02664131 0.03578769 0.12915740 0.24387158 0.40678685 0.13660201 
144.00000000 0.02128731 0.02669719 0.03598382 0.12882941 0.24340399 0.40699526 0.13680303 
144.50000000 0.02142094 0.02675385 0.03618059 0.12851135 0.24295139 0.40718487 0.13699702 
145.00000000 0.02155402 0.02681131 0.03637796 0.12820329 0.24251367 0.40735569 0.13718406 
145.50000000 0.02168652 0.02686959 0.03657588 0.12790532 0.24209080 0.40750765 0.13736424 
146.00000000 0.02181839 0.02692872 0.03677435 0.12761747 0.24168272 0.40764068 0.13753766 
146.50000000 0.02194960 0.02698873 0.03697335 0.12733980 0.24128940 0.40775474 0.13770438 
147.00000000 0.02208008 0.02704966 0.03717285 0.12707236 0.24091081 0.40784981 0.13786444 
147.50000000 0.02220977 0.02711156 0.03737279 0.12681524 0.24054694 0.40792584 0.13801786 
148.00000000 0.02233863 0.02717450 0.03757312 0.12656853 0.24019783 0.40798269 0.13816470 
148.50000000 0.02246657 0.02723853 0.03777377 0.12633226 0.23986360 0.40802016 0.13830510 
149.00000000 0.02259356 0.02730370 0.03797468 0.12610637 0.23954437 0.40803800 0.13843932 
149.50000000 0.02271954 0.02737005 0.03817580 0.12589071 0.23924018 0.40803601 0.13856770 
150.00000000 0.02284450 0.02743761 0.03837707 0.12568506 0.23895095 0.40801419 0.13869062 
150.50000000 0.02296839 0.02750638 0.03857845 0.12548921 0.23867640 0.40797268 0.13880849 
151.00000000 0.02309119 0.02757638 0.03877990 0.12530301 0.23841609 0.40791181 0.13892161 
151.50000000 0.02321286 0.02764760 0.03898140 0.12512637 0.23816956 0.40783195 0.13903026 
152.00000000 0.02333339 0.02772005 0.03918291 0.12495927 0.23793634 0.40773341 0.13913463 
152.50000000 0.02345275 0.02779374 0.03938443 0.12480172 0.23771608 0.40761639 0.13923489 
153.00000000 0.02357093 0.02786866 0.03958595 0.12465371 0.23750855 0.40748103 0.13933118 
153.50000000 0.02368790 0.02794485 0.03978744 0.12451519 0.23731358 0.40732743 0.13942361 
154.00000000 0.02380365 0.02802233 0.03998885 0.12438611 0.23713105 0.40715572 0.13951229 
154.50000000 0.02391814 0.02810114 0.04019011 0.12426637 0.23696088 0.40696607 0.13959730 
155.00000000 0.02403133 0.02818131 0.04039110 0.12415589 0.23680301 0.40675864 0.13967872 
155.50000000 0.02414318 0.02826288 0.04059171 0.12405457 0.23665744 0.40653351 0.13975671 
156.00000000 0.02425365 0.02834588 0.04079185 0.12396231 0.23652420 0.40629066 0.13983146 
156.50000000 0.02436272 0.02843032 0.04099143 0.12387898 0.23640331 0.40602999 0.13990324 
157.00000000 0.02447038 0.02851622 0.04119042 0.12380446 0.23629474 0.40575142 0.13997236 
157.50000000 0.02457662 0.02860355 0.04138878 0.12373866 0.23619835 0.40545494 0.14003910 
158.00000000 0.02468142 0.02869232 0.04158651 0.12368154 0.23611392 0.40514059 0.14010369 
158.50000000 0.02478479 0.02878251 0.04178361 0.12363312 0.23604126 0.40480843 0.14016628 
159.00000000 0.02488671 0.02887410 0.04198010 0.12359343 0.23598029 0.40445841 0.14022696 
159.50000000 0.02498721 0.02896708 0.04217597 0.12356245 0.23593111 0.40409035 0.14028583 
160.00000000 0.02508628 0.02906143 0.04237123 0.12354012 0.23589402 0.40370392 0.14034300 
160.50000000 0.02518395 0.02915713 0.04256589 0.12352625 0.23586939 0.40329878 0.14039862 
161.00000000 0.02528021 0.02925417 0.04275991 0.12352056 0.23585754 0.40287471 0.14045291 
161.50000000 0.02537507 0.02935255 0.04295325 0.12352272 0.23585868 0.40243167 0.14050607 
162.00000000 0.02546849 0.02945227 0.04314585 0.12353237 0.23587284 0.40196985 0.14055833 
162.50000000 0.02556045 0.02955336 0.04333761 0.12354915 0.23589994 0.40148959 0.14060991 
163.00000000 0.02565093 0.02965581 0.04352847 0.12357273 0.23593978 0.40099125 0.14066103 
163.50000000 0.02573990 0.02975965 0.04371835 0.12360281 0.23599214 0.40047520 0.14071195 
164.00000000 0.02582733 0.02986489 0.04390723 0.12363910 0.23605677 0.39994181 0.14076287 
164.50000000 0.02591320 0.02997154 0.04409509 0.12368138 0.23613333 0.39939147 0.14081400 
165.00000000 0.02599749 0.03007964 0.04428193 0.12372945 0.23622145 0.39882460 0.14086545 
165.50000000 0.02608015 0.03018922 0.04446772 0.12378319 0.23632077 0.39824168 0.14091727 
166.00000000 0.02616116 0.03030031 0.04465246 0.12384252 0.23643103 0.39764307 0.14096947 
166.50000000 0.02624049 0.03041294 0.04483611 0.12390732 0.23655213 0.39702900 0.14102202 
167.00000000 0.02631813 0.03052712 0.04501864 0.12397744 0.23668417 0.39639952 0.14107497 
167.50000000 0.02639411 0.03064283 0.04520005 0.12405265 0.23682737 0.39575457 0.14112840 
168.00000000 0.02646845 0.03076005 0.04538031 0.12413266 0.23698191 0.39509414 0.14118249 
168.50000000 0.02654116 0.03087874 0.04555942 0.12421711 0.23714778 0.39441838 0.14123741 
169.00000000 0.02661229 0.03099885 0.04573734 0.12430566 0.23732482 0.39372770 0.14129334 
169.50000000 0.02668187 0.03112034 0.04591409 0.12439800 0.23751265 0.39302265 0.14135041 
170.00000000 0.02674991 0.03124313 0.04608964 0.12449386 0.23771086 0.39230388 0.14140872 
170.50000000 0.02681647 0.03136717 0.04626402 0.12459300 0.23791910 0.39157192 0.14146833 
171.00000000 0.02688158 0.03149239 0.04643727 0.12469519 0.23813707 0.39082724 0.14152926 
171.50000000 0.02694530 0.03161874 0.04660946 0.12480019 0.23836458 0.39007020 0.14159154 
172.00000000 0.02700765 0.03174616 0.04678065 0.12490781 0.23860142 0.38930116 0.14165515 
172.50000000 0.02706867 0.03187462 0.04695089 0.12501787 0.23884737 0.38852053 0.14172004 
173.00000000 0.02712836 0.03200411 0.04712020 0.12513025 0.23910217 0.38772875 0.14178615 
173.50000000 0.02718676 0.03213460 0.04728860 0.12524482 0.23936557 0.38692625 0.14185340 
174.00000000 0.02724388 0.03226607 0.04745609 0.12536144 0.23963733 0.38611340 0.14192179 
174.50000000 0.02729976 0.03239847 0.04762270 0.12547992 0.23991723 0.38529053 0.14199139 
175.00000000 0.02735445 0.03253176 0.04778846 0.12560001 0.24020494 0.38445806 0.14206232 
175.50000000 0.02740801 0.03266586 0.04795343 0.12572145 0.24049996 0.38361652 0.14213476 
176.00000000 0.02746049 0.03280071 0.04811767 0.12584396 0.24080160 0.38276670 0.14220887 
176.50000000 0.02751191 0.03293624 0.04828123 0.12596735 0.24110900 0.38190952 0.14228475 
177.00000000 0.02756230 0.03307238 0.04844417 0.12609148 0.24142131 0.38104590 0.14236246 
177.50000000 0.02761169 0.03320910 0.04860652 0.12621625 0.24173781 0.38017663 0.14244201 
178.00000000 0.02766010 0.03334632 0.04876835 0.12634157 0.24205802 0.37930225 0.14252340 
178.50000000 0.02770756 0.03348400 0.04892968 0.12646731 0.24238171 0.37842309 0.14260666 
179.00000000 0.02775409 0.03362210 0.04909054 0.12659330 0.24270884 0.37753934 0.14269180 
179.50000000 0.02779971 0.03376058 0.04925093 0.12671932 0.24303940 0.37665123 0.14277883 
180.00000000 0.02784443 0.03389945 0.04941079 0.12684516 0.24337336 0.37575905 0.14286776 
180.50000000 0.02788824 0.03403868 0.04957007 0.12697059 0.24371068 0.37486320 0.14295854 
181.00000000 0.02793115 0.03417827 0.04972869 0.12709540 0.24405126 0.37396408 0.14305115 
181.50000000 0.02797316 0.03431820 0.04988660 0.12721936 0.24439505 0.37306208 0.14314555 
182.00000000 0.02801428 0.03445845 0.05004381 0.12734219 0.24474195 0.37215758 0.14324173 
182.50000000 0.02805453 0.03459898 0.05020034 0.12746365 0.24509183 0.37125098 0.14333969 
183.00000000 0.02809392 0.03473974 0.05035625 0.12758349 0.24544445 0.37034279 0.14343936 
183.50000000 0.02813246 0.03488070 0.05051160 0.12770152 0.24579949 0.36943358 0.14354065 
184.00000000 0.02817015 0.03502181 0.05066647 0.12781767 0.24615660 0.36852393 0.14364337 
184.50000000 0.02820699 0.03516306 0.05082091 0.12793190 0.24651553 0.36761427 0.14374734 
185.00000000 0.02824299 0.03530441 0.05097499 0.12804425 0.24687617 0.36670480 0.14385238 
185.50000000 0.02827819 0.03544582 0.05112875 0.12815472 0.24723861 0.36579553 0.14395838 
186.00000000 0.02831261 0.03558723 0.05128225 0.12826326 0.24760299 0.36488634 0.14406531 
186.50000000 0.02834633 0.03572859 0.05143550 0.12836979 0.24796941 0.36397721 0.14417317 
187.00000000 0.02837938 0.03586984 0.05158853 0.12847418 0.24833781 0.36306825 0.14428201 
187.50000000 0.02841180 0.03601090 0.05174131 0.12857633 0.24870797 0.36215980 0.14439189 
188.00000000 0.02844363 0.03615174 0.05189383 0.12867615 0.24907950 0.36125230 0.14450285 
188.50000000 0.02847487 0.03629230 0.05204610 0.12877363 0.24945200 0.36034615 0.14461494 
189.00000000 0.02850556 0.03643253 0.05219815 0.12886876 0.24982510 0.35944167 0.14472823 
189.50000000 0.02853572 0.03657238 0.05235005 0.12896155 0.25019849 0.35853904 0.14484277 
190.00000000 0.02856537 0.03671180 0.05250188 0.12905204 0.25057192 0.35763838 0.14495860 
190.50000000 0.02859455 0.03685077 0.05265373 0.12914026 0.25094515 0.35673983 0.14507571 
191.00000000 0.02862327 0.03698927 0.05280568 0.12922629 0.25131798 0.35584353 0.14519400 
191.50000000 0.02865155 0.03712727 0.05295776 0.12931021 0.25169026 0.35494962 0.14531334 
192.00000000 0.02867943 0.03726478 0.05311000 0.12939213 0.25206192 0.35405815 0.14543359 
192.50000000 0.02870695 0.03740177 0.05326243 0.12947210 0.25243302 0.35316910 0.14555463 
193.00000000 0.02873416 0.03753821 0.05341506 0.12955013 0.25280365 0.35228239 0.14567640 
193.50000000 0.02876115 0.03767406 0.05356791 0.12962612 0.25317386 0.35139803 0.14579888 
194.00000000 0.02878798 0.03780924 0.05372098 0.12969991 0.25354361 0.35051619 0.14592208 
194.50000000 0.02881472 0.03794371 0.05387430 0.12977135 0.25391270 0.34963723 0.14604599 
195.00000000 0.02884141 0.03807741 0.05402787 0.12984029 0.25428080 0.34876164 0.14617058 
195.50000000 0.02886811 0.03821028 0.05418167 0.12990663 0.25464759 0.34788989 0.14629583 
196.00000000 0.02889485 0.03834228 0.05433571 0.12997036 0.25501280 0.34702231 0.14642170 
196.50000000 0.02892167 0.03847337 0.05448999 0.13003147 0.25537623 0.34615905 0.14654823 
197.00000000 0.02894862 0.03860351 0.05464453 0.13008999 0.25573778 0.34530012 0.14667545 
197.50000000 0.02897576 0.03873266 0.05479930 0.13014597 0.25609733 0.34444551 0.14680345 
198.00000000 0.02900312 0.03886081 0.05495431 0.13019949 0.25645471 0.34359527 0.14693228 
198.50000000 0.02903075 0.03898793 0.05510950 0.13025066 0.25680963 0.34274957 0.14706196 
199.00000000 0.02905865 0.03911399 0.05526483 0.13029965 0.25716174 0.34190865 0.14719249 
199.50000000 0.02908685 0.03923896 0.05542025 0.13034666 0.25751063 0.34107280 0.14732385 
200.00000000 0.02911535 0.03936282 0.05557572 0.13039191 0.25785588 0.34024227 0.14745604 
200.50000000 0.02914418 0.03948553 0.05573126 0.13043559 0.25819706 0.33941733 0.14758906 
201.00000000 0.02917334 0.03960706 0.05588689 0.13047787 0.25853372 0.33859825 0.14772287 
201.50000000 0.02920283 0.03972740 0.05604263 0.13051894 0.25886539 0.33778539 0.14785743 
202.00000000 0.02923265 0.03984655 0.05619852 0.13055901 0.25919157 0.33697912 0.14799258 
202.50000000 0.02926279 0.03996451 0.05635458 0.13059837 0.25951179 0.33617979 0.14812817 
203.00000000 0.02929324 0.04008130 0.05651082 0.13063731 0.25982570 0.33538761 0.14826402 
203.50000000 0.02932398 0.04019695 0.05666724 0.13067618 0.26013303 0.33460265 0.14839997 
204.00000000 0.02935502 0.04031148 0.05682382 0.13071528 0.26043364 0.33382480 0.14853597 
204.50000000 0.02938638 0.04042492 0.05698053 0.13075487 0.26072738 0.33305396 0.14867197 
205.00000000 0.02941806 0.04053729 0.05713733 0.13079518 0.26101408 0.33229008 0.14880797 
205.50000000 0.02945009 0.04064861 0.05729415 0.13083647 0.26129344 0.33153328 0.14894395 
206.00000000 0.02948248 0.04075889 0.05745091 0.13087899 0.26156505 0.33078383 0.14907986 
206.50000000 0.02951523 0.04086812 0.05760754 0.13092299 0.26182842 0.33004211 0.14921560 
207.00000000 0.02954835 0.04097629 0.05776397 0.13096873 0.26208308 0.32930850 0.14935108 
207.50000000 0.02958188 0.04108339 0.05792017 0.13101639 0.26232860 0.32858337 0.14948621 
208.00000000 0.02961583 0.04118941 0.05807611 0.13106611 0.26256463 0.32786701 0.14962090 
208.50000000 0.02965027 0.04129433 0.05823181 0.13111797 0.26279093 0.32715966 0.14975504 
209.00000000 0.02968522 0.04139814 0.05838727 0.13117204 0.26300728 0.32646153 0.14988852 
209.50000000 0.02972076 0.04150082 0.05854252 0.13122841 0.26321354 0.32577279 0.15002117 
210.00000000 0.02975693 0.04160232 0.05869754 0.13128717 0.26340961 0.32509358 0.15015284 
210.50000000 0.02979380 0.04170261 0.05885233 0.13134846 0.26359545 0.32442392 0.15028343 
211.00000000 0.02983141 0.04180163 0.05900689 0.13141235 0.26377106 0.32376379 0.15041287 
211.50000000 0.02986982 0.04189935 0.05916119 0.13147890 0.26393646 0.32311315 0.15054114 
212.00000000 0.02990909 0.04199571 0.05931522 0.13154811 0.26409167 0.32247197 0.15066823 
212.50000000 0.02994926 0.04209068 0.05946894 0.13162001 0.26423668 0.32184030 0.15079414 
213.00000000 0.02999037 0.04218422 0.05962232 0.13169459 0.26437146 0.32121825 0.15091880 
213.50000000 0.03003244 0.04227631 0.05977531 0.13177189 0.26449595 0.32060596 0.15104214 
214.00000000 0.03007550 0.04236692 0.05992788 0.13185196 0.26461017 0.32000355 0.15116402 
214.50000000 0.03011955 0.04245605 0.06008002 0.13193479 0.26471416 0.31941107 0.15128435 
215.00000000 0.03016460 0.04254371 0.06023171 0.13202038 0.26480809 0.31882849 0.15140302 
215.50000000 0.03021066 0.04262991 0.06038297 0.13210866 0.26489216 0.31825571 0.15151993 
216.00000000 0.03025770 0.04271470 0.06053385 0.13219957 0.26496657 0.31769259 0.15163502 
216.50000000 0.03030572 0.04279812 0.06068437 0.13229311 0.26503148 0.31713902 0.15174819 
217.00000000 0.03035468 0.04288019 0.06083456 0.13238929 0.26508696 0.31659493 0.15185939 
217.50000000 0.03040454 0.04296096 0.06098445 0.13248818 0.26513299 0.31606029 0.15196858 
218.00000000 0.03045527 0.04304045 0.06113408 0.13258985 0.26516945 0.31553514 0.15207577 
218.50000000 0.03050682 0.04311868 0.06128347 0.13269435 0.26519616 0.31501952 0.15218101 
219.00000000 0.03055916 0.04319568 0.06143266 0.13280169 0.26521294 0.31451350 0.15228438 
219.50000000 0.03061226 0.04327150 0.06158166 0.13291185 0.26521959 0.31401716 0.15238599 
220.00000000 0.03066611 0.04334616 0.06173048 0.13302482 0.26521597 0.31353053 0.15248594 
